59.603661 40.500000 1.000000 1.000000 -0.000000 -0.000000 1 1
59.598774 40.500000 1.000000 1.000000 -0.000000 -0.000000 1 1
61.447578 40.500000 1.000000 1.000000 -0.000000 -0.000000 1 1
62.512066 40.500000 1.000000 1.000000 -0.000000 -0.000000 1 1
63.559292 40.500000 1.000000 1.000000 -0.000000 -0.000000 1 1
65.482468 40.500000 1.000000 1.000000 -0.000000 -0.000000 1 1
66.463409 40.500000 1.000000 1.000000 -0.000000 -0.000000 1 1
66.479866 40.500000 1.000000 1.000000 -0.000000 -0.000000 1 1
66.509964 40.500000 1.000000 1.000000 -0.000000 -0.000000 1 1
66.551323 40.500000 1.000000 1.000000 -0.000000 -0.000000 1 1
67.453827 40.500000 1.000000 1.000000 -0.000000 -0.000000 1 1
67.517258 40.500000 1.000000 1.000000 -0.000000 -0.000000 1 1
68.438080 40.500000 1.000000 1.000000 -0.000000 -0.000000 1 1
68.516266 40.500000 1.000000 1.000000 -0.000000 -0.000000 1 1
69.457550 40.500000 1.000000 1.000000 -0.000000 -0.000000 1 1
69.558342 40.500000 1.000000 1.000000 -0.000000 -0.000000 1 1
70.537529 40.500000 1.000000 1.000000 -0.000000 -0.000000 1 1
71.539322 40.500000 1.000000 1.000000 -0.000000 -0.000000 1 1
73.443054 40.500000 1.000000 1.000000 -0.000000 -0.000000 1 1
74.513916 40.500000 1.000000 1.000000 -0.000000 -0.000000 1 1
76.524925 40.500000 1.000000 1.000000 -0.000000 -0.000000 1 1
79.519135 40.500000 1.000000 1.000000 -0.000000 -0.000000 1 1
83.413307 40.500000 1.000000 1.000000 -0.000000 -0.000000 1 1
86.466812 40.500000 1.000000 1.000000 -0.000000 -0.000000 1 1
91.538002 40.500000 1.000000 1.000000 -0.000000 -0.000000 1 1
