99.435333 40.500000 1.000000 1.000000 -0.000000 -0.000000 1 3
110.447426 40.500000 1.000000 1.000000 -0.000000 -0.000000 1 3
118.427353 40.500000 1.000000 1.000000 -0.000000 -0.000000 1 3
123.494217 40.500000 1.000000 1.000000 -0.000000 -0.000000 1 3
127.000000 40.500000 1.000000 1.000000 -0.000000 -0.000000 1 3
129.488708 40.500000 1.000000 1.000000 -0.000000 -0.000000 1 3
131.449326 40.500000 1.000000 1.000000 -0.000000 -0.000000 1 3
132.580017 40.500000 1.000000 1.000000 -0.000000 -0.000000 1 3
134.385422 40.500000 1.000000 1.000000 -0.000000 -0.000000 1 3
135.400726 40.500000 1.000000 1.000000 -0.000000 -0.000000 1 3
136.390549 40.500000 1.000000 1.000000 -0.000000 -0.000000 1 3
136.572205 40.500000 1.000000 1.000000 -0.000000 -0.000000 1 3
137.526474 40.500000 1.000000 1.000000 -0.000000 -0.000000 1 3
138.471085 40.500000 1.000000 1.000000 -0.000000 -0.000000 1 3
139.415710 40.500000 1.000000 1.000000 -0.000000 -0.000000 1 3
139.545197 40.500000 1.000000 1.000000 -0.000000 -0.000000 1 3
140.475586 40.500000 1.000000 1.000000 -0.000000 -0.000000 1 3
141.412338 40.500000 1.000000 1.000000 -0.000000 -0.000000 1 3
141.519455 40.500000 1.000000 1.000000 -0.000000 -0.000000 1 3
142.449036 40.500000 1.000000 1.000000 -0.000000 -0.000000 1 1
142.551102 40.500000 1.000000 1.000000 -0.000000 -0.000000 1 1
143.472565 40.500000 1.000000 1.000000 -0.000000 -0.000000 1 1
143.562531 40.500000 1.000000 1.000000 -0.000000 -0.000000 1 1
144.477921 40.500000 1.000000 1.000000 -0.000000 -0.000000 1 1
144.559952 40.500000 1.000000 1.000000 -0.000000 -0.000000 1 1
145.469299 40.500000 1.000000 1.000000 -0.000000 -0.000000 1 1
145.548141 40.500000 1.000000 1.000000 -0.000000 -0.000000 1 1
146.451859 40.500000 1.000000 1.000000 -0.000000 -0.000000 1 1
146.528519 40.500000 1.000000 1.000000 -0.000000 -0.000000 1 1
147.430328 40.500000 1.000000 1.000000 -0.000000 -0.000000 1 1
147.501694 40.500000 1.000000 1.000000 -0.000000 -0.000000 1 1
147.567856 40.500000 1.000000 1.000000 -0.000000 -0.000000 1 1
148.467377 40.500000 1.000000 1.000000 -0.000000 -0.000000 1 1
148.537857 40.500000 1.000000 1.000000 -0.000000 -0.000000 1 1
149.429184 40.500000 1.000000 1.000000 -0.000000 -0.000000 1 1
149.494492 40.500000 1.000000 1.000000 -0.000000 -0.000000 1 1
149.558167 40.500000 1.000000 1.000000 -0.000000 -0.000000 1 1
150.447449 40.500000 1.000000 1.000000 -0.000000 -0.000000 1 1
150.512451 40.500000 1.000000 1.000000 -0.000000 -0.000000 1 1
150.569702 40.500000 1.000000 1.000000 -0.000000 -0.000000 1 1
151.461212 40.500000 1.000000 1.000000 -0.000000 -0.000000 1 1
151.524872 40.500000 1.000000 1.000000 -0.000000 -0.000000 1 1
152.417145 40.500000 1.000000 1.000000 -0.000000 -0.000000 1 1
152.471573 40.500000 1.000000 1.000000 -0.000000 -0.000000 1 1
152.533600 40.500000 1.000000 1.000000 -0.000000 -0.000000 1 1
153.423798 40.500000 1.000000 1.000000 -0.000000 -0.000000 1 1
153.479263 40.500000 1.000000 1.000000 -0.000000 -0.000000 1 1
153.539795 40.500000 1.000000 1.000000 -0.000000 -0.000000 1 1
154.429062 40.500000 1.000000 1.000000 -0.000000 -0.000000 1 1
154.485092 40.500000 1.000000 1.000000 -0.000000 -0.000000 1 1
154.544403 40.500000 1.000000 1.000000 -0.000000 -0.000000 1 1
155.433380 40.500000 1.000000 1.000000 -0.000000 -0.000000 1 1
155.489883 40.500000 1.000000 1.000000 -0.000000 -0.000000 1 1
155.548233 40.500000 1.000000 1.000000 -0.000000 -0.000000 1 1
156.437363 40.500000 1.000000 1.000000 -0.000000 -0.000000 1 1
156.494385 40.500000 1.000000 1.000000 -0.000000 -0.000000 1 1
156.551987 40.500000 1.000000 1.000000 -0.000000 -0.000000 1 1
157.441589 40.500000 1.000000 1.000000 -0.000000 -0.000000 1 1
157.499374 40.500000 1.000000 1.000000 -0.000000 -0.000000 1 1
157.556229 40.500000 1.000000 1.000000 -0.000000 -0.000000 1 1
158.446716 40.500000 1.000000 1.000000 -0.000000 -0.000000 1 1
158.505508 40.500000 1.000000 1.000000 -0.000000 -0.000000 1 1
158.561432 40.500000 1.000000 1.000000 -0.000000 -0.000000 1 1
159.453384 40.500000 1.000000 1.000000 -0.000000 -0.000000 1 1
159.513382 40.500000 1.000000 1.000000 -0.000000 -0.000000 1 1
159.567886 40.500000 1.000000 1.000000 -0.000000 -0.000000 1 1
160.462296 40.500000 1.000000 1.000000 -0.000000 -0.000000 1 1
160.523499 40.500000 1.000000 1.000000 -0.000000 -0.000000 1 1
161.421021 40.500000 1.000000 1.000000 -0.000000 -0.000000 1 1
161.474136 40.500000 1.000000 1.000000 -0.000000 -0.000000 1 1
161.536057 40.500000 1.000000 1.000000 -0.000000 -0.000000 1 1
162.431564 40.500000 1.000000 1.000000 -0.000000 -0.000000 1 1
162.489487 40.500000 1.000000 1.000000 -0.000000 -0.000000 1 1
162.550919 40.500000 1.000000 1.000000 -0.000000 -0.000000 1 1
163.446289 40.500000 1.000000 1.000000 -0.000000 -0.000000 1 1
163.508667 40.500000 1.000000 1.000000 -0.000000 -0.000000 1 1
163.567245 40.500000 1.000000 1.000000 -0.000000 -0.000000 1 1
164.466217 40.500000 1.000000 1.000000 -0.000000 -0.000000 1 1
164.531296 40.500000 1.000000 1.000000 -0.000000 -0.000000 1 1
165.430939 40.500000 1.000000 1.000000 -0.000000 -0.000000 1 1
165.491776 40.500000 1.000000 1.000000 -0.000000 -0.000000 1 1
165.555862 40.500000 1.000000 1.000000 -0.000000 -0.000000 1 1
166.455170 40.500000 1.000000 1.000000 -0.000000 -0.000000 1 1
166.522125 40.500000 1.000000 1.000000 -0.000000 -0.000000 1 1
167.426025 40.500000 1.000000 1.000000 -0.000000 -0.000000 1 1
167.487381 40.500000 1.000000 1.000000 -0.000000 -0.000000 1 1
167.554337 40.500000 1.000000 1.000000 -0.000000 -0.000000 1 1
168.455917 40.500000 1.000000 1.000000 -0.000000 -0.000000 1 1
168.525406 40.500000 1.000000 1.000000 -0.000000 -0.000000 1 1
169.430466 40.500000 1.000000 1.000000 -0.000000 -0.000000 1 1
169.496002 40.500000 1.000000 1.000000 -0.000000 -0.000000 1 1
169.563492 40.500000 1.000000 1.000000 -0.000000 -0.000000 1 1
170.468857 40.500000 1.000000 1.000000 -0.000000 -0.000000 1 1
170.540970 40.500000 1.000000 1.000000 -0.000000 -0.000000 1 1
