59.603661 40.500000 1.000000 1.000000 -0.000000 -0.000000 1 1
59.602943 40.500000 1.000000 1.000000 -0.000000 -0.000000 1 1
63.527924 40.500000 1.000000 1.000000 -0.000000 -0.000000 1 1
68.557938 40.500000 1.000000 1.000000 -0.000000 -0.000000 1 1
75.440750 40.500000 1.000000 1.000000 -0.000000 -0.000000 1 1
82.471718 40.500000 1.000000 1.000000 -0.000000 -0.000000 1 1
90.421616 40.500000 1.000000 1.000000 -0.000000 -0.000000 1 1
98.441170 40.500000 1.000000 1.000000 -0.000000 -0.000000 1 1
106.526878 40.500000 1.000000 1.000000 -0.000000 -0.000000 1 1
115.472626 40.500000 1.000000 1.000000 -0.000000 -0.000000 1 1
124.465462 40.500000 1.000000 1.000000 -0.000000 -0.000000 1 1
133.499588 40.500000 1.000000 1.000000 -0.000000 -0.000000 1 1
142.567932 40.500000 1.000000 1.000000 -0.000000 -0.000000 1 1
152.483612 40.500000 1.000000 1.000000 -0.000000 -0.000000 1 1
162.432236 40.500000 1.000000 1.000000 -0.000000 -0.000000 1 1
172.413559 40.500000 1.000000 1.000000 -0.000000 -0.000000 1 1
182.416626 40.500000 1.000000 1.000000 -0.000000 -0.000000 1 1
192.442200 40.500000 1.000000 1.000000 -0.000000 -0.000000 1 1
202.498672 40.500000 1.000000 1.000000 -0.000000 -0.000000 1 1
212.576904 40.500000 1.000000 1.000000 -0.000000 -0.000000 1 1
223.498093 40.500000 1.000000 1.000000 -0.000000 -0.000000 1 1
234.440231 40.500000 1.000000 1.000000 -0.000000 -0.000000 1 1
244.585922 40.500000 1.000000 1.000000 -0.000000 -0.000000 1 2
255.576599 40.500000 1.000000 1.000000 -0.000000 -0.000000 1 2
266.584686 40.500000 1.000000 1.000000 -0.000000 -0.000000 1 2
278.437622 40.500000 1.000000 1.000000 -0.000000 -0.000000 1 2
289.493805 40.500000 1.000000 1.000000 -0.000000 -0.000000 1 2
300.573334 40.500000 1.000000 1.000000 -0.000000 -0.000000 1 2
312.496887 40.500000 1.000000 1.000000 -0.000000 -0.000000 1 2
324.447266 40.500000 1.000000 1.000000 -0.000000 -0.000000 1 2
336.432831 40.500000 1.000000 1.000000 -0.000000 -0.000000 1 2
348.452423 40.500000 1.000000 1.000000 -0.000000 -0.000000 1 2
360.517517 40.500000 1.000000 1.000000 -0.000000 -0.000000 1 1
12.440681 40.500000 1.000000 1.000000 -0.000000 -0.000000 1 1
25.433332 40.500000 1.000000 1.000000 -0.000000 -0.000000 1 1
