524.420349 4.531964 4.000000 -0.676277 0.736647 0.000000 -0.412669 -0.910881 -0.000000 0.977845 0.209330 0.000000 -1 4
264.536560 6.479620 4.000000 -0.515197 0.857072 0.000000 -0.424011 -0.905657 -0.000000 0.999414 0.034223 0.000000 -1 5
89.546509 12.420111 4.000000 0.472001 0.881598 0.000000 -0.988933 -0.148365 -0.000000 0.593227 -0.805035 -0.000000 -1 7
211.428391 14.558608 4.000000 0.850106 0.526612 0.000000 -0.871166 0.490988 0.000000 0.031510 -0.999503 0.000000 -1 8
127.499298 18.607740 4.000000 0.741502 0.670951 0.000000 -0.998452 -0.055614 0.000000 0.713867 -0.700281 0.000000 -1 10
302.509644 37.524071 4.000000 -0.632468 0.774587 0.000000 -0.330831 -0.943690 -0.000000 0.977855 0.209286 0.000000 -1 13
174.502914 45.472195 4.000000 -0.757950 0.652312 0.000000 -0.186516 -0.982452 -0.000000 0.954839 0.297123 0.000000 -1 15
104.558197 48.483406 4.000000 -0.095614 0.995418 0.000000 -0.769395 -0.638773 -0.000000 0.931331 -0.364175 0.000000 -1 16
42.480648 68.535629 4.000000 -0.550328 0.834949 0.000000 -0.482175 -0.876075 -0.000000 0.987179 0.159618 0.000000 -1 18
159.558624 72.496864 4.000000 0.443802 0.896125 0.000000 -0.988765 -0.149482 -0.000000 0.640844 -0.767671 -0.000000 -1 19
63.472164 89.427788 4.000000 0.098576 0.995129 0.000000 -0.877462 -0.479646 0.000000 0.772113 -0.635486 -0.000000 -1 23
188.434296 94.500885 4.000000 -0.631831 0.775106 0.000000 -0.494291 -0.869296 -0.000000 0.998067 0.062153 -0.000000 -1 25
27.530384 96.452255 4.000000 0.573743 0.819036 0.000000 -0.999511 -0.031275 0.000000 0.424498 -0.905429 -0.000000 -1 26
118.445091 101.592064 4.000000 0.158589 0.987345 0.000000 -0.977882 -0.209159 -0.000000 0.748410 -0.663236 -0.000000 -1 27
490.446655 102.462296 4.000000 0.165769 0.986165 0.000000 -0.948882 -0.315632 -0.000000 0.701603 -0.712568 0.000000 -1 28
162.504410 109.597343 4.000000 0.657182 0.753732 0.000000 -0.999018 -0.044301 0.000000 0.763870 -0.645370 -0.000000 -1 30
252.514771 121.595955 4.000000 -0.524836 0.851203 0.000000 -0.511256 -0.859429 -0.000000 0.989107 0.147198 0.000000 -1 33
205.417419 128.454971 4.000000 -0.545695 0.837984 0.000000 -0.577696 -0.816252 -0.000000 0.998254 -0.059070 -0.000000 -1 35
47.517620 138.443848 4.000000 0.116403 0.993202 0.000000 -0.893521 -0.449021 -0.000000 0.786480 -0.617615 -0.000000 -1 37
282.418579 152.525208 4.000000 -0.438272 0.898842 0.000000 -0.666143 -0.745824 -0.000000 0.993997 -0.109404 0.000000 -1 40
115.545067 183.411392 4.000000 -0.562687 0.826670 0.000000 -0.370324 -0.928903 0.000000 0.999803 -0.019839 -0.000000 -1 42
432.521210 198.470490 4.000000 -0.291568 0.956550 0.000000 -0.657995 -0.753022 -0.000000 0.970620 -0.240617 -0.000000 -1 44
258.466614 215.492401 4.000000 0.098357 0.995151 0.000000 -0.916576 -0.399861 -0.000000 0.805300 -0.592867 -0.000000 -1 45
103.474510 227.576950 4.000000 0.138129 0.990414 0.000000 -0.962229 -0.272240 -0.000000 0.766598 -0.642127 -0.000000 -1 48
45.496380 236.514511 4.000000 0.875487 0.483242 0.000000 -0.846173 0.532909 0.000000 -0.034594 -0.999401 -0.000000 -1 49
457.479553 260.430878 4.000000 0.361950 0.932198 0.000000 -0.973232 -0.229825 0.000000 0.587260 -0.809398 -0.000000 -1 52
197.707748 263.728180 4.000000 -0.270712 0.962660 0.000000 -0.653948 -0.756540 -0.000000 0.990018 -0.140939 0.000000 -1 53
10.558628 272.513519 4.000000 0.922094 0.386966 0.000000 -0.818847 0.574013 0.000000 -0.085274 -0.996358 -0.000000 -1 55
49.520679 284.476166 4.000000 -0.649301 0.760531 0.000000 -0.275407 -0.961328 -0.000000 0.975871 0.218349 0.000000 -1 58
235.583069 292.523590 4.000000 -0.154043 0.988064 0.000000 -0.677672 -0.735365 -0.000000 0.923529 -0.383528 -0.000000 -1 60
