526.471619 4.465948 4.000000 -0.683077 0.730346 0.000000 -0.333942 -0.942594 0.000000 0.984699 0.174264 0.000000 -1 1
59.572773 26.431181 4.000000 -0.027095 0.999633 0.000000 -0.814422 -0.580274 -0.000000 0.885301 -0.465018 -0.000000 -1 3
214.603592 50.469742 4.000000 -0.216149 0.976360 0.000000 -0.636784 -0.771042 -0.000000 0.957371 -0.288863 -0.000000 -1 8
290.497314 55.491844 4.000000 -0.350322 0.936629 0.000000 -0.556772 -0.830666 -0.000000 0.967613 -0.252440 -0.000000 -1 10
119.579826 62.579899 4.000000 -0.094243 0.995549 0.000000 -0.767090 -0.641540 -0.000000 0.962988 -0.269544 -0.000000 -1 11
21.493681 65.416870 4.000000 -0.581134 0.813808 0.000000 -0.422652 -0.906292 -0.000000 0.999933 0.011555 0.000000 -1 12
57.555584 90.457130 4.000000 0.527919 0.849295 0.000000 -0.997694 -0.067866 0.000000 0.538625 -0.842545 -0.000000 -1 16
206.562073 102.579010 4.000000 -0.294370 0.955692 0.000000 -0.585491 -0.810679 -0.000000 0.997081 -0.076349 0.000000 -1 18
237.465485 115.528687 4.000000 0.882178 0.470917 0.000000 -0.832520 0.553995 0.000000 -0.055999 -0.998431 0.000000 -1 19
98.525780 124.431335 4.000000 -0.720101 0.693869 0.000000 -0.216026 -0.976388 -0.000000 0.976555 0.215269 0.000000 -1 20
208.527206 133.429474 4.000000 0.413502 0.910503 0.000000 -0.982079 -0.188471 -0.000000 0.571900 -0.820323 -0.000000 -1 23
145.544113 139.558197 4.000000 0.921380 0.388664 0.000000 -0.763790 0.645465 0.000000 -0.109130 -0.994027 -0.000000 -1 24
100.431686 154.506088 4.000000 0.435330 0.900271 -0.000000 -0.885355 0.464915 0.000000 0.149789 -0.988718 -0.000000 -1 28
75.564301 169.585968 4.000000 -0.184579 0.982818 0.000000 -0.720476 -0.693479 0.000000 0.978248 -0.207439 -0.000000 -1 30
226.542633 173.484375 4.000000 0.101159 0.994870 0.000000 -0.906955 -0.421228 -0.000000 0.802012 -0.597308 -0.000000 -1 32
260.433655 178.508911 4.000000 0.662573 0.748997 0.000000 -0.975385 0.220510 0.000000 0.303176 -0.952935 -0.000000 -1 33
131.698456 180.719559 4.000000 0.720704 0.693243 0.000000 -0.911480 0.411344 0.000000 0.213011 -0.977050 -0.000000 -1 35
184.358307 188.258041 4.000000 -0.376373 0.926468 0.000000 -0.749766 -0.661703 -0.000000 0.950594 -0.310437 0.000000 -1 37
10.463483 200.472031 4.000000 0.891459 0.453101 0.000000 -0.831301 0.555822 0.000000 -0.072644 -0.997358 0.000000 -1 38
182.591568 227.466049 4.000000 -0.308215 0.951317 0.000000 -0.591641 -0.806202 -0.000000 0.983508 -0.180867 0.000000 -1 44
263.416626 229.511536 4.000000 0.914581 0.404403 0.000000 -0.816121 0.577881 0.000000 -0.199705 -0.979856 -0.000000 -1 45
61.483212 232.484268 4.000000 -0.808853 0.588011 0.000000 -0.287128 -0.957892 0.000000 0.953852 0.300277 -0.000000 -1 47
295.520844 236.469635 4.000000 -0.214747 0.976670 0.000000 -0.718305 -0.695729 0.000000 0.975645 -0.219357 -0.000000 -1 48
9.474656 250.491272 4.000000 0.788221 0.615392 0.000000 -0.949429 0.313983 0.000000 0.068054 -0.997682 -0.000000 -1 51
43.688713 252.262177 4.000000 -0.089691 0.995970 0.000000 -0.792038 -0.610472 -0.000000 0.900887 -0.434053 -0.000000 -1 52
455.576355 259.501617 4.000000 0.403514 0.914974 0.000000 -0.980916 -0.194430 -0.000000 0.688917 -0.724841 -0.000000 -1 53
238.270721 262.720154 4.000000 -0.157602 0.987503 0.000000 -0.852847 -0.522161 -0.000000 0.920403 -0.390970 0.000000 -1 54
112.444710 265.543518 4.000000 0.791305 0.611422 0.000000 -0.916336 0.400410 0.000000 0.092056 -0.995754 -0.000000 -1 57
596.498291 273.545593 4.000000 0.421572 0.906795 0.000000 -0.999072 -0.043078 0.000000 0.560725 -0.828002 -0.000000 -1 59
40.525402 275.514435 4.000000 0.867595 0.497271 0.000000 -0.865870 0.500269 0.000000 0.026479 -0.999649 -0.000000 -1 60
156.575562 281.437042 4.000000 -0.592100 0.805864 0.000000 -0.280609 -0.959822 -0.000000 0.994937 0.100496 -0.000000 -1 62
249.426331 296.423157 4.000000 0.681243 0.732057 0.000000 -0.983288 0.182056 0.000000 0.190707 -0.981647 -0.000000 -1 64
