182.552399 300.571716 4.000000 -0.475178 0.879890 0.000000 -0.582250 -0.813010 -0.000000 1.000000 0.000744 0.000000 -1 1
524.464172 4.481781 4.000000 -0.663284 0.748368 0.000000 -0.368673 -0.929559 -0.000000 0.987063 0.160334 0.000000 -1 2
261.429688 11.466226 4.000000 -0.664558 0.747236 0.000000 -0.392576 -0.919719 -0.000000 0.979584 0.201034 0.000000 -1 3
96.473564 14.488148 4.000000 0.332135 0.943232 0.000000 -0.989846 -0.142146 -0.000000 0.611334 -0.791372 -0.000000 -1 4
132.517502 21.408361 4.000000 0.793457 0.608626 0.000000 -0.956416 0.292008 -0.000000 0.222410 -0.974953 -0.000000 -1 7
174.361572 21.757849 4.000000 0.463939 0.885867 0.000000 -0.999986 0.005276 0.000000 0.631851 -0.775090 -0.000000 -1 8
302.567749 36.456013 4.000000 -0.668292 0.743899 0.000000 -0.225512 -0.974240 -0.000000 0.986583 0.163258 0.000000 -1 12
599.537354 52.535561 4.000000 0.541524 0.840685 0.000000 -0.996716 0.080980 0.000000 0.469597 -0.882881 -0.000000 -1 14
30.425470 89.491348 4.000000 0.373500 0.927630 0.000000 -0.990388 -0.138316 0.000000 0.539081 -0.842254 -0.000000 -1 18
58.440495 89.586342 4.000000 0.024819 0.999692 0.000000 -0.922797 -0.385286 -0.000000 0.837595 -0.546291 -0.000000 -1 19
275.503571 92.480560 4.000000 0.729629 0.683844 0.000000 -0.999787 0.020638 -0.000000 0.676562 -0.736386 -0.000000 -1 21
299.439209 102.498001 4.000000 -0.313123 0.949713 0.000000 -0.616780 -0.787135 -0.000000 0.999682 -0.025202 -0.000000 -1 23
114.478745 104.543488 4.000000 -0.071594 0.997434 0.000000 -0.864607 -0.502449 0.000000 0.888046 -0.459755 -0.000000 -1 24
229.282440 107.723442 4.000000 0.794324 0.607495 0.000000 -0.903956 0.427626 0.000000 0.097481 -0.995237 -0.000000 -1 25
167.503113 111.514305 4.000000 0.654375 0.756170 0.000000 -0.997369 -0.072487 -0.000000 0.710909 -0.703284 -0.000000 -1 26
206.562851 127.561989 4.000000 -0.230291 0.973122 0.000000 -0.695918 -0.718122 -0.000000 0.982846 -0.184427 -0.000000 -1 29
51.553288 139.536209 4.000000 -0.136397 0.990654 0.000000 -0.760010 -0.649912 -0.000000 0.955780 -0.294083 0.000000 -1 32
108.419708 142.514725 4.000000 0.866374 0.499395 0.000000 -0.891361 0.453295 0.000000 -0.147465 -0.989067 -0.000000 -1 33
178.524551 152.547852 4.000000 0.489799 0.871835 0.000000 -0.998095 -0.061689 -0.000000 0.681414 -0.731898 -0.000000 -1 34
138.515213 160.504776 4.000000 0.915849 0.401522 0.000000 -0.814312 0.580427 0.000000 -0.044371 -0.999015 -0.000000 -1 39
276.531189 161.560455 4.000000 0.957103 0.289747 0.000000 -0.717198 0.696869 0.000000 -0.161282 -0.986908 -0.000000 -1 40
215.496872 170.608627 4.000000 -0.606960 0.794732 0.000000 -0.794592 -0.607144 -0.000000 0.997714 -0.067576 0.000000 -1 42
114.447357 180.585327 4.000000 -0.456035 0.889962 0.000000 -0.595110 -0.803644 -0.000000 0.999971 0.007604 -0.000000 -1 45
300.577850 184.533966 4.000000 -0.144809 0.989460 0.000000 -0.720946 -0.692991 -0.000000 0.976050 -0.217548 -0.000000 -1 46
241.474960 186.475937 4.000000 0.692443 0.721472 0.000000 -0.978295 0.207218 -0.000000 0.249436 -0.968391 -0.000000 -1 47
432.458862 198.577759 4.000000 -0.302872 0.953031 0.000000 -0.730932 -0.682450 -0.000000 0.985632 -0.168904 0.000000 -1 49
57.527489 207.446747 4.000000 0.195334 0.980737 0.000000 -0.916571 -0.399871 -0.000000 0.697108 -0.716966 -0.000000 -1 50
166.567551 210.500595 4.000000 0.735591 0.677426 0.000000 -0.969099 0.246674 0.000000 0.336017 -0.941856 -0.000000 -1 51
256.473114 215.549942 4.000000 -0.046617 0.998913 0.000000 -0.864196 -0.503155 -0.000000 0.888051 -0.459745 -0.000000 -1 53
101.551964 233.524704 4.000000 -0.007685 0.999970 0.000000 -0.781804 -0.623525 -0.000000 0.884729 -0.466107 -0.000000 -1 58
45.552223 234.551010 4.000000 0.860721 0.509077 0.000000 -0.829557 0.558422 0.000000 0.033996 -0.999422 -0.000000 -1 59
288.459625 236.427185 4.000000 0.133518 0.991046 0.000000 -0.872895 -0.487909 -0.000000 0.849979 -0.526816 -0.000000 -1 60
107.549583 252.537735 4.000000 0.943227 0.332149 0.000000 -0.753815 0.657087 0.000000 -0.131104 -0.991369 -0.000000 -1 65
69.434120 255.574722 4.000000 -0.098374 0.995149 0.000000 -0.891056 -0.453894 0.000000 0.886645 -0.462451 -0.000000 -1 66
134.534592 259.524109 4.000000 0.124256 0.992250 0.000000 -0.948462 -0.316891 -0.000000 0.801065 -0.598578 0.000000 -1 67
457.445374 259.580444 4.000000 0.273725 0.961808 0.000000 -0.997967 -0.063728 0.000000 0.634831 -0.772651 -0.000000 -1 68
52.486923 286.537384 4.000000 0.914875 0.403736 -0.000000 -0.766002 0.642838 0.000000 -0.127306 -0.991863 -0.000000 -1 72
235.478119 287.538452 4.000000 0.152752 0.988265 0.000000 -0.944699 -0.327940 -0.000000 0.779082 -0.626922 -0.000000 -1 74
148.499420 298.480804 4.000000 -0.760482 0.649359 0.000000 -0.635468 -0.772127 -0.000000 0.998943 0.045962 0.000000 -1 76
