139.703323 300.269104 4.000000 -0.564145 0.825676 0.000000 -0.439293 -0.898344 0.000000 0.999640 0.026815 0.000000 -1 1
524.502441 4.424849 4.000000 -0.663690 0.748007 0.000000 -0.309457 -0.950914 -0.000000 0.995674 0.092913 0.000000 -1 2
259.451355 10.507908 4.000000 -0.529837 0.848099 0.000000 -0.535363 -0.844622 -0.000000 0.999781 0.020946 0.000000 -1 4
98.410378 18.535515 4.000000 0.099958 0.994992 0.000000 -0.956910 -0.290385 -0.000000 0.749238 -0.662301 -0.000000 -1 5
176.517166 22.495598 4.000000 0.517344 0.855778 0.000000 -0.999688 0.024991 0.000000 0.535574 -0.844488 -0.000000 -1 7
302.482147 36.565586 4.000000 -0.458079 0.888911 0.000000 -0.521290 -0.853379 -0.000000 0.996216 0.086914 0.000000 -1 11
1.449510 49.508629 4.000000 0.660515 0.750813 0.000000 -0.986443 0.164103 0.000000 0.300522 -0.953775 -0.000000 -1 14
281.471954 51.478008 4.000000 -0.452199 0.891917 0.000000 -0.505115 -0.863052 -0.000000 0.999871 0.016048 0.000000 -1 15
237.540741 61.460300 4.000000 -0.274730 0.961521 0.000000 -0.637987 -0.770047 -0.000000 0.982898 -0.184152 -0.000000 -1 16
29.516275 85.535500 4.000000 0.453564 0.891224 0.000000 -0.998102 -0.061585 0.000000 0.581247 -0.813727 -0.000000 -1 18
54.530796 92.582832 4.000000 0.234736 0.972059 0.000000 -0.980627 -0.195882 -0.000000 0.729494 -0.683988 -0.000000 -1 21
116.416046 105.521797 4.000000 -0.068158 0.997675 0.000000 -0.894636 -0.446797 0.000000 0.837326 -0.546703 -0.000000 -1 22
300.585968 107.465614 4.000000 -0.440966 0.897524 0.000000 -0.417615 -0.908624 -0.000000 0.999700 -0.024488 -0.000000 -1 24
228.479019 112.508347 4.000000 0.802368 0.596830 0.000000 -0.897528 0.440957 0.000000 0.084067 -0.996460 -0.000000 -1 26
208.551392 130.506729 4.000000 -0.120791 0.992678 0.000000 -0.773213 -0.634147 -0.000000 0.936692 -0.350153 -0.000000 -1 28
53.453468 140.441986 4.000000 -0.283648 0.958928 0.000000 -0.714464 -0.699673 0.000000 0.945999 -0.324170 -0.000000 -1 30
112.426170 183.467026 4.000000 -0.551005 0.834502 0.000000 -0.536266 -0.844049 -0.000000 0.999728 -0.023307 -0.000000 -1 33
301.454285 185.570419 4.000000 -0.285150 0.958483 0.000000 -0.755046 -0.655672 0.000000 0.978105 -0.208110 -0.000000 -1 34
237.563828 186.407791 4.000000 0.588652 0.808387 0.000000 -0.999998 -0.002093 0.000000 0.456027 -0.889966 -0.000000 -1 35
432.426727 199.517822 4.000000 -0.351140 0.936323 0.000000 -0.730437 -0.682980 -0.000000 0.971122 -0.238582 -0.000000 -1 37
58.417324 205.575790 4.000000 0.110809 0.993842 0.000000 -0.977620 -0.210377 0.000000 0.725890 -0.687811 -0.000000 -1 41
162.528595 210.538010 4.000000 0.680202 0.733024 0.000000 -0.978542 0.206047 -0.000000 0.316674 -0.948535 -0.000000 -1 42
256.473969 218.518417 4.000000 -0.071836 0.997416 0.000000 -0.863947 -0.503583 -0.000000 0.866482 -0.499207 -0.000000 -1 43
48.563721 232.571045 4.000000 0.811522 0.584321 0.000000 -0.882879 0.469600 0.000000 0.149246 -0.988800 -0.000000 -1 45
69.516975 254.464081 4.000000 -0.228569 0.973528 0.000000 -0.728917 -0.684602 -0.000000 0.951088 -0.308919 -0.000000 -1 49
457.423218 259.577789 4.000000 0.258893 0.965906 0.000000 -0.997474 -0.071035 -0.000000 0.625912 -0.779894 -0.000000 -1 51
51.441231 285.405823 4.000000 0.880458 0.474124 0.000000 -0.893117 0.449825 0.000000 -0.044346 -0.999016 0.000000 -1 54
232.575317 286.534149 4.000000 0.301951 0.953323 0.000000 -0.954135 -0.299378 -0.000000 0.770941 -0.636907 -0.000000 -1 55
15.456995 287.394928 4.000000 -0.364422 0.931234 0.000000 -0.736451 -0.676491 -0.000000 0.929565 -0.368659 -0.000000 -1 57
