526.476379 5.448776 4.000000 -0.692586 0.721335 0.000000 -0.315350 -0.948975 0.000000 0.986230 0.165379 0.000000 -1 2
27.318579 6.316973 4.000000 -0.394843 0.918749 0.000000 -0.717706 -0.696347 -0.000000 0.927584 -0.373616 -0.000000 -1 3
301.482697 15.572854 4.000000 -0.225846 0.974163 0.000000 -0.750634 -0.660718 -0.000000 0.983041 -0.183387 0.000000 -1 8
160.422531 16.452591 4.000000 0.428473 0.903555 0.000000 -0.994407 -0.105618 0.000000 0.458681 -0.888601 -0.000000 -1 9
197.535797 23.424379 4.000000 0.458070 0.888916 0.000000 -0.942317 -0.334721 0.000000 0.767732 -0.640771 -0.000000 -1 11
55.420586 26.482702 4.000000 -0.234368 0.972148 0.000000 -0.845114 -0.534586 -0.000000 0.913380 -0.407109 -0.000000 -1 12
22.474174 60.485809 4.000000 0.867154 0.498041 0.000000 -0.854186 0.519968 0.000000 -0.026298 -0.999654 -0.000000 -1 16
74.527962 61.555977 4.000000 -0.331725 0.943376 0.000000 -0.694319 -0.719667 -0.000000 0.994136 -0.108140 0.000000 -1 18
165.232498 62.358414 4.000000 -0.338310 0.941035 0.000000 -0.474126 -0.880457 -0.000000 0.888568 -0.458745 -0.000000 -1 20
124.499313 66.469254 4.000000 0.143751 0.989614 0.000000 -0.910313 -0.413921 0.000000 0.786926 -0.617047 -0.000000 -1 21
207.503235 73.498215 4.000000 0.701929 0.712247 0.000000 -0.993419 0.114534 0.000000 0.480116 -0.877205 -0.000000 -1 23
238.499252 77.469345 4.000000 -0.342875 0.939381 0.000000 -0.684731 -0.728796 0.000000 0.980150 -0.198257 -0.000000 -1 25
134.715332 103.702538 4.000000 0.875259 0.483655 0.000000 -0.857280 0.514851 0.000000 0.086107 -0.996286 -0.000000 -1 30
288.425018 110.455170 4.000000 0.350746 0.936471 0.000000 -0.987111 -0.160034 -0.000000 0.611610 -0.791160 -0.000000 -1 31
237.571701 112.421524 4.000000 0.886630 0.462480 0.000000 -0.896949 0.442134 0.000000 0.080824 -0.996728 -0.000000 -1 32
101.467827 125.487801 4.000000 -0.656577 0.754259 0.000000 -0.381315 -0.924445 -0.000000 0.987288 0.158942 -0.000000 -1 33
206.450424 133.406326 4.000000 0.586638 0.809849 0.000000 -0.999972 -0.007448 0.000000 0.359909 -0.932987 -0.000000 -1 34
18.467600 158.479218 4.000000 0.944842 0.327527 0.000000 -0.792924 0.609321 0.000000 -0.248707 -0.968579 -0.000000 -1 37
229.561127 178.568726 4.000000 0.494197 0.869350 0.000000 -0.999871 -0.016086 -0.000000 0.560465 -0.828178 -0.000000 -1 40
127.569443 182.472641 4.000000 -0.669085 0.743186 0.000000 -0.254733 -0.967011 -0.000000 0.984347 0.176244 0.000000 -1 43
184.563171 187.517792 4.000000 0.143367 0.989670 0.000000 -0.898675 -0.438614 -0.000000 0.835409 -0.549629 -0.000000 -1 44
85.463341 204.451584 4.000000 0.533616 0.845727 0.000000 -0.998538 0.054047 0.000000 0.384803 -0.922999 -0.000000 -1 46
118.299507 211.276520 4.000000 0.558468 0.829526 0.000000 -0.998989 0.044967 0.000000 0.401900 -0.915683 -0.000000 -1 47
182.472870 230.574936 4.000000 -0.205022 0.978757 0.000000 -0.786693 -0.617345 0.000000 0.961560 -0.274594 -0.000000 -1 50
295.593567 239.428864 4.000000 -0.451683 0.892179 0.000000 -0.449545 -0.893258 -0.000000 0.996717 -0.080968 0.000000 -1 54
102.475861 240.501938 4.000000 0.287897 0.957661 0.000000 -0.999691 -0.024837 0.000000 0.565927 -0.824455 -0.000000 -1 55
36.590019 256.555176 4.000000 -0.336974 0.941514 0.000000 -0.576281 -0.817252 -0.000000 0.998569 -0.053473 -0.000000 -1 57
145.734970 259.714020 4.000000 0.533142 0.846026 0.000000 -0.978994 0.203888 0.000000 0.490174 -0.871625 -0.000000 -1 59
455.549896 259.499969 4.000000 0.376472 0.926428 0.000000 -0.981453 -0.191703 -0.000000 0.672642 -0.739968 0.000000 -1 60
237.449127 264.430450 4.000000 0.073303 0.997310 0.000000 -0.898945 -0.438062 0.000000 0.798467 -0.602038 -0.000000 -1 61
110.564110 269.441559 4.000000 0.928446 0.371469 0.000000 -0.822892 0.568198 0.000000 -0.025638 -0.999671 -0.000000 -1 63
0.557625 273.471375 4.000000 0.411585 0.911372 0.000000 -0.991132 -0.132883 -0.000000 0.623222 -0.782045 -0.000000 -1 64
160.509842 286.411072 4.000000 -0.501177 0.865345 0.000000 -0.436464 -0.899722 -0.000000 0.996625 -0.082090 0.000000 -1 66
119.508751 287.448914 4.000000 -0.240580 0.970629 0.000000 -0.765013 -0.644015 0.000000 0.947460 -0.319874 -0.000000 -1 67
