526.556091 5.573429 4.000000 -0.616283 0.787525 0.000000 -0.283023 -0.959113 -0.000000 0.959806 0.280663 0.000000 -1 3
158.263382 13.322721 4.000000 0.780665 0.624950 0.000000 -0.925699 0.378261 0.000000 0.060003 -0.998198 -0.000000 -1 5
26.245998 17.310555 4.000000 0.794337 0.607477 0.000000 -0.893218 0.449624 0.000000 0.004221 -0.999991 -0.000000 -1 7
253.289825 24.277277 4.000000 0.232890 0.972503 0.000000 -0.959495 -0.281724 -0.000000 0.659611 -0.751607 -0.000000 -1 10
91.489494 29.522249 4.000000 -0.190115 0.981762 0.000000 -0.767863 -0.640614 -0.000000 0.938048 -0.346505 -0.000000 -1 12
218.415863 37.482727 4.000000 -0.540153 0.841567 0.000000 -0.545231 -0.838286 -0.000000 0.999289 -0.037699 -0.000000 -1 14
288.549896 46.429352 4.000000 0.017308 0.999850 0.000000 -0.827179 -0.561939 -0.000000 0.837330 -0.546698 0.000000 -1 16
42.721382 95.280624 4.000000 -0.554177 0.832399 0.000000 -0.355493 -0.934679 -0.000000 0.999157 0.041052 0.000000 -1 19
97.664673 95.738266 4.000000 -0.112753 0.993623 0.000000 -0.859893 -0.510475 0.000000 0.930196 -0.367063 -0.000000 -1 20
180.422867 108.488480 4.000000 -0.492853 0.870112 0.000000 -0.621399 -0.783494 -0.000000 0.995957 -0.089828 -0.000000 -1 22
168.545837 133.473816 4.000000 0.743402 0.668845 0.000000 -0.968145 0.250391 0.000000 0.327565 -0.944829 -0.000000 -1 26
209.280899 147.264786 4.000000 -0.488232 0.872714 0.000000 -0.609152 -0.793054 0.000000 0.994961 -0.100263 -0.000000 -1 27
147.429855 150.471283 4.000000 -0.397471 0.917615 0.000000 -0.677377 -0.735636 -0.000000 0.972444 -0.233136 -0.000000 -1 28
69.566559 171.537857 4.000000 -0.170975 0.985275 0.000000 -0.700147 -0.713999 -0.000000 0.968207 -0.250149 -0.000000 -1 31
120.460724 172.579971 4.000000 0.452523 0.891753 0.000000 -0.998333 0.057720 0.000000 0.523696 -0.851905 -0.000000 -1 32
154.427414 186.540085 4.000000 0.957894 0.287123 0.000000 -0.648629 0.761105 0.000000 -0.322692 -0.946504 -0.000000 -1 34
12.578413 187.465500 4.000000 -0.749534 0.661966 0.000000 -0.075238 -0.997166 -0.000000 0.943073 0.332585 0.000000 -1 35
149.720535 216.712952 4.000000 0.414716 0.909951 0.000000 -0.999851 -0.017266 0.000000 0.607252 -0.794509 -0.000000 -1 39
60.477482 226.564667 4.000000 0.187335 0.982296 0.000000 -0.999345 -0.036199 -0.000000 0.737635 -0.675200 -0.000000 -1 40
0.421395 233.536682 4.000000 0.256568 0.966526 0.000000 -0.994165 -0.107874 -0.000000 0.609269 -0.792964 -0.000000 -1 44
298.530426 237.446899 4.000000 -0.578483 0.815695 0.000000 -0.378446 -0.925624 -0.000000 0.999770 0.021442 0.000000 -1 46
172.430511 241.445053 4.000000 -0.036894 0.999319 0.000000 -0.819570 -0.572979 -0.000000 0.753278 -0.657702 -0.000000 -1 47
112.474350 255.527496 4.000000 0.582616 0.812747 0.000000 -0.986860 0.161581 0.000000 0.390441 -0.920628 -0.000000 -1 49
455.588593 258.575165 4.000000 0.392177 0.919890 0.000000 -0.987830 -0.155535 -0.000000 0.720247 -0.693718 -0.000000 -1 50
43.538395 259.477203 4.000000 0.667597 0.744523 0.000000 -0.974076 0.226222 0.000000 0.355783 -0.934568 -0.000000 -1 51
238.535461 267.461670 4.000000 0.690119 0.723696 0.000000 -0.967954 0.251128 0.000000 0.272879 -0.962048 -0.000000 -1 53
600.472046 277.436707 4.000000 0.262798 0.964851 0.000000 -0.951147 -0.308738 0.000000 0.687795 -0.725905 -0.000000 -1 56
301.442230 281.531677 4.000000 -0.314763 0.949170 0.000000 -0.707044 -0.707170 -0.000000 0.985157 -0.171653 0.000000 -1 58
48.452076 293.537933 4.000000 -0.666677 0.745347 0.000000 -0.307486 -0.951553 0.000000 0.967610 0.252451 0.000000 -1 60
254.557770 294.491852 4.000000 -0.635554 0.772056 0.000000 -0.144190 -0.989550 -0.000000 0.999909 0.013527 -0.000000 -1 61
116.685806 299.265869 4.000000 -0.897553 0.440907 0.000000 0.023511 -0.999724 -0.000000 0.878773 0.477240 0.000000 -1 62
