25.521482 4.467104 4.000000 -0.088328 0.996091 0.000000 -0.836130 -0.548531 -0.000000 0.874982 -0.484156 0.000000 -1 2
526.472961 5.422830 4.000000 -0.702067 0.712111 0.000000 -0.307959 -0.951400 -0.000000 0.990501 0.137507 0.000000 -1 3
161.447006 17.473082 4.000000 0.435229 0.900320 0.000000 -0.993758 -0.111562 0.000000 0.453090 -0.891465 -0.000000 -1 5
55.575279 26.417068 4.000000 -0.022429 0.999748 0.000000 -0.827052 -0.562126 -0.000000 0.878137 -0.478410 -0.000000 -1 7
21.568314 61.573296 4.000000 0.913613 0.406584 0.000000 -0.726202 0.687482 0.000000 -0.124844 -0.992176 -0.000000 -1 12
165.452454 61.471672 4.000000 -0.239878 0.970803 0.000000 -0.719868 -0.694111 -0.000000 0.937809 -0.347152 -0.000000 -1 13
74.304436 63.258591 4.000000 -0.547481 0.836818 0.000000 -0.580344 -0.814371 -0.000000 0.999433 -0.033658 0.000000 -1 14
123.726288 64.272072 4.000000 0.101618 0.994824 0.000000 -0.859298 -0.511474 -0.000000 0.833769 -0.552114 0.000000 -1 15
245.491821 77.378845 4.000000 -0.614689 0.788770 0.000000 -0.711375 -0.702812 0.000000 0.980798 -0.195024 -0.000000 -1 18
132.542297 104.474861 4.000000 0.865267 0.501312 0.000000 -0.922047 0.387077 0.000000 0.205494 -0.978658 -0.000000 -1 22
237.494507 113.427689 4.000000 0.863081 0.505066 0.000000 -0.912935 0.408106 0.000000 0.029584 -0.999562 -0.000000 -1 23
100.515450 125.571732 4.000000 -0.615825 0.787883 0.000000 -0.368590 -0.929592 -0.000000 0.976006 0.217743 -0.000000 -1 24
207.284058 133.267563 4.000000 0.556895 0.830583 0.000000 -0.999956 -0.009342 0.000000 0.393041 -0.919521 -0.000000 -1 26
150.526062 140.581207 4.000000 0.899640 0.436631 0.000000 -0.800991 0.598676 0.000000 -0.081210 -0.996697 -0.000000 -1 27
97.401718 159.559357 4.000000 0.825394 0.564558 0.000000 -0.796031 0.605256 0.000000 -0.081964 -0.996635 -0.000000 -1 30
22.524563 162.485153 4.000000 -0.837324 0.546708 0.000000 -0.285069 -0.958507 -0.000000 0.959934 0.280225 0.000000 -1 31
228.416641 176.459839 4.000000 0.402192 0.915555 0.000000 -0.993545 -0.113436 -0.000000 0.490812 -0.871266 -0.000000 -1 36
128.426697 182.551010 4.000000 0.945650 0.325186 0.000000 -0.752435 0.658666 0.000000 -0.304385 -0.952549 -0.000000 -1 37
184.294327 187.726685 4.000000 -0.092267 0.995734 0.000000 -0.860458 -0.509521 -0.000000 0.903082 -0.429468 -0.000000 -1 38
86.412117 202.516754 4.000000 0.532060 0.846707 0.000000 -0.983799 0.179273 0.000000 0.310556 -0.950555 -0.000000 -1 41
118.447441 212.524429 4.000000 0.481611 0.876385 0.000000 -0.993838 0.110844 0.000000 0.445979 -0.895043 -0.000000 -1 42
182.549255 229.424179 4.000000 -0.184784 0.982779 0.000000 -0.714443 -0.699693 -0.000000 0.926107 -0.377261 -0.000000 -1 45
296.279205 238.710144 4.000000 -0.458341 0.888777 0.000000 -0.611561 -0.791197 -0.000000 0.999358 -0.035832 0.000000 -1 48
37.541409 255.485184 4.000000 -0.341783 0.939779 0.000000 -0.632465 -0.774589 -0.000000 0.984363 -0.176151 -0.000000 -1 50
455.556244 259.503723 4.000000 0.382338 0.924023 0.000000 -0.981961 -0.189086 -0.000000 0.676404 -0.736531 -0.000000 -1 51
238.447281 265.478546 4.000000 0.020602 0.999788 0.000000 -0.900273 -0.435326 -0.000000 0.830674 -0.556760 -0.000000 -1 52
112.455711 267.543365 4.000000 0.898607 0.438755 0.000000 -0.805120 0.593111 0.000000 -0.132556 -0.991175 -0.000000 -1 53
0.425021 273.481079 4.000000 0.347628 0.937633 0.000000 -0.995483 -0.094935 0.000000 0.528501 -0.848933 -0.000000 -1 55
158.553680 285.434113 4.000000 -0.508667 0.860963 0.000000 -0.386509 -0.922286 -0.000000 0.999963 -0.008644 0.000000 -1 57
249.563309 291.487091 4.000000 0.765021 0.644005 -0.000000 -0.836716 0.547636 0.000000 0.071507 -0.997440 -0.000000 -1 58
