225.451385 300.474121 4.000000 -0.462648 0.886542 0.000000 -0.644299 -0.764774 -0.000000 0.988413 -0.151789 -0.000000 -1 1
526.439575 3.524422 4.000000 -0.671114 0.741354 0.000000 -0.387683 -0.921793 0.000000 0.977268 0.212010 0.000000 -1 3
61.482086 21.424704 4.000000 0.324555 0.945867 0.000000 -0.946632 -0.322316 0.000000 0.761609 -0.648037 -0.000000 -1 6
117.560410 23.454313 4.000000 0.237573 0.971370 0.000000 -0.902223 -0.431269 -0.000000 0.853042 -0.521843 -0.000000 -1 9
253.490479 23.588718 4.000000 0.297485 0.954727 0.000000 -0.977172 -0.212451 0.000000 0.854195 -0.519953 -0.000000 -1 10
33.489426 26.462324 4.000000 -0.727007 0.686630 0.000000 -0.182375 -0.983229 -0.000000 0.963665 0.267113 0.000000 -1 11
183.557755 46.432526 4.000000 -0.405683 0.914014 0.000000 -0.553344 -0.832953 -0.000000 0.991366 -0.131121 0.000000 -1 14
61.582146 56.492809 4.000000 -0.595804 0.803130 0.000000 -0.255464 -0.966819 -0.000000 0.996974 0.077730 0.000000 -1 18
117.438538 64.536194 4.000000 0.144116 0.989561 0.000000 -0.957000 -0.290088 -0.000000 0.770204 -0.637798 -0.000000 -1 19
23.543861 66.515228 4.000000 0.125202 0.992131 0.000000 -0.933541 -0.358472 -0.000000 0.803879 -0.594793 0.000000 -1 20
52.473122 89.490471 4.000000 0.278768 0.960359 0.000000 -0.980598 -0.196030 0.000000 0.672598 -0.740008 -0.000000 -1 23
136.274719 89.273758 4.000000 -0.772677 0.634799 0.000000 -0.242279 -0.970207 -0.000000 0.964549 0.263903 0.000000 -1 24
7.521076 90.479935 4.000000 0.566389 0.824138 0.000000 -0.998818 0.048614 0.000000 0.419919 -0.907561 -0.000000 -1 25
203.574280 93.426407 4.000000 -0.480120 0.877203 0.000000 -0.453134 -0.891442 -0.000000 0.995442 -0.095370 0.000000 -1 27
25.461031 101.488342 4.000000 -0.607378 0.794413 0.000000 -0.574119 -0.818772 -0.000000 0.998995 0.044825 0.000000 -1 29
261.533051 115.422424 4.000000 -0.846843 0.531843 0.000000 -0.057860 -0.998325 -0.000000 0.938302 0.345817 0.000000 -1 36
56.565975 117.521461 4.000000 0.928892 0.370350 0.000000 -0.824184 0.566322 0.000000 0.015035 -0.999887 -0.000000 -1 38
236.565369 122.452980 4.000000 -0.057231 0.998361 0.000000 -0.760981 -0.648774 -0.000000 0.926133 -0.377198 -0.000000 -1 39
99.711678 123.276291 4.000000 -0.887894 0.460047 0.000000 0.065188 -0.997873 -0.000000 0.882140 0.470987 0.000000 -1 40
595.525940 129.474487 4.000000 0.916350 0.400378 -0.000000 -0.853335 0.521363 0.000000 -0.005200 -0.999986 -0.000000 -1 41
141.581482 136.467087 4.000000 0.716985 0.697088 0.000000 -0.950840 0.309682 0.000000 0.299269 -0.954169 0.000000 -1 42
122.442802 159.460312 4.000000 -0.331794 0.943352 0.000000 -0.722911 -0.690941 -0.000000 0.954729 -0.297476 0.000000 -1 45
81.556992 200.515213 4.000000 0.877647 0.479307 0.000000 -0.846004 0.533176 0.000000 0.058557 -0.998284 -0.000000 -1 48
136.297913 201.702087 4.000000 -0.332198 0.943210 0.000000 -0.651145 -0.758953 0.000000 0.997938 -0.064182 -0.000000 -1 49
299.261780 203.686737 4.000000 -0.502163 0.864773 0.000000 -0.558056 -0.829803 -0.000000 0.999912 -0.013272 0.000000 -1 50
168.521332 218.427994 4.000000 0.559118 0.829088 0.000000 -0.999078 -0.042933 0.000000 0.460463 -0.887679 -0.000000 -1 54
43.275604 228.705215 4.000000 0.898136 0.439717 0.000000 -0.828743 0.559629 0.000000 -0.133424 -0.991059 -0.000000 -1 56
211.511887 233.489624 4.000000 0.371145 0.928575 0.000000 -0.983303 -0.181978 -0.000000 0.659636 -0.751585 -0.000000 -1 58
151.578049 247.490082 4.000000 0.748919 0.662661 0.000000 -0.976025 0.217660 0.000000 0.265542 -0.964099 -0.000000 -1 59
233.472992 257.528229 4.000000 -0.541782 0.840519 0.000000 -0.511747 -0.859136 -0.000000 0.999627 0.027323 0.000000 -1 60
456.439545 259.535461 4.000000 0.272860 0.962054 0.000000 -0.991445 -0.130528 -0.000000 0.629908 -0.776670 -0.000000 -1 62
39.497551 274.467010 4.000000 0.754549 0.656244 0.000000 -0.951834 0.306615 0.000000 0.181619 -0.983369 -0.000000 -1 64
166.537079 274.541443 4.000000 0.177636 0.984096 0.000000 -0.937184 -0.348834 -0.000000 0.803894 -0.594773 -0.000000 -1 66
599.404785 278.584381 4.000000 0.192131 0.981369 0.000000 -0.993554 -0.113363 0.000000 0.641379 -0.767225 -0.000000 -1 68
79.431152 298.562805 4.000000 -0.312073 0.950058 0.000000 -0.780734 -0.624864 0.000000 0.957272 -0.289191 0.000000 -1 69
