526.547974 6.513202 4.000000 -0.645475 0.763781 0.000000 -0.267484 -0.963562 -0.000000 0.977609 0.210429 0.000000 -1 1
254.509842 20.521301 4.000000 0.168355 0.985727 0.000000 -0.941102 -0.338122 -0.000000 0.777833 -0.628471 -0.000000 -1 3
93.571487 25.547718 4.000000 -0.297805 0.954627 0.000000 -0.687990 -0.725720 -0.000000 0.986719 -0.162435 0.000000 -1 4
218.423813 32.472641 4.000000 -0.003620 0.999993 0.000000 -0.891841 -0.452349 -0.000000 0.796481 -0.604663 -0.000000 -1 8
54.545658 51.484756 4.000000 0.563247 0.826289 0.000000 -0.999957 -0.009310 0.000000 0.552899 -0.833248 -0.000000 -1 10
110.413368 65.464767 4.000000 -0.748855 0.662734 0.000000 -0.375759 -0.926717 -0.000000 0.956211 0.292678 0.000000 -1 13
241.263931 65.282501 4.000000 -0.685180 0.728374 0.000000 -0.357861 -0.933775 -0.000000 0.978210 0.207618 0.000000 -1 14
59.579941 68.454964 4.000000 -0.425651 0.904887 0.000000 -0.515949 -0.856619 -0.000000 0.996509 -0.083484 0.000000 -1 15
24.506332 69.421791 4.000000 -0.864977 0.501811 0.000000 -0.367561 -0.929999 -0.000000 0.980038 0.198811 0.000000 -1 16
146.485229 76.478058 4.000000 0.736869 0.676036 0.000000 -0.935718 0.352750 0.000000 0.132464 -0.991188 -0.000000 -1 18
92.474648 96.484444 4.000000 0.238289 0.971194 0.000000 -0.956891 -0.290447 -0.000000 0.688897 -0.724859 -0.000000 -1 20
279.553101 100.463997 4.000000 0.361162 0.932503 0.000000 -0.972356 -0.233502 0.000000 0.670716 -0.741714 -0.000000 -1 22
178.455460 111.563148 4.000000 -0.399629 0.916677 0.000000 -0.667770 -0.744368 -0.000000 0.993240 -0.116082 0.000000 -1 24
51.532978 113.532051 4.000000 0.237947 0.971278 0.000000 -0.952455 -0.304678 0.000000 0.859601 -0.510967 -0.000000 -1 26
20.508753 130.391083 4.000000 -0.700144 0.714002 0.000000 -0.512734 -0.858547 0.000000 0.999969 -0.007812 0.000000 -1 29
237.275116 143.710892 4.000000 0.455630 0.890169 0.000000 -0.998766 0.049672 -0.000000 0.448442 -0.893812 -0.000000 -1 32
80.549904 144.479172 4.000000 -0.601163 0.799126 0.000000 -0.368174 -0.929757 -0.000000 0.995042 0.099454 -0.000000 -1 33
284.419983 158.488586 4.000000 -0.500061 0.865990 0.000000 -0.532631 -0.846348 0.000000 0.999725 0.023470 0.000000 -1 35
115.503288 170.514572 4.000000 0.374863 0.927080 0.000000 -0.989770 -0.142669 -0.000000 0.632936 -0.774204 -0.000000 -1 37
267.552887 171.563416 4.000000 0.679738 0.733455 0.000000 -0.969474 0.245195 0.000000 0.301781 -0.953377 -0.000000 -1 39
187.468185 176.578796 4.000000 0.302098 0.953277 0.000000 -0.983965 -0.178360 -0.000000 0.686089 -0.727518 -0.000000 -1 41
13.545764 181.580460 4.000000 0.906729 0.421713 0.000000 -0.732503 0.680764 0.000000 -0.116271 -0.993218 -0.000000 -1 42
115.479744 204.547592 4.000000 -0.243967 0.969784 0.000000 -0.688113 -0.725604 -0.000000 0.990262 -0.139217 0.000000 -1 44
242.482407 212.513229 4.000000 0.567848 0.823134 0.000000 -0.993208 0.116356 0.000000 0.395774 -0.918348 -0.000000 -1 46
3.456988 233.509705 4.000000 0.341157 0.940006 0.000000 -0.990701 -0.136053 0.000000 0.613964 -0.789334 -0.000000 -1 51
207.715866 251.722885 4.000000 0.562762 0.826619 0.000000 -0.999285 0.037802 -0.000000 0.536286 -0.844036 -0.000000 -1 53
45.542557 253.445267 4.000000 0.062325 0.998056 0.000000 -0.826138 -0.563469 -0.000000 0.887370 -0.461057 0.000000 -1 55
115.277779 254.275162 4.000000 0.212728 0.977111 0.000000 -0.943795 -0.330530 0.000000 0.694231 -0.719753 -0.000000 -1 56
455.568939 258.491119 4.000000 0.388387 0.921496 0.000000 -0.977570 -0.210613 -0.000000 0.687586 -0.726103 -0.000000 -1 57
254.728027 263.322113 4.000000 -0.160578 0.987023 0.000000 -0.705320 -0.708889 -0.000000 0.966722 -0.255829 -0.000000 -1 59
299.563293 275.518127 4.000000 0.946871 0.321613 -0.000000 -0.767710 0.640797 0.000000 -0.123413 -0.992355 0.000000 -1 62
162.292953 286.256866 4.000000 -0.163065 0.986615 0.000000 -0.832818 -0.553547 0.000000 0.885200 -0.465212 -0.000000 -1 64
