527.482910 7.497621 4.000000 -0.677490 0.735532 0.000000 -0.322087 -0.946710 -0.000000 0.978055 0.208346 0.000000 -1 1
229.598312 14.510757 4.000000 0.886767 0.462216 0.000000 -0.682706 0.730693 0.000000 -0.102536 -0.994729 -0.000000 -1 3
211.581558 35.421726 4.000000 0.473199 0.880956 0.000000 -0.992568 -0.121689 -0.000000 0.522049 -0.852915 -0.000000 -1 8
66.546700 36.450840 4.000000 0.921347 0.388742 0.000000 -0.803729 0.594995 0.000000 -0.061013 -0.998137 -0.000000 -1 9
141.268631 39.274109 4.000000 0.900332 0.435203 0.000000 -0.878093 0.478490 0.000000 -0.128658 -0.991689 -0.000000 -1 10
86.520859 43.472122 4.000000 0.022221 0.999753 0.000000 -0.848635 -0.528979 -0.000000 0.842023 -0.539442 -0.000000 -1 11
190.528793 75.558075 4.000000 0.949762 0.312973 0.000000 -0.678819 0.734305 0.000000 -0.198351 -0.980131 -0.000000 -1 14
235.287186 91.280846 4.000000 0.142816 0.989749 0.000000 -0.945274 -0.326278 0.000000 0.705056 -0.709152 -0.000000 -1 16
279.688629 98.258362 4.000000 0.477509 0.878627 0.000000 -0.979867 -0.199650 -0.000000 0.690422 -0.723407 0.000000 -1 20
88.483238 104.560463 4.000000 -0.430456 0.902612 0.000000 -0.586045 -0.810279 -0.000000 0.999999 0.001684 0.000000 -1 21
182.455276 115.566719 4.000000 0.462109 0.886823 0.000000 -0.997061 0.076614 -0.000000 0.466786 -0.884370 -0.000000 -1 24
10.467435 121.552170 4.000000 0.926188 0.377061 0.000000 -0.719139 0.694866 0.000000 -0.207779 -0.978176 -0.000000 -1 25
118.590675 123.452263 4.000000 0.301972 0.953317 0.000000 -0.945228 -0.326411 -0.000000 0.724290 -0.689496 -0.000000 -1 26
58.534790 132.430557 4.000000 0.593489 0.804842 0.000000 -0.996939 0.078186 0.000000 0.416714 -0.909037 -0.000000 -1 27
266.488190 139.543335 4.000000 0.745102 0.666950 0.000000 -0.938783 0.344508 -0.000000 0.229285 -0.973359 -0.000000 -1 29
85.562523 169.494171 4.000000 0.593302 0.804980 0.000000 -0.982888 0.184207 0.000000 0.426830 -0.904332 -0.000000 -1 31
266.530304 186.574005 4.000000 0.779497 0.626406 0.000000 -0.915174 0.403059 0.000000 0.030821 -0.999525 -0.000000 -1 32
217.537003 195.562271 4.000000 0.793943 0.607992 0.000000 -0.865749 0.500479 0.000000 0.102171 -0.994767 0.000000 -1 35
194.511978 200.458664 4.000000 -0.144637 0.989485 0.000000 -0.706219 -0.707993 -0.000000 0.922990 -0.384824 -0.000000 -1 38
249.482254 211.417755 4.000000 0.905291 0.424791 0.000000 -0.918256 0.395988 0.000000 -0.012492 -0.999922 -0.000000 -1 42
158.712814 220.715866 4.000000 0.324550 0.945869 0.000000 -0.984776 -0.173826 0.000000 0.747208 -0.664590 -0.000000 -1 44
43.463230 236.439392 4.000000 -0.764310 0.644849 0.000000 -0.235520 -0.971870 -0.000000 0.960556 0.278087 0.000000 -1 46
257.462769 236.587784 4.000000 0.740967 0.671541 0.000000 -0.942960 0.332905 0.000000 0.262529 -0.964924 -0.000000 -1 47
206.410812 252.429916 4.000000 0.268615 0.963248 0.000000 -0.960814 -0.277195 -0.000000 0.618445 -0.785828 -0.000000 -1 50
456.458008 258.447815 4.000000 0.302606 0.953116 0.000000 -0.969937 -0.243354 -0.000000 0.619894 -0.784685 -0.000000 -1 52
89.293732 264.273987 4.000000 0.345734 0.938333 0.000000 -0.980302 -0.197505 -0.000000 0.602043 -0.798464 -0.000000 -1 53
296.568512 278.464569 4.000000 -0.178842 0.983878 0.000000 -0.717311 -0.696754 -0.000000 0.966341 -0.257265 0.000000 -1 54
48.434795 299.458710 4.000000 -0.400962 0.916095 0.000000 -0.647825 -0.761789 -0.000000 0.971427 -0.237338 -0.000000 -1 56
