196.475998 4.584377 4.000000 -0.177720 0.984081 0.000000 -0.798570 -0.601902 -0.000000 0.967937 -0.251195 -0.000000 -1 1
527.582520 7.553028 4.000000 -0.617868 0.786282 0.000000 -0.245082 -0.969502 -0.000000 0.968299 0.249795 0.000000 -1 2
248.544998 13.417862 4.000000 -0.816880 0.576807 0.000000 -0.175504 -0.984479 0.000000 0.953977 0.299879 0.000000 -1 5
77.591057 22.447203 4.000000 0.085913 0.996303 0.000000 -0.829675 -0.558247 -0.000000 0.855513 -0.517782 -0.000000 -1 6
299.432953 26.461843 4.000000 -0.573068 0.819508 0.000000 -0.469802 -0.882772 -0.000000 0.998317 0.057985 0.000000 -1 9
231.426559 30.445814 4.000000 0.135943 0.990717 0.000000 -0.920828 -0.389968 -0.000000 0.770814 -0.637060 -0.000000 -1 11
271.452576 46.532394 4.000000 -0.078579 0.996908 0.000000 -0.879236 -0.476387 -0.000000 0.908227 -0.418478 -0.000000 -1 15
127.453918 79.474731 4.000000 0.776510 0.630104 0.000000 -0.956025 0.293284 0.000000 0.149893 -0.988702 -0.000000 -1 18
196.392639 82.534698 4.000000 -0.045731 0.998954 0.000000 -0.855177 -0.518335 0.000000 0.853317 -0.521392 -0.000000 -1 19
234.480820 95.533577 4.000000 0.211913 0.977288 0.000000 -0.963754 -0.266791 0.000000 0.751599 -0.659620 -0.000000 -1 21
63.529137 108.514343 4.000000 0.752653 0.658417 0.000000 -0.887171 0.461442 0.000000 0.138192 -0.990405 -0.000000 -1 22
101.418015 111.462242 4.000000 0.569711 0.821845 0.000000 -0.999381 0.035166 0.000000 0.387815 -0.921737 -0.000000 -1 23
236.474213 117.597008 4.000000 0.886621 0.462497 0.000000 -0.813453 0.581630 0.000000 -0.180687 -0.983541 -0.000000 -1 24
159.526825 120.424721 4.000000 0.221826 0.975086 0.000000 -0.927625 -0.373512 0.000000 0.745592 -0.666403 -0.000000 -1 25
272.422577 125.455353 4.000000 -0.494723 0.869051 0.000000 -0.579460 -0.815001 -0.000000 0.993677 -0.112273 -0.000000 -1 28
87.558220 136.499191 4.000000 0.230600 0.973049 0.000000 -0.938621 -0.344949 -0.000000 0.781878 -0.623431 -0.000000 -1 31
1.454794 167.552887 4.000000 0.361919 0.932210 0.000000 -0.999186 -0.040346 -0.000000 0.580085 -0.814556 -0.000000 -1 33
200.499573 172.518173 4.000000 -0.406054 0.913849 0.000000 -0.580994 -0.813908 -0.000000 0.999367 -0.035589 0.000000 -1 34
151.453323 183.592148 4.000000 -0.567958 0.823057 0.000000 -0.460113 -0.887860 -0.000000 0.985516 0.169585 -0.000000 -1 35
248.520294 185.591187 4.000000 0.729319 0.684174 0.000000 -0.927353 0.374188 -0.000000 0.236159 -0.971715 -0.000000 -1 36
101.461105 197.494888 4.000000 -0.422283 0.906464 0.000000 -0.606874 -0.794798 -0.000000 0.996299 -0.085952 0.000000 -1 39
296.496643 199.538681 4.000000 -0.220830 0.975312 0.000000 -0.753460 -0.657494 -0.000000 0.952362 -0.304970 -0.000000 -1 40
31.464241 210.568680 4.000000 0.278530 0.960428 0.000000 -0.993623 -0.112750 -0.000000 0.665418 -0.746471 -0.000000 -1 44
74.529465 221.599625 4.000000 0.251302 0.967909 0.000000 -0.946455 -0.322837 -0.000000 0.893402 -0.449257 0.000000 -1 46
118.515099 221.495926 4.000000 0.943811 0.330487 0.000000 -0.782436 0.622732 0.000000 -0.155418 -0.987849 0.000000 -1 47
225.467010 242.548508 4.000000 0.768340 0.640042 0.000000 -0.918000 0.396581 0.000000 0.126695 -0.991942 -0.000000 -1 52
131.454422 247.456284 4.000000 -0.431305 0.902206 0.000000 -0.632172 -0.774828 -0.000000 0.991312 -0.131535 -0.000000 -1 54
600.530884 248.575043 4.000000 0.438076 0.898938 0.000000 -0.999084 0.042789 0.000000 0.540050 -0.841633 -0.000000 -1 56
300.421295 254.474701 4.000000 -0.603679 0.797227 0.000000 -0.453100 -0.891460 -0.000000 0.998934 0.046162 0.000000 -1 58
456.582062 257.543823 4.000000 0.383965 0.923347 0.000000 -0.981592 -0.190989 -0.000000 0.720778 -0.693166 -0.000000 -1 59
220.414246 297.444122 4.000000 0.668673 0.743557 0.000000 -0.993321 0.115381 0.000000 0.178179 -0.983998 -0.000000 -1 62
