227.455109 0.562648 4.000000 0.924123 0.382096 -0.000000 -0.732359 0.680918 0.000000 -0.209783 -0.977748 -0.000000 -1 1
89.530609 3.432374 4.000000 -0.738014 0.674785 0.000000 -0.146513 -0.989209 -0.000000 0.954962 0.296729 0.000000 -1 2
522.521606 5.561633 4.000000 -0.624228 0.781242 0.000000 -0.318510 -0.947920 -0.000000 0.966339 0.257272 0.000000 -1 3
197.484192 8.443807 4.000000 0.040649 0.999173 0.000000 -0.884429 -0.466676 -0.000000 0.786337 -0.617798 -0.000000 -1 4
267.432587 20.541019 4.000000 0.770451 0.637500 0.000000 -0.925275 0.379296 0.000000 0.089039 -0.996028 -0.000000 -1 5
302.459595 39.512356 4.000000 -0.441817 0.897105 0.000000 -0.577058 -0.816703 -0.000000 0.998161 -0.060621 -0.000000 -1 10
6.566878 40.422657 4.000000 -0.604621 0.796514 0.000000 -0.249168 -0.968460 -0.000000 0.999125 0.041835 0.000000 -1 11
65.548012 47.484222 4.000000 -0.367124 0.930172 0.000000 -0.670456 -0.741949 -0.000000 0.984197 -0.177078 -0.000000 -1 12
119.446114 49.567120 4.000000 0.893769 0.448528 0.000000 -0.764609 0.644494 0.000000 -0.120018 -0.992772 0.000000 -1 14
192.459213 49.529308 4.000000 -0.501412 0.865208 0.000000 -0.559540 -0.828803 -0.000000 0.996222 0.086848 0.000000 -1 16
151.469635 77.506241 4.000000 0.005897 0.999983 0.000000 -0.904232 -0.427041 0.000000 0.831656 -0.555291 -0.000000 -1 20
199.427734 94.554924 4.000000 0.915762 0.401722 0.000000 -0.756535 0.653953 0.000000 -0.221617 -0.975134 -0.000000 -1 21
491.549072 96.511414 4.000000 0.239946 0.970786 0.000000 -0.947766 -0.318965 -0.000000 0.771061 -0.636762 -0.000000 -1 22
87.531364 101.516586 4.000000 0.856580 0.516014 0.000000 -0.899327 0.437276 0.000000 0.012735 -0.999919 -0.000000 -1 23
257.447205 118.493736 4.000000 0.195848 0.980634 0.000000 -0.948488 -0.316814 -0.000000 0.735967 -0.677017 -0.000000 -1 26
130.540833 134.577682 4.000000 0.941183 0.337898 0.000000 -0.654950 0.755672 0.000000 -0.220628 -0.975358 -0.000000 -1 30
43.571827 136.484589 4.000000 0.075202 0.997168 0.000000 -0.844031 -0.536294 -0.000000 0.916598 -0.399810 -0.000000 -1 31
95.543419 157.414795 4.000000 0.911534 0.411224 0.000000 -0.872389 0.488812 0.000000 -0.007170 -0.999974 -0.000000 -1 33
277.452637 157.558899 4.000000 0.832444 0.554109 0.000000 -0.880374 0.474279 0.000000 0.047437 -0.998874 -0.000000 -1 34
233.497238 169.394577 4.000000 0.582124 0.813100 0.000000 -0.998828 -0.048396 -0.000000 0.483551 -0.875316 -0.000000 -1 35
54.534492 193.558853 4.000000 -0.286522 0.958074 0.000000 -0.760150 -0.649747 -0.000000 0.988951 -0.148242 0.000000 -1 38
434.450287 196.491928 4.000000 -0.391084 0.920355 0.000000 -0.661014 -0.750373 -0.000000 0.983155 -0.182775 -0.000000 -1 40
129.464661 210.465912 4.000000 -0.346009 0.938231 0.000000 -0.679097 -0.734048 -0.000000 0.978955 -0.204076 0.000000 -1 42
81.572029 228.511627 4.000000 -0.208776 0.977963 0.000000 -0.673185 -0.739474 -0.000000 0.978325 -0.207076 -0.000000 -1 45
180.528320 236.407028 4.000000 -0.851528 0.524309 0.000000 -0.056316 -0.998413 -0.000000 0.937047 0.349204 0.000000 -1 47
122.475578 242.552979 4.000000 0.575799 0.817592 0.000000 -0.991305 0.131581 0.000000 0.391597 -0.920137 -0.000000 -1 49
165.472198 248.538254 4.000000 0.145338 0.989382 0.000000 -0.937146 -0.348938 -0.000000 0.807403 -0.590000 -0.000000 -1 50
458.528503 259.578827 4.000000 0.355648 0.934620 0.000000 -0.996889 -0.078821 -0.000000 0.661290 -0.750130 -0.000000 -1 53
96.303635 268.342468 4.000000 0.042942 0.999078 0.000000 -0.998241 -0.059279 -0.000000 0.698436 -0.715672 -0.000000 -1 55
296.540863 270.551880 4.000000 -0.699315 0.714814 0.000000 -0.320743 -0.947166 -0.000000 0.977857 0.209273 0.000000 -1 57
250.554535 274.495575 4.000000 -0.285804 0.958288 0.000000 -0.356223 -0.934401 -0.000000 0.921256 -0.388956 -0.000000 -1 60
35.429531 284.456299 4.000000 -0.329065 0.944307 0.000000 -0.745644 -0.666345 -0.000000 0.961684 -0.274159 -0.000000 -1 64
