47.404736 300.564362 4.000000 -0.165128 0.986272 0.000000 -0.828190 -0.560448 -0.000000 0.901211 -0.433381 -0.000000 -1 1
526.587585 7.413995 4.000000 -0.665700 0.746219 0.000000 -0.197754 -0.980252 0.000000 0.994584 0.103940 -0.000000 -1 3
212.722275 32.281708 4.000000 0.348475 0.937318 0.000000 -0.972754 -0.231841 -0.000000 0.644670 -0.764461 -0.000000 -1 6
143.453629 34.437504 4.000000 -0.738241 0.674537 0.000000 -0.344196 -0.938898 -0.000000 0.979999 0.199004 0.000000 -1 7
99.432953 47.490189 4.000000 -0.730937 0.682445 0.000000 -0.136868 -0.990589 -0.000000 0.982931 0.183975 -0.000000 -1 10
129.555725 49.557255 4.000000 0.394210 0.919020 0.000000 -0.979799 -0.199983 0.000000 0.740537 -0.672015 -0.000000 -1 11
244.434982 63.575367 4.000000 -0.638390 0.769713 0.000000 -0.445771 -0.895147 -0.000000 0.976981 0.213328 0.000000 -1 13
91.729630 99.715057 4.000000 -0.035111 0.999383 0.000000 -0.828197 -0.560438 -0.000000 0.926358 -0.376644 -0.000000 -1 15
181.511551 113.510139 4.000000 0.075459 0.997149 0.000000 -0.894990 -0.446086 0.000000 0.836613 -0.547795 -0.000000 -1 16
117.485229 122.442917 4.000000 0.226684 0.973968 0.000000 -0.951590 -0.307371 0.000000 0.693187 -0.720758 -0.000000 -1 17
11.504525 124.485458 4.000000 -0.691037 0.722820 0.000000 -0.254967 -0.966950 -0.000000 0.971922 0.235303 0.000000 -1 18
209.525635 152.547318 4.000000 0.797173 0.603751 0.000000 -0.722870 0.690984 0.000000 -0.041897 -0.999122 -0.000000 -1 23
167.237427 166.591278 4.000000 0.887528 0.460755 0.000000 -0.761668 0.647968 0.000000 -0.226878 -0.973923 -0.000000 -1 27
14.504475 179.566910 4.000000 -0.642709 0.766110 0.000000 -0.310850 -0.950459 -0.000000 0.966104 0.258154 0.000000 -1 29
218.440277 196.437653 4.000000 -0.817860 0.575417 0.000000 -0.181461 -0.983398 -0.000000 0.941793 0.336193 0.000000 -1 30
191.510284 198.552475 4.000000 -0.153105 0.988210 0.000000 -0.801595 -0.597867 -0.000000 0.937267 -0.348613 -0.000000 -1 32
115.716316 205.294693 4.000000 -0.480512 0.876988 0.000000 -0.474379 -0.880321 -0.000000 0.999961 -0.008855 0.000000 -1 33
244.430115 209.507355 4.000000 0.256960 0.966422 0.000000 -0.983194 -0.182562 0.000000 0.657245 -0.753677 -0.000000 -1 34
163.449661 219.560547 4.000000 0.287463 0.957792 0.000000 -0.999992 -0.003879 0.000000 0.602108 -0.798415 0.000000 -1 38
105.448128 226.547516 4.000000 0.781654 0.623712 0.000000 -0.936014 0.351964 0.000000 0.119377 -0.992849 -0.000000 -1 40
2.560205 232.517548 4.000000 0.356032 0.934474 0.000000 -0.983569 -0.180535 0.000000 0.721552 -0.692360 -0.000000 -1 42
173.543411 246.588242 4.000000 -0.264946 0.964263 0.000000 -0.640272 -0.768148 -0.000000 0.996467 -0.083987 -0.000000 -1 45
45.583088 250.473816 4.000000 0.269384 0.963033 0.000000 -0.945953 -0.324304 -0.000000 0.777472 -0.628917 -0.000000 -1 47
208.552139 252.423447 4.000000 0.484304 0.874900 0.000000 -0.987948 -0.154786 0.000000 0.553908 -0.832578 -0.000000 -1 48
456.424866 258.453888 4.000000 0.271614 0.962406 0.000000 -0.974302 -0.225247 -0.000000 0.606010 -0.795457 -0.000000 -1 50
124.411278 259.475464 4.000000 -0.533765 0.845633 0.000000 -0.262857 -0.964835 -0.000000 0.968587 -0.248674 -0.000000 -1 51
252.509384 260.571686 4.000000 0.049076 0.998795 0.000000 -0.895247 -0.445570 -0.000000 0.918638 -0.395101 0.000000 -1 53
84.462387 265.385803 4.000000 0.317056 0.948407 0.000000 -0.943566 -0.331186 0.000000 0.704260 -0.709942 -0.000000 -1 56
301.436676 270.435791 4.000000 -0.737637 0.675198 0.000000 -0.320671 -0.947191 -0.000000 0.972887 0.231283 -0.000000 -1 58
166.431732 288.457642 4.000000 -0.402684 0.915339 0.000000 -0.721637 -0.692272 -0.000000 0.978202 -0.207657 -0.000000 -1 60
286.433685 289.563934 4.000000 0.044414 0.999013 0.000000 -0.935509 -0.353303 0.000000 0.835588 -0.549357 -0.000000 -1 61
83.273140 293.285034 4.000000 0.565177 0.824970 0.000000 -0.999259 0.038494 0.000000 0.332565 -0.943080 -0.000000 -1 63
