521.454163 5.455877 4.000000 -0.707700 0.706513 0.000000 -0.331848 -0.943333 -0.000000 0.982331 0.187153 0.000000 -1 1
271.452820 28.443275 4.000000 -0.554740 0.832024 0.000000 -0.366140 -0.930560 0.000000 0.998383 0.056851 0.000000 -1 5
100.426300 32.409443 4.000000 -0.649313 0.760521 0.000000 -0.461431 -0.887176 0.000000 0.996810 0.079815 0.000000 -1 7
152.569626 38.560463 4.000000 -0.456473 0.889737 0.000000 -0.515542 -0.856864 0.000000 0.999968 0.008018 -0.000000 -1 9
216.427032 41.460281 4.000000 0.852506 0.522718 0.000000 -0.897758 0.440489 0.000000 -0.027199 -0.999630 -0.000000 -1 10
300.549713 46.494831 4.000000 -0.392015 0.919959 0.000000 -0.515589 -0.856836 0.000000 0.997569 -0.069687 -0.000000 -1 11
126.558334 50.583229 4.000000 0.293268 0.956030 0.000000 -0.981930 -0.189242 -0.000000 0.744344 -0.667796 -0.000000 -1 12
36.585434 54.504585 4.000000 0.787422 0.616415 0.000000 -0.892724 0.450603 0.000000 0.168548 -0.985693 -0.000000 -1 14
230.454849 58.428928 4.000000 -0.073555 0.997291 0.000000 -0.805064 -0.593188 -0.000000 0.914082 -0.405530 -0.000000 -1 17
84.425529 62.479866 4.000000 0.200135 0.979768 0.000000 -0.962949 -0.269683 -0.000000 0.721958 -0.691937 -0.000000 -1 18
10.278956 64.715240 4.000000 -0.340599 0.940209 0.000000 -0.660638 -0.750705 -0.000000 0.983060 -0.183281 -0.000000 -1 20
114.553391 84.480057 4.000000 -0.466189 0.884685 0.000000 -0.248519 -0.968627 -0.000000 0.963006 0.269478 0.000000 -1 23
161.415375 90.559250 4.000000 -0.513275 0.858224 0.000000 -0.595491 -0.803362 -0.000000 0.999569 -0.029346 0.000000 -1 26
494.487152 92.433464 4.000000 0.171017 0.985268 0.000000 -0.918264 -0.395969 -0.000000 0.732327 -0.680953 0.000000 -1 28
244.446365 94.587532 4.000000 -0.158755 0.987318 0.000000 -0.916093 -0.400966 -0.000000 0.898572 -0.438826 0.000000 -1 29
383.506714 100.449684 4.000000 0.712070 0.702109 0.000000 -0.982009 0.188832 0.000000 0.281861 -0.959455 -0.000000 -1 31
27.496140 118.560280 4.000000 0.256876 0.966444 0.000000 -0.980294 -0.197543 0.000000 0.650224 -0.759742 -0.000000 -1 32
129.460617 126.538330 4.000000 0.949428 0.313986 0.000000 -0.634428 0.772982 0.000000 -0.276648 -0.960971 -0.000000 -1 35
166.456848 151.488892 4.000000 0.775055 0.631894 0.000000 -0.962427 0.271540 0.000000 0.208086 -0.978111 -0.000000 -1 37
34.602600 158.520828 4.000000 -0.066439 0.997790 0.000000 -0.733795 -0.679371 -0.000000 0.932056 -0.362314 -0.000000 -1 40
237.490784 171.571533 4.000000 0.411859 0.911248 -0.000000 -0.998342 -0.057566 0.000000 0.649528 -0.760338 -0.000000 -1 42
113.515793 174.404892 4.000000 -0.739748 0.672884 0.000000 -0.249492 -0.968377 -0.000000 0.980597 0.196036 0.000000 -1 44
187.435715 180.550674 4.000000 0.809986 0.586450 -0.000000 -0.871672 0.490089 0.000000 -0.015610 -0.999878 -0.000000 -1 45
0.554042 189.547882 4.000000 0.509672 0.860369 0.000000 -0.999492 0.031878 0.000000 0.538677 -0.842512 -0.000000 -1 46
436.534851 195.556808 4.000000 -0.350896 0.936415 0.000000 -0.595529 -0.803334 -0.000000 0.998746 -0.050068 0.000000 -1 49
198.560028 207.536865 4.000000 -0.223529 0.974697 0.000000 -0.587944 -0.808902 -0.000000 0.999959 -0.009068 0.000000 -1 52
47.501957 212.425064 4.000000 -0.191646 0.981464 0.000000 -0.702667 -0.711518 0.000000 0.926673 -0.375868 -0.000000 -1 54
130.487823 219.460892 4.000000 -0.537778 0.843087 0.000000 -0.502012 -0.864861 -0.000000 0.999418 -0.034113 0.000000 -1 55
248.524689 224.591675 4.000000 0.161954 0.986798 0.000000 -0.955378 -0.295385 -0.000000 0.810631 -0.585558 0.000000 -1 56
286.466217 224.566711 4.000000 0.817265 0.576263 0.000000 -0.903942 0.427655 0.000000 0.201501 -0.979488 -0.000000 -1 57
99.577202 234.564789 4.000000 0.449020 0.893522 0.000000 -0.999627 -0.027315 0.000000 0.677596 -0.735435 -0.000000 -1 61
54.501022 258.529785 4.000000 0.668024 0.744140 0.000000 -0.961150 0.276028 0.000000 0.276384 -0.961047 -0.000000 -1 65
109.560417 258.407776 4.000000 -0.515087 0.857138 0.000000 -0.441384 -0.897318 -0.000000 0.993854 -0.110694 0.000000 -1 66
1.523839 259.461029 4.000000 0.507276 0.861784 0.000000 -0.999995 -0.003018 0.000000 0.502079 -0.864822 -0.000000 -1 67
460.517242 259.535187 4.000000 0.358634 0.933478 0.000000 -0.991682 -0.128709 -0.000000 0.649573 -0.760299 -0.000000 -1 68
221.441574 267.413727 4.000000 0.471384 0.881928 0.000000 -0.993966 -0.109686 -0.000000 0.446827 -0.894621 -0.000000 -1 69
253.463684 272.398163 4.000000 0.689302 0.724474 0.000000 -0.999445 0.033298 0.000000 0.365238 -0.930914 -0.000000 -1 72
17.600647 292.500122 4.000000 -0.105678 0.994400 0.000000 -0.592585 -0.805508 0.000000 0.804066 -0.594540 -0.000000 -1 75
65.486168 294.423187 4.000000 -0.213605 0.976920 0.000000 -0.694416 -0.719574 -0.000000 0.912009 -0.410170 0.000000 -1 76
172.458328 298.535706 4.000000 -0.572970 0.819576 0.000000 -0.475608 -0.879658 -0.000000 0.992260 0.124180 0.000000 -1 79
