526.538208 5.541009 4.000000 -0.640187 0.768219 0.000000 -0.283033 -0.959110 0.000000 0.969453 0.245277 0.000000 -1 2
158.444656 15.469492 4.000000 0.733021 0.680205 0.000000 -0.963231 0.268673 0.000000 0.159212 -0.987244 -0.000000 -1 7
26.558008 16.457376 4.000000 0.659609 0.751609 0.000000 -0.951420 0.307896 0.000000 0.268023 -0.963412 -0.000000 -1 8
252.573883 24.497746 4.000000 0.254896 0.966968 0.000000 -0.948502 -0.316770 -0.000000 0.775373 -0.631504 -0.000000 -1 9
95.552452 28.476595 4.000000 -0.268919 0.963163 0.000000 -0.662475 -0.749084 -0.000000 0.976963 -0.213407 -0.000000 -1 11
216.519531 38.425503 4.000000 -0.572170 0.820135 0.000000 -0.377468 -0.926023 -0.000000 0.999887 -0.015064 0.000000 -1 12
88.582321 60.516079 4.000000 0.145849 0.989307 0.000000 -0.903264 -0.429085 -0.000000 0.821521 -0.570178 -0.000000 -1 14
43.709511 91.724594 4.000000 -0.485184 0.874412 0.000000 -0.418563 -0.908188 -0.000000 0.985970 0.166920 -0.000000 -1 18
105.497543 97.593735 4.000000 -0.529900 0.848060 0.000000 -0.800970 -0.598704 -0.000000 0.996549 -0.083002 0.000000 -1 20
181.560577 107.592445 4.000000 -0.270966 0.962589 0.000000 -0.661452 -0.749987 -0.000000 0.994555 -0.104214 0.000000 -1 22
97.462296 131.443985 4.000000 0.903925 0.427692 0.000000 -0.844488 0.535574 0.000000 -0.082597 -0.996583 -0.000000 -1 24
165.661423 132.243225 4.000000 0.712212 0.701965 0.000000 -0.993110 0.117190 0.000000 0.423540 -0.905877 -0.000000 -1 25
33.604275 138.547607 4.000000 -0.098457 0.995141 0.000000 -0.694266 -0.719718 -0.000000 0.942836 -0.333257 -0.000000 -1 27
212.510269 147.618027 4.000000 -0.598669 0.800997 0.000000 -0.699349 -0.714780 -0.000000 0.999745 0.022571 -0.000000 -1 29
145.501907 152.429565 4.000000 -0.393942 0.919135 0.000000 -0.598282 -0.801285 -0.000000 0.971092 -0.238708 -0.000000 -1 32
73.470566 170.588150 4.000000 -0.220573 0.975370 0.000000 -0.763273 -0.646076 -0.000000 0.969818 -0.243831 -0.000000 -1 34
90.456474 170.522629 4.000000 0.506796 0.862066 0.000000 -0.993225 0.116203 0.000000 0.478591 -0.878038 -0.000000 -1 35
118.556854 173.518585 4.000000 0.501141 0.865366 0.000000 -0.999980 0.006380 0.000000 0.552718 -0.833368 -0.000000 -1 37
12.295881 189.724808 4.000000 0.965904 0.258899 -0.000000 -0.660302 0.751000 0.000000 -0.330074 -0.943955 -0.000000 -1 39
241.726700 189.713776 4.000000 0.140379 0.990098 0.000000 -0.907627 -0.419778 -0.000000 0.861947 -0.506998 -0.000000 -1 40
183.435944 191.521332 4.000000 0.015384 0.999882 0.000000 -0.926697 -0.375809 -0.000000 0.794228 -0.607620 -0.000000 -1 41
50.493763 228.556534 4.000000 0.312250 0.950000 0.000000 -0.981792 -0.189958 -0.000000 0.773043 -0.634354 -0.000000 -1 46
600.497437 233.534149 4.000000 0.433746 0.901035 0.000000 -0.999755 -0.022127 -0.000000 0.522223 -0.852809 -0.000000 -1 49
177.733322 235.684814 4.000000 -0.088519 0.996074 0.000000 -0.757631 -0.652683 -0.000000 0.944490 -0.328541 -0.000000 -1 50
298.422302 237.527145 4.000000 -0.600847 0.799364 0.000000 -0.481794 -0.876285 -0.000000 0.996943 0.078134 -0.000000 -1 51
265.553711 247.494156 4.000000 0.203293 0.979118 0.000000 -0.958698 -0.284426 0.000000 0.744884 -0.667194 -0.000000 -1 54
112.483925 255.490173 4.000000 0.463095 0.886309 0.000000 -0.999444 -0.033340 0.000000 0.516483 -0.856297 -0.000000 -1 56
456.412415 259.419098 4.000000 0.282185 0.959360 0.000000 -0.963845 -0.266465 -0.000000 0.578034 -0.816012 -0.000000 -1 58
42.573250 263.424255 4.000000 0.735243 0.677803 0.000000 -0.977806 0.209513 0.000000 0.349844 -0.936808 -0.000000 -1 59
240.586029 272.429657 4.000000 0.433700 0.901057 0.000000 -0.997550 -0.069954 -0.000000 0.572011 -0.820246 0.000000 -1 60
204.492691 273.523499 4.000000 -0.546112 0.837712 0.000000 -0.420648 -0.907224 -0.000000 0.990344 0.138630 0.000000 -1 61
599.578491 275.535431 4.000000 0.336484 0.941689 0.000000 -0.966596 -0.256306 -0.000000 0.746298 -0.665612 -0.000000 -1 62
158.490540 278.551636 4.000000 -0.126775 0.991932 0.000000 -0.738247 -0.674531 -0.000000 0.977814 -0.209477 0.000000 -1 63
52.549202 297.418213 4.000000 -0.449608 0.893226 0.000000 -0.460017 -0.887910 0.000000 0.990592 -0.136850 -0.000000 -1 68
113.432716 298.468079 4.000000 -0.747180 0.664622 0.000000 -0.379523 -0.925182 -0.000000 0.976314 0.216360 0.000000 -1 69
