92.421387 5.562479 4.000000 0.946547 0.322566 0.000000 -0.712745 0.701424 0.000000 -0.340571 -0.940219 -0.000000 -1 2
523.421326 5.468705 4.000000 -0.705246 0.708963 0.000000 -0.395899 -0.918294 -0.000000 0.983709 0.179768 0.000000 -1 4
213.518906 37.494347 4.000000 0.462552 0.886592 0.000000 -0.998535 -0.054110 0.000000 0.545473 -0.838129 -0.000000 -1 8
300.486237 39.537609 4.000000 -0.428479 0.903552 0.000000 -0.571895 -0.820327 -0.000000 0.999238 -0.039023 0.000000 -1 9
92.675514 44.287193 4.000000 0.722602 0.691264 0.000000 -0.989313 0.145810 0.000000 0.169338 -0.985558 -0.000000 -1 10
44.486778 47.521599 4.000000 0.746866 0.664974 0.000000 -0.904505 0.426462 0.000000 0.103607 -0.994618 -0.000000 -1 12
113.505882 49.453026 4.000000 -0.234817 0.972040 0.000000 -0.699223 -0.714904 -0.000000 0.948456 -0.316908 -0.000000 -1 13
227.468262 60.457897 4.000000 -0.717295 0.696769 0.000000 -0.383741 -0.923441 -0.000000 0.988080 0.153943 -0.000000 -1 17
103.404091 67.477745 4.000000 0.102792 0.994703 0.000000 -0.862996 -0.505211 -0.000000 0.603816 -0.797123 -0.000000 -1 18
278.434906 69.459259 4.000000 0.864471 0.502683 0.000000 -0.859127 0.511762 0.000000 -0.046047 -0.998939 0.000000 -1 19
147.557083 79.530113 4.000000 -0.298163 0.954515 0.000000 -0.624604 -0.780941 -0.000000 0.992146 -0.125086 0.000000 -1 22
49.425232 92.469215 4.000000 -0.613955 0.789341 0.000000 -0.465084 -0.885267 0.000000 0.998902 0.046854 0.000000 -1 26
197.592529 96.495750 4.000000 -0.732027 0.681276 0.000000 -0.091194 -0.995833 -0.000000 0.945168 0.326585 0.000000 -1 27
491.436676 97.581657 4.000000 0.119048 0.992889 0.000000 -0.977418 -0.211314 0.000000 0.756003 -0.654568 -0.000000 -1 28
118.412422 100.491020 4.000000 0.350639 0.936511 0.000000 -0.997463 -0.071184 0.000000 0.534688 -0.845049 -0.000000 -1 29
235.252670 111.674835 4.000000 0.928080 0.372380 0.000000 -0.714384 0.699753 0.000000 -0.257867 -0.966180 -0.000000 -1 31
255.564621 118.440079 4.000000 -0.029390 0.999568 0.000000 -0.799570 -0.600573 -0.000000 0.890957 -0.454088 0.000000 -1 33
172.552032 135.479065 4.000000 -0.367968 0.929838 0.000000 -0.511597 -0.859226 0.000000 0.999221 -0.039468 -0.000000 -1 36
47.713207 136.729187 4.000000 0.083029 0.996547 0.000000 -0.901327 -0.433140 -0.000000 0.894118 -0.447831 -0.000000 -1 37
301.545929 144.491394 4.000000 -0.386790 0.922168 0.000000 -0.524851 -0.851194 -0.000000 0.997045 -0.076822 0.000000 -1 40
10.446988 147.513382 4.000000 -0.781084 0.624425 0.000000 -0.342360 -0.939569 -0.000000 0.958742 0.284278 0.000000 -1 41
92.579178 157.557266 4.000000 0.875138 0.483874 0.000000 -0.818063 0.575129 0.000000 0.038009 -0.999277 -0.000000 -1 44
60.444080 172.548218 4.000000 0.730303 0.683123 0.000000 -0.903323 0.428961 0.000000 0.164153 -0.986435 -0.000000 -1 46
433.520874 197.434921 4.000000 -0.336201 0.941790 0.000000 -0.612658 -0.790348 -0.000000 0.967613 -0.252439 -0.000000 -1 49
156.472870 208.407806 4.000000 0.144890 0.989448 0.000000 -0.887316 -0.461162 -0.000000 0.766598 -0.642128 -0.000000 -1 50
261.441803 214.426086 4.000000 0.271845 0.962341 0.000000 -0.968767 -0.247973 -0.000000 0.628913 -0.777475 -0.000000 -1 51
6.471479 221.537323 4.000000 -0.783390 0.621531 0.000000 -0.017132 -0.999853 -0.000000 0.974778 0.223178 -0.000000 -1 53
178.541183 236.465469 4.000000 0.881274 0.472606 0.000000 -0.872921 0.487861 0.000000 0.022793 -0.999740 -0.000000 -1 56
258.549683 258.581848 4.000000 -0.299878 0.953978 0.000000 -0.627075 -0.778958 -0.000000 0.998147 -0.060848 -0.000000 -1 61
458.442200 260.423035 4.000000 0.338947 0.940806 0.000000 -0.971698 -0.236227 0.000000 0.564286 -0.825579 -0.000000 -1 62
200.461929 269.580780 4.000000 -0.179502 0.983758 0.000000 -0.804825 -0.593512 -0.000000 0.958580 -0.284823 -0.000000 -1 64
53.451363 283.572479 4.000000 0.688163 0.725556 0.000000 -0.943434 0.331560 0.000000 0.190550 -0.981678 -0.000000 -1 65
33.596016 285.477386 4.000000 -0.420234 0.907416 0.000000 -0.454872 -0.890557 -0.000000 0.998784 -0.049306 0.000000 -1 67
223.535461 298.587463 4.000000 0.962471 0.271384 -0.000000 -0.538638 0.842537 0.000000 -0.421731 -0.906721 -0.000000 -1 68
