197.426620 300.450073 4.000000 0.529462 0.848333 0.000000 -0.998194 -0.060076 -0.000000 0.308273 -0.951298 -0.000000 -1 1
527.455627 7.470203 4.000000 -0.698068 0.716031 0.000000 -0.341825 -0.939764 -0.000000 0.981384 0.192057 0.000000 -1 3
231.463593 14.536569 4.000000 -0.633788 0.773507 0.000000 -0.369741 -0.929135 -0.000000 0.967759 0.251880 0.000000 -1 5
211.518433 32.585648 4.000000 0.335048 0.942201 0.000000 -0.997548 -0.069989 -0.000000 0.637609 -0.770360 -0.000000 -1 9
68.466980 34.534439 4.000000 0.821532 0.570162 0.000000 -0.821286 0.570516 -0.000000 -0.026198 -0.999657 -0.000000 -1 10
141.464142 37.453625 4.000000 0.928910 0.370306 0.000000 -0.826259 0.563291 0.000000 -0.158679 -0.987330 0.000000 -1 11
86.521484 45.530106 4.000000 0.008878 0.999961 0.000000 -0.832003 -0.554770 -0.000000 0.855022 -0.518591 0.000000 -1 12
286.529144 59.428398 4.000000 -0.065770 0.997835 0.000000 -0.765792 -0.643089 -0.000000 0.880913 -0.473278 -0.000000 -1 14
190.541656 77.577019 4.000000 -0.587676 0.809097 0.000000 -0.271556 -0.962423 -0.000000 0.975543 0.219810 0.000000 -1 16
238.491364 89.493477 4.000000 0.162162 0.986764 0.000000 -0.971296 -0.237873 -0.000000 0.733435 -0.679759 -0.000000 -1 18
89.541145 103.543961 4.000000 -0.311531 0.950236 0.000000 -0.652339 -0.757927 -0.000000 0.992407 -0.122998 0.000000 -1 23
181.515503 115.572922 4.000000 0.303407 0.952861 0.000000 -0.988503 -0.151202 -0.000000 0.674981 -0.737835 -0.000000 -1 25
10.568605 122.484612 4.000000 -0.703305 0.710888 0.000000 -0.158745 -0.987320 -0.000000 0.962216 0.272287 0.000000 -1 26
118.495811 122.574104 4.000000 0.223524 0.974699 0.000000 -0.978742 -0.205096 -0.000000 0.712105 -0.702073 -0.000000 -1 27
59.269154 131.298294 4.000000 0.522934 0.852373 0.000000 -0.997993 0.063331 0.000000 0.365073 -0.930979 -0.000000 -1 28
266.437408 139.443283 4.000000 0.803895 0.594772 0.000000 -0.950850 0.309651 0.000000 0.114111 -0.993468 -0.000000 -1 29
11.522699 177.451324 4.000000 -0.367881 0.929873 0.000000 -0.588590 -0.808431 -0.000000 0.967654 -0.252283 -0.000000 -1 33
217.544724 195.502167 4.000000 0.885863 0.463946 0.000000 -0.841140 0.540818 0.000000 0.000773 -1.000000 -0.000000 -1 36
192.498306 199.460083 4.000000 -0.111518 0.993762 0.000000 -0.778876 -0.627178 0.000000 0.907514 -0.420022 -0.000000 -1 38
247.544907 209.564346 4.000000 0.659813 0.751430 0.000000 -0.977883 0.209151 0.000000 0.418342 -0.908290 -0.000000 -1 40
159.711899 221.713715 4.000000 0.344987 0.938607 0.000000 -0.989159 -0.146851 0.000000 0.715202 -0.698917 -0.000000 -1 42
254.484222 238.417297 4.000000 0.837934 0.545772 0.000000 -0.975778 0.218763 0.000000 0.271382 -0.962472 0.000000 -1 45
44.421139 241.578888 4.000000 0.754186 0.656661 0.000000 -0.889426 0.457079 0.000000 0.022940 -0.999737 -0.000000 -1 46
207.545837 250.531464 4.000000 0.348376 0.937355 0.000000 -0.980455 -0.196745 -0.000000 0.663933 -0.747792 -0.000000 -1 48
456.444061 258.449493 4.000000 0.290449 0.956890 0.000000 -0.971347 -0.237666 -0.000000 0.614857 -0.788639 -0.000000 -1 49
87.523903 264.528564 4.000000 0.350813 0.936445 0.000000 -0.989244 -0.146275 -0.000000 0.685085 -0.728463 -0.000000 -1 52
297.483978 274.513672 4.000000 -0.344333 0.938848 0.000000 -0.611202 -0.791475 -0.000000 0.995586 -0.093859 0.000000 -1 53
204.553024 279.487732 4.000000 -0.275023 0.961438 0.000000 -0.600679 -0.799490 -0.000000 0.993154 -0.116816 0.000000 -1 54
290.395386 294.544373 4.000000 -0.122525 0.992465 0.000000 -0.855288 -0.518154 -0.000000 0.861254 -0.508175 -0.000000 -1 58
47.457615 299.492767 4.000000 -0.295546 0.955328 0.000000 -0.687370 -0.726307 0.000000 0.955968 -0.293470 -0.000000 -1 59
