528.454529 8.475754 4.000000 -0.705026 0.709181 0.000000 -0.333984 -0.942579 -0.000000 0.977793 0.209575 0.000000 -1 1
161.588669 40.478313 4.000000 -0.477795 0.878472 0.000000 -0.353251 -0.935529 -0.000000 0.998323 -0.057898 0.000000 -1 5
276.538574 40.475533 4.000000 0.911103 0.412178 0.000000 -0.831456 0.555590 0.000000 -0.043988 -0.999032 -0.000000 -1 6
247.545654 45.477283 4.000000 -0.092556 0.995707 0.000000 -0.749585 -0.661908 -0.000000 0.926462 -0.376388 -0.000000 -1 8
255.542557 74.554977 4.000000 0.829327 0.558764 0.000000 -0.895000 0.446067 0.000000 0.052356 -0.998628 -0.000000 -1 12
96.722198 76.712967 4.000000 -0.499940 0.866060 0.000000 -0.409267 -0.912415 0.000000 0.994506 0.104683 0.000000 -1 13
191.449585 76.553391 4.000000 -0.579571 0.814922 0.000000 -0.396703 -0.917947 0.000000 0.997228 0.074402 -0.000000 -1 14
298.452515 78.563538 4.000000 -0.482271 0.876022 0.000000 -0.539748 -0.841826 -0.000000 0.996383 0.084973 -0.000000 -1 15
127.499062 79.488419 4.000000 0.690590 0.723247 0.000000 -0.969994 0.243127 0.000000 0.245496 -0.969398 -0.000000 -1 16
167.725815 98.707405 4.000000 0.777466 0.628925 0.000000 -0.914185 0.405298 0.000000 0.206274 -0.978494 -0.000000 -1 20
101.549240 112.573090 4.000000 0.947497 0.319763 0.000000 -0.608929 0.793224 0.000000 -0.300895 -0.953657 -0.000000 -1 21
63.412281 113.463753 4.000000 -0.739071 0.673627 0.000000 -0.303522 -0.952824 -0.000000 0.947825 0.318791 -0.000000 -1 22
235.729294 119.704414 4.000000 0.897591 0.440829 0.000000 -0.800823 0.598901 0.000000 -0.047519 -0.998870 -0.000000 -1 23
1.547303 121.497482 4.000000 0.542499 0.840056 0.000000 -0.992775 -0.119991 0.000000 0.259087 -0.965854 -0.000000 -1 24
277.574768 125.555290 4.000000 0.232011 0.972713 0.000000 -0.939764 -0.341823 -0.000000 0.813711 -0.581270 -0.000000 -1 26
44.533897 145.509491 4.000000 -0.310105 0.950702 0.000000 -0.636034 -0.771661 0.000000 0.976833 -0.214001 -0.000000 -1 30
251.272064 149.722260 4.000000 -0.216673 0.976244 0.000000 -0.820721 -0.571329 -0.000000 0.944057 -0.329781 -0.000000 -1 31
2.454497 165.535339 4.000000 0.394156 0.919044 0.000000 -0.999369 -0.035527 0.000000 0.576100 -0.817379 -0.000000 -1 35
203.563080 171.504578 4.000000 -0.247534 0.968879 0.000000 -0.674312 -0.738446 -0.000000 0.975402 -0.220435 -0.000000 -1 36
288.555084 177.505798 4.000000 0.345866 0.938284 0.000000 -0.961321 -0.275429 -0.000000 0.760791 -0.648997 -0.000000 -1 37
149.427551 185.536819 4.000000 -0.470070 0.882629 0.000000 -0.632853 -0.774272 -0.000000 0.996031 -0.089012 -0.000000 -1 39
234.454391 213.544647 4.000000 0.026949 0.999637 0.000000 -0.907966 -0.419044 -0.000000 0.871038 -0.491216 -0.000000 -1 42
114.573265 219.476685 4.000000 -0.752930 0.658100 0.000000 -0.073935 -0.997263 -0.000000 0.944793 0.327667 0.000000 -1 43
164.519485 222.571304 4.000000 -0.333596 0.942716 0.000000 -0.586136 -0.810213 -0.000000 0.999911 0.013305 0.000000 -1 45
0.500158 249.456985 4.000000 0.470116 0.882605 0.000000 -0.998229 -0.059494 0.000000 0.491062 -0.871125 -0.000000 -1 50
174.455399 252.539932 4.000000 0.901412 0.432963 0.000000 -0.730440 0.682977 0.000000 -0.179370 -0.983782 -0.000000 -1 51
196.512970 255.458313 4.000000 0.246165 0.969228 0.000000 -0.934073 -0.357083 -0.000000 0.703232 -0.710960 -0.000000 -1 52
457.443359 257.500885 4.000000 0.262525 0.964925 0.000000 -0.981978 -0.188998 0.000000 0.641469 -0.767149 -0.000000 -1 53
41.574226 280.538971 4.000000 -0.218886 0.975750 0.000000 -0.707776 -0.706437 -0.000000 0.964431 -0.264335 0.000000 -1 59
170.487961 288.518494 4.000000 0.333533 0.942738 0.000000 -0.988932 0.148368 0.000000 0.485629 -0.874165 0.000000 -1 61
113.427032 293.557861 4.000000 0.197740 0.980255 0.000000 -0.975513 -0.219944 -0.000000 0.608485 -0.793565 -0.000000 -1 62
215.491516 294.545654 4.000000 0.646362 0.763030 -0.000000 -0.962883 0.269918 0.000000 0.297480 -0.954728 -0.000000 -1 63
