526.508301 5.522108 4.000000 -0.660411 0.750904 0.000000 -0.301558 -0.953448 -0.000000 0.972884 0.231293 -0.000000 -1 1
158.481644 16.482342 4.000000 0.625968 0.779849 0.000000 -0.990057 0.140669 0.000000 0.338631 -0.940919 -0.000000 -1 5
299.553406 16.518663 4.000000 -0.496687 0.867930 0.000000 -0.464952 -0.885336 -0.000000 0.999100 0.042415 0.000000 -1 6
252.447525 24.444355 4.000000 0.142597 0.989781 0.000000 -0.921026 -0.389500 -0.000000 0.782086 -0.623171 -0.000000 -1 7
98.594498 26.435270 4.000000 -0.773220 0.634138 0.000000 -0.018286 -0.999833 -0.000000 0.946364 0.323103 0.000000 -1 8
213.452560 40.546143 4.000000 -0.461654 0.887060 0.000000 -0.613167 -0.789953 -0.000000 0.998454 -0.055582 0.000000 -1 10
131.556305 41.535286 4.000000 -0.325797 0.945440 0.000000 -0.717240 -0.696826 -0.000000 0.983549 -0.180644 -0.000000 -1 11
93.433556 57.420139 4.000000 0.256649 0.966505 0.000000 -0.955781 -0.294081 0.000000 0.607721 -0.794150 -0.000000 -1 14
600.491211 71.474075 4.000000 -0.868487 0.495712 0.000000 -0.436015 -0.899939 0.000000 0.979208 0.202860 -0.000000 -1 18
262.536041 74.470428 4.000000 0.365487 0.930816 0.000000 -0.973870 -0.227104 -0.000000 0.627259 -0.778811 -0.000000 -1 20
41.501877 86.554649 4.000000 -0.643889 0.765119 0.000000 -0.335724 -0.941960 0.000000 0.964892 0.262648 0.000000 -1 23
181.494080 106.430962 4.000000 -0.306982 0.951715 0.000000 -0.626159 -0.779695 -0.000000 0.936351 -0.351064 -0.000000 -1 25
8.455873 107.482933 4.000000 -0.579025 0.815310 0.000000 -0.457611 -0.889152 -0.000000 0.996638 0.081926 0.000000 -1 26
291.453003 123.434326 4.000000 0.433311 0.901244 0.000000 -0.997220 -0.074518 0.000000 0.455270 -0.890353 -0.000000 -1 30
267.501221 128.428314 4.000000 -0.284415 0.958701 0.000000 -0.643995 -0.765029 -0.000000 0.944169 -0.329462 0.000000 -1 31
98.422958 130.425873 4.000000 0.833802 0.552064 0.000000 -0.920888 0.389827 0.000000 -0.002382 -0.999997 -0.000000 -1 32
133.250717 142.335632 4.000000 0.673069 0.739579 0.000000 -0.949380 0.314130 0.000000 0.150243 -0.988649 -0.000000 -1 34
141.531342 161.490952 4.000000 -0.363817 0.931471 0.000000 -0.390972 -0.920403 -0.000000 0.924989 -0.379995 0.000000 -1 36
76.455643 173.459122 4.000000 -0.345302 0.938492 0.000000 -0.718812 -0.695204 -0.000000 0.959510 -0.281674 -0.000000 -1 40
127.473099 186.526306 4.000000 -0.655502 0.755193 0.000000 -0.333500 -0.942750 -0.000000 0.977632 0.210323 -0.000000 -1 41
183.557312 189.558334 4.000000 0.243856 0.969811 0.000000 -0.962046 -0.272889 -0.000000 0.757064 -0.653341 0.000000 -1 43
241.428436 193.490555 4.000000 -0.135539 0.990772 0.000000 -0.877828 -0.478975 -0.000000 0.868653 -0.495421 -0.000000 -1 45
17.455776 194.534546 4.000000 -0.635911 0.771762 0.000000 -0.588531 -0.808475 -0.000000 0.999840 0.017868 0.000000 -1 46
181.551254 232.589203 4.000000 -0.161667 0.986845 0.000000 -0.732243 -0.681043 -0.000000 0.978226 -0.207544 0.000000 -1 49
297.419373 237.544601 4.000000 -0.625543 0.780190 0.000000 -0.459309 -0.888277 -0.000000 0.991703 0.128548 0.000000 -1 50
2.409706 242.236221 4.000000 0.770258 0.637733 0.000000 -0.994898 -0.100884 -0.000000 0.256099 -0.966651 0.000000 -1 52
110.556778 250.521576 4.000000 0.487527 0.873108 0.000000 -0.998029 -0.062750 0.000000 0.586233 -0.810143 -0.000000 -1 55
455.567078 259.448029 4.000000 0.387159 0.922013 0.000000 -0.970196 -0.242323 -0.000000 0.668795 -0.743447 -0.000000 -1 56
36.584949 262.487946 4.000000 0.901142 0.433524 0.000000 -0.832602 0.553871 0.000000 0.028769 -0.999586 -0.000000 -1 57
599.586060 274.515198 4.000000 0.347385 0.937723 0.000000 -0.967570 -0.252604 0.000000 0.733238 -0.679972 -0.000000 -1 59
159.501099 284.492889 4.000000 -0.183431 0.983033 0.000000 -0.760473 -0.649369 -0.000000 0.953260 -0.302153 -0.000000 -1 60
52.547054 296.544861 4.000000 -0.344609 0.938747 0.000000 -0.586568 -0.809900 -0.000000 0.999385 -0.035078 -0.000000 -1 63
