521.557678 5.497353 4.000000 -0.644771 0.764376 0.000000 -0.255377 -0.966841 -0.000000 0.981985 0.188958 0.000000 -1 2
189.519119 13.479772 4.000000 0.257686 0.966229 0.000000 -0.950735 -0.310006 0.000000 0.701437 -0.712731 -0.000000 -1 3
49.463753 14.599558 4.000000 0.594941 0.803770 0.000000 -0.992753 0.120172 0.000000 0.541674 -0.840589 -0.000000 -1 4
272.472992 18.456739 4.000000 0.922022 0.387138 0.000000 -0.832745 0.553657 0.000000 -0.110649 -0.993860 -0.000000 -1 7
179.283463 46.295933 4.000000 0.786596 0.617468 0.000000 -0.932013 0.362424 0.000000 0.092729 -0.995691 -0.000000 -1 11
297.496490 46.476383 4.000000 -0.592549 0.805535 0.000000 -0.422901 -0.906176 -0.000000 0.998666 0.051642 0.000000 -1 12
116.422173 48.435120 4.000000 -0.627335 0.778750 0.000000 -0.478278 -0.878209 -0.000000 0.999580 0.028995 0.000000 -1 13
152.436539 51.533234 4.000000 0.346635 0.938000 0.000000 -0.998569 -0.053487 0.000000 0.582416 -0.812891 -0.000000 -1 14
59.546154 59.556313 4.000000 -0.632787 0.774326 0.000000 -0.311345 -0.950297 -0.000000 0.978795 0.204843 0.000000 -1 15
87.575783 64.543503 4.000000 0.490817 0.871263 0.000000 -0.999872 -0.015993 0.000000 0.591711 -0.806150 -0.000000 -1 16
196.726395 72.297096 4.000000 0.109002 0.994042 0.000000 -0.830071 -0.557657 -0.000000 0.801479 -0.598023 -0.000000 -1 20
5.568889 75.575989 4.000000 0.641744 0.766919 0.000000 -0.978010 0.208559 0.000000 0.410112 -0.912035 -0.000000 -1 21
239.585297 88.444069 4.000000 0.162779 0.986663 0.000000 -0.885360 -0.464906 -0.000000 0.791138 -0.611638 0.000000 -1 24
493.459412 93.500809 4.000000 0.143093 0.989709 0.000000 -0.949675 -0.313237 -0.000000 0.747053 -0.664765 -0.000000 -1 25
42.539932 98.576538 4.000000 -0.531018 0.847360 0.000000 -0.449050 -0.893506 -0.000000 0.988788 0.149328 0.000000 -1 27
123.415611 110.457489 4.000000 -0.560579 0.828101 0.000000 -0.515445 -0.856923 -0.000000 0.997981 0.063508 -0.000000 -1 28
177.421661 140.441147 4.000000 0.912184 0.409780 0.000000 -0.842685 0.538406 0.000000 -0.158010 -0.987437 -0.000000 -1 34
116.469551 142.434204 4.000000 0.453367 0.891324 0.000000 -0.988801 -0.149237 0.000000 0.471027 -0.882119 -0.000000 -1 35
55.502201 152.455490 4.000000 -0.591166 0.806550 0.000000 -0.409038 -0.912517 -0.000000 0.998456 0.055555 0.000000 -1 36
237.514191 168.581406 4.000000 0.515070 0.857148 0.000000 -0.985644 0.168837 0.000000 0.456729 -0.889606 -0.000000 -1 40
288.477844 169.541473 4.000000 0.497824 0.867278 0.000000 -0.998348 0.057462 0.000000 0.472866 -0.881134 -0.000000 -1 41
110.536224 172.581177 4.000000 0.930524 0.366231 0.000000 -0.683679 0.729782 0.000000 -0.257012 -0.966408 -0.000000 -1 43
135.263641 173.707199 4.000000 0.413353 0.910571 0.000000 -0.999871 -0.016039 -0.000000 0.400703 -0.916208 -0.000000 -1 44
190.461426 173.465942 4.000000 0.318950 0.947772 0.000000 -0.977028 -0.213109 0.000000 0.633307 -0.773900 0.000000 -1 45
600.420837 190.475952 4.000000 0.414012 0.910271 0.000000 -0.998662 -0.051714 -0.000000 0.460376 -0.887724 -0.000000 -1 47
435.543091 195.575272 4.000000 -0.311342 0.950298 0.000000 -0.618317 -0.785929 -0.000000 0.998839 -0.048170 0.000000 -1 49
52.502781 204.530136 4.000000 0.662984 0.748634 0.000000 -0.981970 0.189035 0.000000 0.330284 -0.943882 -0.000000 -1 50
126.262901 209.299973 4.000000 -0.289287 0.957243 0.000000 -0.678720 -0.734397 -0.000000 0.941611 -0.336703 -0.000000 -1 54
177.723572 228.719437 4.000000 0.768672 0.639643 0.000000 -0.885743 0.464176 0.000000 0.159813 -0.987147 -0.000000 -1 58
37.482647 241.522141 4.000000 0.876671 0.481091 0.000000 -0.958843 0.283936 0.000000 -0.298795 -0.954317 -0.000000 -1 61
459.553711 259.562439 4.000000 0.384896 0.922960 0.000000 -0.993523 -0.113628 -0.000000 0.672531 -0.740069 -0.000000 -1 63
599.457031 262.433319 4.000000 0.484755 0.874650 0.000000 -0.996352 -0.085344 -0.000000 0.427764 -0.903890 -0.000000 -1 66
187.517456 264.518677 4.000000 -0.326677 0.945136 0.000000 -0.580368 -0.814354 -0.000000 0.986534 -0.163559 -0.000000 -1 67
208.463409 264.443359 4.000000 0.624484 0.781038 0.000000 -0.992473 0.122466 0.000000 0.326372 -0.945241 -0.000000 -1 68
105.485016 267.556976 4.000000 -0.327149 0.944973 0.000000 -0.609626 -0.792689 -0.000000 0.981957 -0.189102 -0.000000 -1 69
78.569298 290.438049 4.000000 0.196339 0.980536 0.000000 -0.912103 -0.409961 -0.000000 0.748966 -0.662609 -0.000000 -1 71
166.504333 298.556091 4.000000 0.840804 0.541340 0.000000 -0.844670 0.535287 0.000000 0.008321 -0.999965 -0.000000 -1 74
