527.516296 7.533621 4.000000 -0.650069 0.759875 0.000000 -0.303041 -0.952977 -0.000000 0.971548 0.236842 0.000000 -1 2
175.510010 34.469067 4.000000 0.864280 0.503012 0.000000 -0.848483 0.529222 0.000000 0.024210 -0.999707 -0.000000 -1 6
65.553909 35.564037 4.000000 -0.548936 0.835864 0.000000 -0.348987 -0.937128 -0.000000 0.972120 0.234483 0.000000 -1 7
87.731865 42.711006 4.000000 0.052252 0.998634 0.000000 -0.877774 -0.479076 -0.000000 0.872695 -0.488266 -0.000000 -1 8
139.727692 43.698280 4.000000 0.941458 0.337131 0.000000 -0.690843 0.723005 0.000000 -0.186776 -0.982403 -0.000000 -1 10
189.541916 70.514854 4.000000 0.790624 0.612302 0.000000 -0.865423 0.501041 0.000000 0.141495 -0.989939 -0.000000 -1 14
123.664742 85.275436 4.000000 0.051672 0.998664 0.000000 -0.841806 -0.539780 -0.000000 0.877235 -0.480061 -0.000000 -1 16
231.566483 93.569313 4.000000 0.108991 0.994043 0.000000 -0.924834 -0.380372 -0.000000 0.853245 -0.521510 -0.000000 -1 18
285.521698 102.427979 4.000000 0.248013 0.968757 0.000000 -0.923274 -0.384142 -0.000000 0.730038 -0.683406 -0.000000 -1 19
88.542778 103.483055 4.000000 -0.443359 0.896344 0.000000 -0.517594 -0.855627 -0.000000 0.998742 -0.050152 0.000000 -1 20
182.572723 114.591995 4.000000 0.629212 0.777233 0.000000 -0.979315 0.202341 0.000000 0.409512 -0.912305 -0.000000 -1 22
8.447187 122.522758 4.000000 -0.720334 0.693627 0.000000 -0.213442 -0.976956 -0.000000 0.957609 0.288070 0.000000 -1 26
120.496521 123.423004 4.000000 -0.082016 0.996631 0.000000 -0.798352 -0.602191 -0.000000 0.859793 -0.510643 -0.000000 -1 27
58.307529 132.277161 4.000000 0.629830 0.776733 0.000000 -0.993773 0.111425 -0.000000 0.344554 -0.938767 -0.000000 -1 29
234.476990 132.478271 4.000000 -0.417167 0.908830 0.000000 -0.676807 -0.736161 -0.000000 0.981059 -0.193710 -0.000000 -1 30
265.556061 139.557877 4.000000 0.678008 0.735055 0.000000 -0.966910 0.255118 0.000000 0.374846 -0.927087 -0.000000 -1 31
273.451843 166.566803 4.000000 -0.134826 0.990869 0.000000 -0.815414 -0.578879 -0.000000 0.970525 -0.241000 -0.000000 -1 35
85.439499 172.440491 4.000000 0.584248 0.811575 0.000000 -0.996237 0.086674 0.000000 0.324149 -0.946006 -0.000000 -1 37
266.271667 185.726028 4.000000 0.836337 0.548216 -0.000000 -0.866374 0.499396 0.000000 -0.035360 -0.999375 -0.000000 -1 38
216.590393 196.510025 4.000000 0.808342 0.588714 0.000000 -0.910122 0.414341 0.000000 0.251454 -0.967869 -0.000000 -1 40
10.553590 209.484711 4.000000 0.392912 0.919576 0.000000 -0.964056 -0.265699 -0.000000 0.581929 -0.813240 -0.000000 -1 42
253.539185 209.434814 4.000000 -0.212500 0.977161 0.000000 -0.712729 -0.701440 -0.000000 0.946448 -0.322857 0.000000 -1 43
156.531815 219.464203 4.000000 0.489256 0.872140 0.000000 -0.998749 -0.049998 0.000000 0.559525 -0.828813 -0.000000 -1 48
41.412445 234.466415 4.000000 -0.629345 0.777126 0.000000 -0.478130 -0.878289 0.000000 0.998153 0.060748 0.000000 -1 53
256.569458 237.442551 4.000000 0.815982 0.578077 0.000000 -0.958786 0.284131 -0.000000 0.254295 -0.967127 -0.000000 -1 54
207.433044 256.516174 4.000000 0.187979 0.982173 0.000000 -0.976204 -0.216853 0.000000 0.692952 -0.720984 -0.000000 -1 56
456.477844 258.445892 4.000000 0.319230 0.947677 0.000000 -0.968624 -0.248529 -0.000000 0.626134 -0.779716 -0.000000 -1 57
65.724281 259.647339 4.000000 -0.506446 0.862272 0.000000 -0.330805 -0.943699 -0.000000 0.999954 0.009582 0.000000 -1 58
91.574089 261.419373 4.000000 0.279356 0.960188 0.000000 -0.954472 -0.298301 -0.000000 0.689090 -0.724675 0.000000 -1 59
144.513184 268.531555 4.000000 0.474234 0.880399 0.000000 -0.978509 0.206204 0.000000 0.422355 -0.906431 -0.000000 -1 61
296.565796 282.556335 4.000000 -0.121654 0.992573 0.000000 -0.796415 -0.604750 -0.000000 0.972032 -0.234848 0.000000 -1 65
233.719452 283.727966 4.000000 0.287988 0.957634 0.000000 -0.998207 -0.059860 0.000000 0.716658 -0.697425 -0.000000 -1 66
265.428589 283.431000 4.000000 -0.787481 0.616339 0.000000 -0.211844 -0.977304 0.000000 0.964868 0.262733 0.000000 -1 67
49.470818 298.461914 4.000000 -0.487065 0.873366 0.000000 -0.566100 -0.824336 -0.000000 0.994442 -0.105289 -0.000000 -1 68
