526.550415 5.552922 4.000000 -0.629986 0.776607 0.000000 -0.278681 -0.960384 -0.000000 0.966998 0.254785 0.000000 -1 2
157.588745 14.451871 4.000000 0.804135 0.594447 0.000000 -0.937649 0.347583 -0.000000 0.249915 -0.968268 -0.000000 -1 5
26.425255 18.494007 4.000000 0.701396 0.712772 0.000000 -0.947881 0.318624 0.000000 0.139813 -0.990178 -0.000000 -1 7
252.539917 24.470190 4.000000 0.281074 0.959686 0.000000 -0.961911 -0.273363 -0.000000 0.709623 -0.704581 -0.000000 -1 9
93.427811 29.503456 4.000000 -0.253337 0.967378 0.000000 -0.775740 -0.631052 -0.000000 0.939524 -0.342482 0.000000 -1 12
217.413940 37.565228 4.000000 -0.565802 0.824541 0.000000 -0.504596 -0.863355 -0.000000 0.997523 0.070347 0.000000 -1 14
287.522217 42.546909 4.000000 -0.017343 0.999850 0.000000 -0.845506 -0.533965 -0.000000 0.922355 -0.386343 -0.000000 -1 15
43.492828 93.560921 4.000000 -0.525754 0.850637 0.000000 -0.442775 -0.896633 0.000000 0.989294 0.145935 -0.000000 -1 18
99.529869 97.439148 4.000000 -0.289816 0.957082 0.000000 -0.732721 -0.680529 -0.000000 0.955877 -0.293766 -0.000000 -1 19
180.583481 108.472206 4.000000 -0.357721 0.933828 0.000000 -0.561669 -0.827362 -0.000000 0.991417 -0.130741 0.000000 -1 21
97.723396 130.699188 4.000000 0.951448 0.307809 -0.000000 -0.642344 0.766416 0.000000 -0.187702 -0.982226 -0.000000 -1 25
167.559738 132.480225 4.000000 0.709018 0.705191 0.000000 -0.982083 0.188450 0.000000 0.411820 -0.911265 -0.000000 -1 26
33.548538 138.505463 4.000000 -0.111065 0.993813 0.000000 -0.758792 -0.651333 0.000000 0.917794 -0.397056 -0.000000 -1 28
208.498169 147.505524 4.000000 -0.485647 0.874155 0.000000 -0.592764 -0.805376 -0.000000 0.999140 -0.041472 -0.000000 -1 30
146.546204 150.458588 4.000000 -0.325424 0.945568 0.000000 -0.615213 -0.788361 -0.000000 0.973466 -0.228833 -0.000000 -1 32
71.462975 170.449310 4.000000 -0.268791 0.963199 0.000000 -0.706150 -0.708062 -0.000000 0.950208 -0.311617 -0.000000 -1 34
119.545807 173.488251 4.000000 0.528109 0.849177 0.000000 -0.999998 -0.001751 0.000000 0.532416 -0.846483 -0.000000 -1 35
154.461533 186.471634 4.000000 0.890801 0.454394 -0.000000 -0.801182 0.598421 0.000000 -0.081471 -0.996676 -0.000000 -1 38
11.583503 188.540741 4.000000 -0.663477 0.748197 0.000000 -0.184853 -0.982766 -0.000000 0.955011 0.296569 0.000000 -1 40
243.322769 188.271057 4.000000 0.009271 0.999957 0.000000 -0.888812 -0.458271 -0.000000 0.834589 -0.550873 -0.000000 -1 41
182.465652 194.463058 4.000000 0.107497 0.994205 0.000000 -0.912940 -0.408094 -0.000000 0.709287 -0.704919 -0.000000 -1 43
55.456886 228.467209 4.000000 0.323862 0.946104 0.000000 -0.984062 -0.177823 -0.000000 0.679614 -0.733570 -0.000000 -1 46
600.442749 233.424652 4.000000 0.413495 0.910506 0.000000 -0.987117 -0.160002 -0.000000 0.481018 -0.876710 -0.000000 -1 48
297.598450 237.467896 4.000000 -0.551813 0.833968 0.000000 -0.331229 -0.943550 -0.000000 0.999306 0.037254 0.000000 -1 49
176.488281 238.508148 4.000000 -0.133737 0.991017 0.000000 -0.806751 -0.590891 0.000000 0.908008 -0.418953 -0.000000 -1 52
112.456596 256.420532 4.000000 0.560618 0.828074 0.000000 -0.999704 0.024316 0.000000 0.371172 -0.928564 -0.000000 -1 54
456.409515 258.589539 4.000000 0.213183 0.977012 0.000000 -0.996374 -0.085077 -0.000000 0.650843 -0.759212 -0.000000 -1 56
43.459995 262.453735 4.000000 0.652511 0.757779 0.000000 -0.985486 0.169755 0.000000 0.289892 -0.957059 -0.000000 -1 57
239.536011 271.450012 4.000000 0.527048 0.849836 0.000000 -0.999834 0.018230 0.000000 0.454529 -0.890732 -0.000000 -1 59
204.425598 275.573364 4.000000 -0.599828 0.800129 0.000000 -0.398071 -0.917355 -0.000000 0.980294 0.197546 0.000000 -1 60
599.588867 276.450592 4.000000 0.355088 0.934833 -0.000000 -0.952208 -0.305450 -0.000000 0.717210 -0.696857 -0.000000 -1 61
51.470264 296.435791 4.000000 -0.567547 0.823341 0.000000 -0.436921 -0.899500 0.000000 0.999908 -0.013560 0.000000 -1 65
113.579269 299.495850 4.000000 0.935728 0.352723 0.000000 -0.760884 0.648888 0.000000 -0.100451 -0.994942 -0.000000 -1 66
