191.468628 7.426255 4.000000 -0.449252 0.893405 0.000000 -0.609776 -0.792574 -0.000000 0.979863 -0.199671 -0.000000 -1 2
527.575806 7.541000 4.000000 -0.622921 0.782285 0.000000 -0.250909 -0.968011 0.000000 0.972464 0.233054 0.000000 -1 3
270.400116 20.462986 4.000000 0.821187 0.570659 0.000000 -0.807799 0.589458 0.000000 -0.137700 -0.990474 -0.000000 -1 5
76.476753 21.511715 4.000000 0.210552 0.977583 0.000000 -0.952623 -0.304155 -0.000000 0.767705 -0.640803 -0.000000 -1 6
10.499924 30.543802 4.000000 -0.669643 0.742683 0.000000 -0.310566 -0.950552 -0.000000 0.966869 0.255274 0.000000 -1 9
181.474304 43.454826 4.000000 -0.679072 0.734072 0.000000 -0.450363 -0.892846 -0.000000 0.992462 0.122556 0.000000 -1 10
131.567184 45.549149 4.000000 -0.581442 0.813588 0.000000 -0.362200 -0.932100 -0.000000 0.980445 0.196794 0.000000 -1 11
262.469055 68.436188 4.000000 0.871803 0.489858 0.000000 -0.878729 0.477321 0.000000 -0.017105 -0.999854 -0.000000 -1 16
124.423820 83.484276 4.000000 0.526413 0.850229 0.000000 -0.997887 0.064978 0.000000 0.358644 -0.933474 -0.000000 -1 18
13.502812 84.483612 4.000000 0.890920 0.454160 0.000000 -0.847790 0.530332 0.000000 -0.053573 -0.998564 -0.000000 -1 19
236.418442 95.576317 4.000000 0.024930 0.999689 0.000000 -0.933130 -0.359539 0.000000 0.818037 -0.575166 -0.000000 -1 21
95.544739 103.455627 4.000000 -0.259714 0.965686 0.000000 -0.658452 -0.752623 -0.000000 0.956925 -0.290335 -0.000000 -1 24
181.312012 109.732262 4.000000 0.677790 0.735256 0.000000 -0.954000 0.299807 0.000000 0.250370 -0.968150 -0.000000 -1 25
158.462341 116.531586 4.000000 -0.194726 0.980858 0.000000 -0.745149 -0.666898 -0.000000 0.967607 -0.252462 0.000000 -1 26
35.478256 123.499306 4.000000 0.172741 0.984967 0.000000 -0.891504 -0.453012 -0.000000 0.665038 -0.746810 0.000000 -1 28
271.547577 126.449692 4.000000 -0.655318 0.755353 0.000000 -0.260591 -0.965449 -0.000000 0.975633 0.219410 0.000000 -1 29
272.435242 168.529678 4.000000 -0.559669 0.828716 0.000000 -0.489496 -0.872006 -0.000000 0.995331 0.096521 -0.000000 -1 34
4.557386 175.474228 4.000000 0.446878 0.894595 0.000000 -0.966439 -0.256897 -0.000000 0.480981 -0.876731 -0.000000 -1 36
151.520081 187.478073 4.000000 -0.602914 0.797806 0.000000 -0.400678 -0.916219 -0.000000 0.996109 0.088127 -0.000000 -1 38
303.466095 197.480042 4.000000 -0.443061 0.896492 0.000000 -0.595262 -0.803532 -0.000000 0.992692 -0.120676 -0.000000 -1 39
102.513824 200.561996 4.000000 -0.137690 0.990475 0.000000 -0.827657 -0.561234 -0.000000 0.945544 -0.325493 -0.000000 -1 41
14.529751 207.592789 4.000000 0.386078 0.922466 0.000000 -0.992532 -0.121982 -0.000000 0.688325 -0.725402 -0.000000 -1 43
251.420471 212.556213 4.000000 -0.356017 0.934479 0.000000 -0.678663 -0.734450 -0.000000 0.980506 -0.196490 -0.000000 -1 44
134.496674 224.542618 4.000000 0.487014 0.873394 0.000000 -0.999990 0.004389 0.000000 0.510937 -0.859618 -0.000000 -1 46
230.549850 241.548706 4.000000 0.935689 0.352826 0.000000 -0.719784 0.694198 0.000000 -0.118390 -0.992967 -0.000000 -1 49
456.539886 258.418701 4.000000 0.359699 0.933069 0.000000 -0.958033 -0.286660 -0.000000 0.643959 -0.765060 -0.000000 -1 51
175.585876 263.492218 4.000000 0.916995 0.398899 0.000000 -0.820281 0.571960 0.000000 0.022069 -0.999756 0.000000 -1 53
140.507187 277.516876 4.000000 0.565424 0.824801 0.000000 -0.993924 0.110069 -0.000000 0.449348 -0.893357 -0.000000 -1 56
261.411346 281.494232 4.000000 -0.718179 0.695858 0.000000 -0.288107 -0.957598 -0.000000 0.961798 0.273760 -0.000000 -1 57
