90.503830 2.449159 4.000000 0.920088 0.391711 0.000000 -0.664789 0.747031 0.000000 -0.245237 -0.969463 0.000000 -1 1
523.450256 5.433634 4.000000 -0.694909 0.719098 0.000000 -0.353086 -0.935591 0.000000 0.990257 0.139253 -0.000000 -1 2
153.595108 37.512817 4.000000 0.077110 0.997023 0.000000 -0.815190 -0.579194 0.000000 0.844242 -0.535963 -0.000000 -1 6
300.583130 39.508419 4.000000 -0.381544 0.924351 0.000000 -0.499453 -0.866341 -0.000000 0.998820 -0.048561 0.000000 -1 8
89.440491 41.536587 4.000000 0.766857 0.641818 0.000000 -0.927894 0.372845 0.000000 0.068433 -0.997656 -0.000000 -1 9
219.487869 43.581924 4.000000 0.571453 0.820635 0.000000 -0.992967 0.118392 0.000000 0.360741 -0.932666 -0.000000 -1 10
112.427139 49.466255 4.000000 -0.095650 0.995415 0.000000 -0.844781 -0.535112 -0.000000 0.859919 -0.510431 -0.000000 -1 11
44.542988 50.417400 4.000000 0.700490 0.713662 0.000000 -0.984976 0.172691 0.000000 0.304136 -0.952628 -0.000000 -1 12
229.459091 60.500397 4.000000 -0.769782 0.638307 0.000000 -0.267151 -0.963655 -0.000000 0.966279 0.257497 0.000000 -1 15
277.585358 69.506210 4.000000 0.824456 0.565926 0.000000 -0.883248 0.468905 0.000000 0.186505 -0.982454 -0.000000 -1 18
172.567688 75.531044 4.000000 0.554909 0.831911 0.000000 -0.998952 0.045772 0.000000 0.432973 -0.901407 -0.000000 -1 19
146.533997 78.552994 4.000000 -0.298916 0.954279 0.000000 -0.637625 -0.770347 -0.000000 0.993546 -0.113432 -0.000000 -1 20
72.427727 92.540031 4.000000 0.299517 0.954091 0.000000 -0.999978 0.006561 0.000000 0.559432 -0.828876 -0.000000 -1 26
47.439964 95.432137 4.000000 -0.596387 0.802697 0.000000 -0.416502 -0.909135 -0.000000 0.999980 0.006395 -0.000000 -1 28
198.450378 95.518509 4.000000 -0.667704 0.744426 0.000000 -0.376760 -0.926311 -0.000000 0.978836 0.204647 -0.000000 -1 29
284.560699 96.450005 4.000000 -0.536340 0.844002 0.000000 -0.326802 -0.945093 -0.000000 0.992977 0.118304 0.000000 -1 30
6.490965 97.593414 4.000000 -0.465285 0.885161 0.000000 -0.626588 -0.779350 -0.000000 0.998943 -0.045970 -0.000000 -1 31
490.570587 98.519241 4.000000 0.276710 0.960953 0.000000 -0.951473 -0.307734 -0.000000 0.776422 -0.630214 -0.000000 -1 33
118.421097 99.518532 4.000000 0.373699 0.927550 0.000000 -0.999132 -0.041655 0.000000 0.547228 -0.836984 -0.000000 -1 34
235.428207 110.529678 4.000000 0.940435 0.339974 -0.000000 -0.601317 0.799010 0.000000 -0.327830 -0.944737 -0.000000 -1 37
255.492279 119.568024 4.000000 -0.197383 0.980326 0.000000 -0.757495 -0.652841 -0.000000 0.966941 -0.255001 -0.000000 -1 40
47.545357 134.533752 4.000000 0.298056 0.954548 0.000000 -0.976071 -0.217452 -0.000000 0.748739 -0.662864 -0.000000 -1 44
174.461823 136.539078 4.000000 -0.417465 0.908693 0.000000 -0.609806 -0.792550 -0.000000 0.997095 -0.076172 0.000000 -1 45
299.547302 144.438309 4.000000 -0.528131 0.849163 0.000000 -0.353761 -0.935336 0.000000 0.999828 -0.018527 -0.000000 -1 46
6.568852 145.578415 4.000000 0.958411 0.285392 0.000000 -0.676230 0.736691 0.000000 -0.242645 -0.970115 -0.000000 -1 47
237.512207 147.499771 4.000000 0.804134 0.594448 0.000000 -0.882382 0.470534 0.000000 0.077031 -0.997029 -0.000000 -1 48
88.450600 156.491837 4.000000 0.883019 0.469337 0.000000 -0.840628 0.541613 0.000000 -0.059727 -0.998215 -0.000000 -1 51
158.722946 169.284302 4.000000 0.357221 0.934020 0.000000 -0.962603 -0.270917 0.000000 0.702989 -0.711201 -0.000000 -1 53
433.477753 197.471619 4.000000 -0.350489 0.936567 0.000000 -0.656358 -0.754450 -0.000000 0.975479 -0.220091 -0.000000 -1 57
157.559921 208.416306 4.000000 0.194839 0.980835 0.000000 -0.884198 -0.467112 -0.000000 0.785941 -0.618302 -0.000000 -1 59
261.409607 214.452301 4.000000 0.199259 0.979947 0.000000 -0.965488 -0.260449 -0.000000 0.671326 -0.741162 -0.000000 -1 60
178.578873 238.479126 4.000000 0.921377 0.388670 0.000000 -0.811358 0.584549 0.000000 -0.020623 -0.999787 -0.000000 -1 63
458.417053 260.426910 4.000000 0.314089 0.949394 0.000000 -0.974270 -0.225386 -0.000000 0.557364 -0.830268 -0.000000 -1 66
260.514893 264.441376 4.000000 -0.191325 0.981527 0.000000 -0.714747 -0.699383 -0.000000 0.921580 -0.388188 -0.000000 -1 67
199.474045 267.453644 4.000000 -0.147134 0.989117 0.000000 -0.786536 -0.617544 0.000000 0.904270 -0.426960 -0.000000 -1 68
82.499870 277.603058 4.000000 0.437754 0.899095 0.000000 -0.994620 -0.103594 -0.000000 0.916874 -0.399177 -0.000000 -1 71
53.460590 282.532532 4.000000 0.816058 0.577970 0.000000 -0.899495 0.436932 0.000000 0.047753 -0.998859 -0.000000 -1 72
35.435856 285.423584 4.000000 -0.427879 0.903836 0.000000 -0.610959 -0.791663 -0.000000 0.974947 -0.222437 -0.000000 -1 73
