262.430847 3.413159 4.000000 0.925852 0.377885 0.000000 -0.861458 0.507829 0.000000 -0.218488 -0.975840 -0.000000 -1 2
525.546692 3.483722 4.000000 -0.626968 0.779045 0.000000 -0.294671 -0.955599 -0.000000 0.988859 0.148852 0.000000 -1 3
164.543716 9.513321 4.000000 -0.283812 0.958880 0.000000 -0.641146 -0.767419 0.000000 0.988884 -0.148689 -0.000000 -1 4
216.402405 19.465561 4.000000 0.813263 0.581896 0.000000 -0.904028 0.427473 0.000000 0.006769 -0.999977 0.000000 -1 5
41.476105 27.573284 4.000000 0.829630 0.558313 0.000000 -0.834863 0.550458 0.000000 -0.010397 -0.999946 -0.000000 -1 8
180.597229 38.469978 4.000000 -0.329430 0.944180 0.000000 -0.233471 -0.972364 -0.000000 0.982848 0.184416 0.000000 -1 12
108.518364 46.485794 4.000000 -0.411804 0.911272 0.000000 -0.589879 -0.807492 -0.000000 0.988555 -0.150861 -0.000000 -1 15
12.471166 51.529636 4.000000 -0.711035 0.703156 0.000000 -0.284157 -0.958778 -0.000000 0.961710 0.274070 0.000000 -1 16
246.526611 66.502625 4.000000 0.417308 0.908765 0.000000 -0.999956 0.009364 0.000000 0.546404 -0.837522 0.000000 -1 19
252.572830 86.420731 4.000000 -0.564108 0.825701 0.000000 -0.311278 -0.950319 -0.000000 0.999896 -0.014413 0.000000 -1 22
143.423553 87.588966 4.000000 0.807365 0.590052 0.000000 -0.865498 0.500913 0.000000 0.015259 -0.999884 -0.000000 -1 23
54.553905 89.536819 4.000000 0.142861 0.989743 0.000000 -0.909533 -0.415631 -0.000000 0.835169 -0.549993 -0.000000 -1 25
95.454765 96.455101 4.000000 0.403475 0.914991 0.000000 -0.987688 -0.156439 -0.000000 0.595977 -0.803001 -0.000000 -1 26
189.416321 116.439758 4.000000 0.534565 0.845127 0.000000 -1.000000 -0.000558 -0.000000 0.387750 -0.921764 -0.000000 -1 30
27.528276 119.555313 4.000000 0.599509 0.800368 0.000000 -0.968518 0.248943 0.000000 0.402489 -0.915425 -0.000000 -1 32
268.276825 119.729309 4.000000 0.939201 0.343367 0.000000 -0.732834 0.680407 0.000000 -0.241260 -0.970461 -0.000000 -1 33
94.492859 122.503036 4.000000 -0.382757 0.923849 0.000000 -0.494065 -0.869425 0.000000 0.981629 0.190798 0.000000 -1 34
596.431152 130.506760 4.000000 0.846863 0.531811 0.000000 -0.902575 0.430533 0.000000 -0.077565 -0.996987 -0.000000 -1 36
84.416283 134.428818 4.000000 0.463092 0.886310 0.000000 -0.991303 -0.131602 -0.000000 0.351808 -0.936072 -0.000000 -1 37
53.255707 139.323914 4.000000 -0.150757 0.988571 0.000000 -0.795938 -0.605379 -0.000000 0.904489 -0.426496 -0.000000 -1 38
297.518890 152.423920 4.000000 -0.536058 0.844181 0.000000 -0.440513 -0.897746 -0.000000 0.999027 -0.044102 0.000000 -1 44
216.566742 153.555618 4.000000 0.927767 0.373160 0.000000 -0.766209 0.642592 0.000000 -0.090920 -0.995858 -0.000000 -1 45
233.494263 154.430817 4.000000 0.590857 0.806776 0.000000 -0.999834 -0.018215 -0.000000 0.414816 -0.909905 0.000000 -1 46
128.717316 162.283691 4.000000 -0.837342 0.546679 0.000000 -0.042663 -0.999090 -0.000000 0.928290 0.371857 0.000000 -1 49
92.433281 170.481247 4.000000 -0.118380 0.992968 0.000000 -0.819321 -0.573334 0.000000 0.876222 -0.481909 0.000000 -1 50
273.451691 183.441162 4.000000 0.660734 0.750620 0.000000 -0.990034 0.140829 0.000000 0.332220 -0.943202 -0.000000 -1 53
303.488525 198.435349 4.000000 -0.343394 0.939192 0.000000 -0.622742 -0.782427 0.000000 0.977698 -0.210018 -0.000000 -1 54
97.567780 224.512314 4.000000 0.277878 0.960616 0.000000 -0.933928 -0.357461 -0.000000 0.776163 -0.630532 -0.000000 -1 59
174.537064 230.419785 4.000000 -0.635323 0.772247 0.000000 -0.311621 -0.950207 -0.000000 0.997996 0.063274 0.000000 -1 60
211.555359 232.532196 4.000000 0.488320 0.872665 0.000000 -0.999988 -0.004805 0.000000 0.552629 -0.833427 -0.000000 -1 61
241.530563 256.544464 4.000000 -0.236594 0.971609 0.000000 -0.696594 -0.717466 -0.000000 0.983444 -0.181213 -0.000000 -1 64
456.460938 259.556274 4.000000 0.291667 0.956520 0.000000 -0.994243 -0.107152 0.000000 0.641129 -0.767433 -0.000000 -1 65
108.411156 268.569366 4.000000 0.621432 0.783468 0.000000 -0.972471 0.233026 0.000000 0.325319 -0.945604 -0.000000 -1 68
166.446899 276.541473 4.000000 0.387996 0.921661 -0.000000 -0.995803 -0.091519 0.000000 0.459266 -0.888299 -0.000000 -1 69
600.407410 283.467438 4.000000 0.494455 0.869203 0.000000 -0.999615 -0.027733 -0.000000 0.377942 -0.925829 -0.000000 -1 70
130.520386 283.501373 4.000000 -0.079392 0.996843 0.000000 -0.833251 -0.552895 -0.000000 0.896163 -0.443725 0.000000 -1 71
73.452278 292.575684 4.000000 -0.326934 0.945047 0.000000 -0.724142 -0.689651 0.000000 0.983941 -0.178495 -0.000000 -1 74
