521.464783 5.457144 4.000000 -0.702453 0.711730 0.000000 -0.322031 -0.946729 0.000000 0.983000 0.183607 0.000000 -1 1
270.484558 28.444321 4.000000 -0.511541 0.859259 0.000000 -0.343687 -0.939084 -0.000000 0.999975 0.007114 0.000000 -1 5
101.506989 31.585146 4.000000 -0.592175 0.805809 0.000000 -0.532396 -0.846496 -0.000000 0.986087 0.166230 0.000000 -1 7
152.465057 39.491684 4.000000 -0.581491 0.813553 0.000000 -0.503600 -0.863937 -0.000000 0.999945 0.010452 -0.000000 -1 9
215.530548 40.508698 4.000000 0.858081 0.513514 0.000000 -0.858971 0.512024 0.000000 0.046582 -0.998914 -0.000000 -1 10
300.467987 46.536709 4.000000 -0.445918 0.895074 0.000000 -0.555703 -0.831381 -0.000000 0.999719 -0.023717 -0.000000 -1 11
126.450745 50.588177 4.000000 0.117105 0.993120 0.000000 -0.970274 -0.242009 -0.000000 0.782621 -0.622499 -0.000000 -1 13
37.441639 54.566357 4.000000 0.735441 0.677589 0.000000 -0.889612 0.456718 0.000000 0.077462 -0.996995 -0.000000 -1 14
278.730438 61.658894 4.000000 0.613379 0.789789 0.000000 -0.925418 0.378948 0.000000 0.272335 -0.962202 0.000000 -1 17
84.498909 62.406059 4.000000 0.308122 0.951347 0.000000 -0.945364 -0.326018 0.000000 0.682514 -0.730873 -0.000000 -1 18
10.429296 66.516487 4.000000 -0.300551 0.953766 0.000000 -0.666216 -0.745758 0.000000 0.952243 -0.305340 -0.000000 -1 20
116.411530 86.474449 4.000000 -0.600713 0.799465 0.000000 -0.420879 -0.907117 -0.000000 0.981922 0.189284 0.000000 -1 24
161.488953 90.410393 4.000000 -0.481905 0.876223 0.000000 -0.515796 -0.856712 -0.000000 0.986485 -0.163853 0.000000 -1 27
494.466309 92.453392 4.000000 0.151114 0.988516 0.000000 -0.928815 -0.370544 -0.000000 0.736821 -0.676088 -0.000000 -1 29
37.448875 95.495872 4.000000 0.938492 0.345301 0.000000 -0.474083 0.880480 0.000000 -0.430216 -0.902726 -0.000000 -1 31
242.557449 95.476509 4.000000 -0.045907 0.998946 0.000000 -0.839407 -0.543504 -0.000000 0.893158 -0.449744 0.000000 -1 32
383.543457 100.424194 4.000000 0.735872 0.677121 0.000000 -0.984481 0.175491 0.000000 0.312027 -0.950073 -0.000000 -1 33
27.435730 117.573410 4.000000 0.217097 0.976150 0.000000 -0.987483 -0.157726 0.000000 0.635734 -0.771908 -0.000000 -1 34
129.285217 129.714767 4.000000 0.985064 0.172189 0.000000 -0.583366 0.812210 0.000000 -0.367666 -0.929958 -0.000000 -1 37
167.431671 151.532486 4.000000 0.767748 0.640752 0.000000 -0.945890 0.324486 0.000000 0.148897 -0.988853 -0.000000 -1 40
237.577164 171.489227 4.000000 0.502156 0.864777 0.000000 -0.996468 -0.083970 -0.000000 0.647714 -0.761883 -0.000000 -1 42
112.574982 174.489792 4.000000 -0.733076 0.680146 0.000000 -0.185352 -0.982672 -0.000000 0.961698 0.274112 0.000000 -1 44
188.459946 180.540634 4.000000 0.762251 0.647282 0.000000 -0.917631 0.397433 0.000000 0.103639 -0.994615 -0.000000 -1 45
0.439980 189.555603 4.000000 0.425983 0.904731 0.000000 -0.998825 0.048455 0.000000 0.491656 -0.870789 -0.000000 -1 46
436.520935 195.553726 4.000000 -0.361831 0.932244 0.000000 -0.602971 -0.797763 -0.000000 0.998387 -0.056777 0.000000 -1 48
49.425713 212.534882 4.000000 -0.358427 0.933558 0.000000 -0.679613 -0.733570 -0.000000 0.985062 -0.172201 -0.000000 -1 52
130.448166 219.408325 4.000000 -0.552424 0.833563 0.000000 -0.510735 -0.859738 -0.000000 0.996233 -0.086712 0.000000 -1 53
287.479919 223.411789 4.000000 0.826269 0.563276 0.000000 -0.959731 0.280920 0.000000 0.178439 -0.983951 -0.000000 -1 55
248.551865 225.465698 4.000000 0.168375 0.985723 0.000000 -0.913577 -0.406665 -0.000000 0.795464 -0.606001 -0.000000 -1 56
99.508034 235.509003 4.000000 0.294388 0.955686 0.000000 -0.983121 -0.182958 0.000000 0.734814 -0.678269 -0.000000 -1 59
54.565304 258.515381 4.000000 0.693454 0.720501 0.000000 -0.967280 0.253711 0.000000 0.336109 -0.941823 -0.000000 -1 63
109.535110 258.554199 4.000000 -0.434482 0.900681 0.000000 -0.556651 -0.830747 -0.000000 0.999231 -0.039222 0.000000 -1 64
1.414967 259.533051 4.000000 0.427958 0.903799 0.000000 -0.998756 0.049863 0.000000 0.466175 -0.884693 -0.000000 -1 66
460.506989 259.533417 4.000000 0.349905 0.936785 0.000000 -0.991826 -0.127602 0.000000 0.644753 -0.764391 -0.000000 -1 67
220.576920 268.505493 4.000000 0.442763 0.896639 0.000000 -0.985840 -0.167688 -0.000000 0.630628 -0.776085 0.000000 -1 68
87.523148 277.547272 4.000000 0.728771 0.684758 0.000000 -0.806114 0.591761 0.000000 0.094441 -0.995530 -0.000000 -1 69
65.253319 295.328247 4.000000 -0.284946 0.958543 0.000000 -0.698451 -0.715658 -0.000000 0.939843 -0.341606 -0.000000 -1 74
172.434753 298.545654 4.000000 -0.589757 0.807581 0.000000 -0.482546 -0.875871 -0.000000 0.990893 0.134652 0.000000 -1 75
