523.546509 4.562642 4.000000 -0.600785 0.799410 -0.000000 -0.316837 -0.948480 -0.000000 0.971384 0.237516 0.000000 -1 2
261.451080 7.521268 4.000000 -0.020137 0.999797 0.000000 -0.882566 -0.470189 0.000000 0.871200 -0.490929 -0.000000 -1 3
82.491478 12.594381 4.000000 0.486066 0.873922 0.000000 -0.998013 -0.063001 0.000000 0.764515 -0.644606 -0.000000 -1 5
267.555115 22.572453 4.000000 0.948540 0.316659 0.000000 -0.694683 0.719316 0.000000 -0.185051 -0.982729 -0.000000 -1 6
15.487645 25.488083 4.000000 0.921676 0.387961 0.000000 -0.808255 0.588833 0.000000 -0.156821 -0.987627 0.000000 -1 7
302.571533 38.561790 4.000000 -0.530637 0.847599 0.000000 -0.361614 -0.932328 -0.000000 0.988235 0.152942 -0.000000 -1 12
85.531914 42.547802 4.000000 0.799231 0.601024 0.000000 -0.899214 0.437509 0.000000 0.131380 -0.991332 -0.000000 -1 13
107.570564 49.490688 4.000000 0.011977 0.999928 0.000000 -0.823853 -0.566803 0.000000 0.903950 -0.427638 -0.000000 -1 16
252.459564 66.567574 4.000000 0.102199 0.994764 0.000000 -0.955946 -0.293542 -0.000000 0.782131 -0.623115 0.000000 -1 18
48.557884 73.407890 4.000000 -0.585731 0.810505 0.000000 -0.475277 -0.879836 -0.000000 0.999416 -0.034183 0.000000 -1 20
155.466995 77.581200 4.000000 -0.094610 0.995514 0.000000 -0.875045 -0.484041 -0.000000 0.889402 -0.457126 -0.000000 -1 21
68.552650 93.526093 4.000000 0.334949 0.942236 0.000000 -0.974445 -0.224626 -0.000000 0.717207 -0.696861 -0.000000 -1 23
192.504303 94.512466 4.000000 -0.603061 0.797695 0.000000 -0.419270 -0.907861 -0.000000 0.995912 0.090332 0.000000 -1 24
120.474655 100.428116 4.000000 0.357038 0.934090 0.000000 -0.974252 -0.225461 -0.000000 0.624431 -0.781080 -0.000000 -1 25
490.492432 100.458771 4.000000 0.206878 0.978367 0.000000 -0.942494 -0.334224 0.000000 0.718765 -0.695253 -0.000000 -1 26
253.441025 122.552032 4.000000 -0.607488 0.794329 0.000000 -0.478426 -0.878128 -0.000000 0.987826 0.155562 0.000000 -1 30
205.267029 132.678864 4.000000 0.809601 0.586981 0.000000 -0.876566 0.481282 0.000000 -0.074159 -0.997246 -0.000000 -1 31
44.409721 135.516708 4.000000 0.211404 0.977399 0.000000 -0.979136 -0.203207 -0.000000 0.636552 -0.771234 0.000000 -1 32
302.473724 139.420288 4.000000 -0.710117 0.704084 0.000000 -0.346840 -0.937924 -0.000000 0.991506 0.130059 0.000000 -1 35
159.734009 173.721634 4.000000 0.021770 0.999763 0.000000 -0.840856 -0.541259 -0.000000 0.916668 -0.399649 -0.000000 -1 38
114.486740 184.503250 4.000000 -0.667888 0.744262 0.000000 -0.299344 -0.954145 -0.000000 0.981415 0.191897 0.000000 -1 40
432.570831 197.575226 4.000000 -0.223233 0.974765 0.000000 -0.668655 -0.743573 -0.000000 0.992887 -0.119058 0.000000 -1 41
259.468140 215.460449 4.000000 0.171954 0.985105 0.000000 -0.931974 -0.362526 -0.000000 0.760075 -0.649835 -0.000000 -1 44
103.729485 227.288193 4.000000 0.163183 0.986596 0.000000 -0.917886 -0.396844 -0.000000 0.785557 -0.618789 0.000000 -1 46
45.705608 234.280975 4.000000 -0.818064 0.575128 0.000000 -0.095114 -0.995466 -0.000000 0.942605 0.333910 0.000000 -1 47
181.507156 239.473679 4.000000 0.940480 0.339848 0.000000 -0.745398 0.666619 0.000000 -0.191485 -0.981495 -0.000000 -1 51
457.521912 260.434631 4.000000 0.386646 0.922228 0.000000 -0.974647 -0.223748 -0.000000 0.611899 -0.790936 -0.000000 -1 54
199.509003 263.432922 4.000000 -0.119921 0.992783 0.000000 -0.759399 -0.650625 -0.000000 0.894630 -0.446809 -0.000000 -1 55
60.644268 283.289612 4.000000 -0.855304 0.518127 0.000000 -0.271293 -0.962497 -0.000000 0.939200 0.343371 0.000000 -1 58
40.280006 284.729675 4.000000 -0.516201 0.856467 0.000000 -0.551915 -0.833900 -0.000000 0.998586 0.053169 0.000000 -1 59
161.419357 290.462921 4.000000 -0.286991 0.957933 0.000000 -0.724662 -0.689105 -0.000000 0.922141 -0.386854 0.000000 -1 62
116.435707 295.566650 4.000000 -0.273259 0.961940 0.000000 -0.742960 -0.669336 -0.000000 0.964491 -0.264117 -0.000000 -1 64
