26.476149 2.584827 4.000000 -0.124035 0.992278 0.000000 -0.900996 -0.433828 -0.000000 0.900675 -0.434494 -0.000000 -1 2
526.471985 4.568715 4.000000 0.961818 0.273689 0.000000 -0.646124 0.763233 0.000000 -0.348366 -0.937358 -0.000000 -1 3
162.446014 19.468666 4.000000 0.437339 0.899296 0.000000 -0.991030 -0.133643 -0.000000 0.424910 -0.905236 -0.000000 -1 5
56.529121 26.490366 4.000000 -0.043929 0.999035 0.000000 -0.849609 -0.527413 -0.000000 0.892531 -0.450986 -0.000000 -1 7
165.430908 61.433605 4.000000 -0.187197 0.982322 0.000000 -0.752590 -0.658489 -0.000000 0.898437 -0.439102 -0.000000 -1 12
21.505894 62.457500 4.000000 -0.728078 0.685494 0.000000 -0.219475 -0.975618 -0.000000 0.965206 0.261491 0.000000 -1 13
74.482162 63.404308 4.000000 -0.629477 0.777019 0.000000 -0.498920 -0.866648 -0.000000 0.999420 0.034042 0.000000 -1 14
123.427025 63.542042 4.000000 -0.063537 0.997979 0.000000 -0.886331 -0.463052 -0.000000 0.865344 -0.501178 0.000000 -1 15
59.293648 95.679253 4.000000 0.446376 0.894845 0.000000 -0.997280 -0.073700 0.000000 0.436293 -0.899805 -0.000000 -1 19
129.540146 105.524788 4.000000 0.858358 0.513051 0.000000 -0.945910 0.324430 0.000000 0.374835 -0.927091 -0.000000 -1 21
237.480179 113.530708 4.000000 0.829483 0.558532 0.000000 -0.880460 0.474121 0.000000 0.024514 -0.999699 -0.000000 -1 23
100.434669 125.574196 4.000000 -0.662572 0.748999 0.000000 -0.389425 -0.921058 0.000000 0.970884 0.239551 0.000000 -1 24
207.491714 132.512772 4.000000 0.520818 0.853667 0.000000 -0.999678 0.025390 0.000000 0.484816 -0.874616 -0.000000 -1 25
149.446182 140.510895 4.000000 0.928191 0.372105 0.000000 -0.809150 0.587602 0.000000 -0.187176 -0.982326 -0.000000 -1 27
300.511536 156.595642 4.000000 -0.440781 0.897614 0.000000 -0.805633 -0.592415 0.000000 0.987341 -0.158611 -0.000000 -1 30
97.448982 160.541885 4.000000 0.774594 0.632459 0.000000 -0.884839 0.465898 0.000000 0.069876 -0.997556 -0.000000 -1 32
259.465302 170.482681 4.000000 0.363029 0.931778 0.000000 -0.977662 -0.210183 0.000000 0.804559 -0.593872 -0.000000 -1 34
228.421188 175.533035 4.000000 0.342855 0.939388 0.000000 -0.996829 -0.079569 0.000000 0.555985 -0.831192 -0.000000 -1 37
128.548401 182.471756 4.000000 -0.789640 0.613570 0.000000 -0.096616 -0.995322 -0.000000 0.941788 0.336207 0.000000 -1 39
184.401672 188.436584 4.000000 -0.194048 0.980992 0.000000 -0.807117 -0.590391 -0.000000 0.886546 -0.462640 0.000000 -1 40
86.495735 201.489975 4.000000 0.595134 0.803626 0.000000 -0.975364 0.220601 0.000000 0.317841 -0.948144 -0.000000 -1 43
239.745880 211.298492 4.000000 0.387861 0.921718 0.000000 -0.965201 -0.261509 -0.000000 0.620791 -0.783976 -0.000000 -1 45
118.487885 213.419922 4.000000 0.505931 0.862574 0.000000 -0.999968 0.008057 0.000000 0.446599 -0.894734 -0.000000 -1 46
182.561447 228.434799 4.000000 -0.187913 0.982186 0.000000 -0.708746 -0.705463 -0.000000 0.935795 -0.352544 -0.000000 -1 49
296.447205 238.528534 4.000000 -0.437242 0.899344 0.000000 -0.627213 -0.778848 -0.000000 0.997799 -0.066309 -0.000000 -1 52
38.502312 254.575348 4.000000 -0.307369 0.951590 0.000000 -0.711241 -0.702948 0.000000 0.989578 -0.143996 -0.000000 -1 54
455.560181 259.504517 4.000000 0.385990 0.922503 0.000000 -0.981998 -0.188890 -0.000000 0.678584 -0.734523 -0.000000 -1 55
238.508835 265.420074 4.000000 0.019666 0.999807 0.000000 -0.846694 -0.532080 -0.000000 0.847401 -0.530953 -0.000000 -1 57
112.588112 267.414795 4.000000 -0.857215 0.514959 0.000000 0.039948 -0.999202 -0.000000 0.929494 0.368837 0.000000 -1 58
600.509949 273.494659 4.000000 0.400998 0.916079 0.000000 -0.995425 -0.095550 0.000000 0.554542 -0.832155 -0.000000 -1 60
35.492912 276.582977 4.000000 -0.480199 0.877159 0.000000 -0.479001 -0.877814 -0.000000 0.998595 0.053000 0.000000 -1 61
158.453247 284.529938 4.000000 -0.567560 0.823332 0.000000 -0.438571 -0.898697 0.000000 0.992561 0.121745 0.000000 -1 62
249.418747 292.562958 4.000000 0.696618 0.717442 0.000000 -0.920216 0.391411 0.000000 0.114994 -0.993366 -0.000000 -1 65
