526.545227 6.504426 4.000000 -0.650353 0.759632 0.000000 -0.267083 -0.963673 0.000000 0.979178 0.203004 0.000000 -1 1
155.542358 9.525056 4.000000 0.445403 0.895330 0.000000 -0.927816 0.373038 0.000000 0.437243 -0.899344 -0.000000 -1 2
254.271454 20.712139 4.000000 0.146591 0.989197 0.000000 -0.968239 -0.250028 -0.000000 0.736079 -0.676896 -0.000000 -1 5
92.275948 26.310780 4.000000 -0.400713 0.916204 0.000000 -0.683347 -0.730094 -0.000000 0.973701 -0.227829 -0.000000 -1 7
218.437729 33.410992 4.000000 -0.053609 0.998562 0.000000 -0.827575 -0.561355 -0.000000 0.821661 -0.569976 -0.000000 -1 9
302.453247 40.531044 4.000000 0.941473 0.337088 0.000000 -0.748480 0.663158 0.000000 -0.351791 -0.936079 -0.000000 -1 12
52.529137 51.414341 4.000000 0.650130 0.759823 0.000000 -0.999459 -0.032899 -0.000000 0.586314 -0.810084 -0.000000 -1 15
240.559448 64.508926 4.000000 -0.602020 0.798481 0.000000 -0.283948 -0.958840 -0.000000 0.973680 0.227921 0.000000 -1 16
109.529701 65.469131 4.000000 -0.734269 0.678859 0.000000 -0.224311 -0.974518 -0.000000 0.948314 0.317334 0.000000 -1 17
61.291306 68.249084 4.000000 -0.513814 0.857901 0.000000 -0.627079 -0.778956 0.000000 0.991908 -0.126959 -0.000000 -1 19
146.465347 75.526550 4.000000 0.691237 0.722628 0.000000 -0.931392 0.364017 0.000000 0.166389 -0.986060 -0.000000 -1 20
93.517387 96.415657 4.000000 0.271453 0.962452 0.000000 -0.936489 -0.350696 -0.000000 0.672332 -0.740249 -0.000000 -1 23
279.480896 99.472145 4.000000 0.325726 0.945464 0.000000 -0.977543 -0.210735 -0.000000 0.647937 -0.761694 -0.000000 -1 24
177.516739 111.414795 4.000000 -0.430303 0.902685 0.000000 -0.571470 -0.820623 -0.000000 0.982529 -0.186111 -0.000000 -1 25
54.527061 113.563766 4.000000 0.020031 0.999799 0.000000 -0.923105 -0.384548 -0.000000 0.908413 -0.418074 -0.000000 -1 26
236.266602 142.679840 4.000000 0.483818 0.875168 0.000000 -0.999517 0.031076 -0.000000 0.407424 -0.913239 -0.000000 -1 32
81.277916 144.690521 4.000000 -0.633184 0.774001 0.000000 -0.468711 -0.883352 -0.000000 0.992814 0.119667 0.000000 -1 33
282.518677 155.583252 4.000000 -0.362675 0.931916 0.000000 -0.541250 -0.840862 -0.000000 0.997012 0.077242 0.000000 -1 35
117.430038 170.515564 4.000000 0.360443 0.932781 0.000000 -0.995758 -0.092009 -0.000000 0.573756 -0.819026 -0.000000 -1 37
266.283417 171.272720 4.000000 0.758967 0.651129 0.000000 -0.965828 0.259183 0.000000 0.125625 -0.992078 -0.000000 -1 39
187.429504 177.440384 4.000000 0.299831 0.953992 0.000000 -0.955196 -0.295975 0.000000 0.659689 -0.751539 -0.000000 -1 41
13.558569 182.456268 4.000000 -0.773728 0.633518 0.000000 -0.081838 -0.996646 -0.000000 0.946645 0.322277 0.000000 -1 42
113.461891 202.505005 4.000000 -0.184693 0.982796 0.000000 -0.703176 -0.711016 -0.000000 0.997650 -0.068516 0.000000 -1 44
241.575012 212.574722 4.000000 0.642987 0.765877 0.000000 -0.971920 0.235310 0.000000 0.392881 -0.919590 -0.000000 -1 47
301.570770 230.535843 4.000000 0.920823 0.389982 0.000000 -0.700607 0.713547 0.000000 -0.180512 -0.983573 0.000000 -1 51
2.571964 233.491959 4.000000 0.426999 0.904252 0.000000 -0.987483 -0.157725 -0.000000 0.650468 -0.759534 -0.000000 -1 53
207.484344 250.593719 4.000000 0.469629 0.882864 0.000000 -0.998728 0.050422 0.000000 0.547693 -0.836680 -0.000000 -1 55
44.519382 252.516647 4.000000 0.059244 0.998244 0.000000 -0.838644 -0.544680 -0.000000 0.924096 -0.382160 -0.000000 -1 56
114.587982 254.462509 4.000000 0.398416 0.917205 0.000000 -0.970932 -0.239354 -0.000000 0.709713 -0.704491 -0.000000 -1 57
455.567657 258.499939 4.000000 0.385501 0.922708 0.000000 -0.978922 -0.204235 -0.000000 0.689301 -0.724475 -0.000000 -1 59
254.530380 262.550293 4.000000 -0.159308 0.987229 0.000000 -0.735693 -0.677315 -0.000000 0.977190 -0.212367 -0.000000 -1 60
299.568878 276.514862 4.000000 -0.753441 0.657516 0.000000 -0.127288 -0.991866 -0.000000 0.951793 0.306741 0.000000 -1 64
162.491119 286.432037 4.000000 -0.136568 0.990631 0.000000 -0.834241 -0.551400 -0.000000 0.886881 -0.461998 -0.000000 -1 66
