525.520020 3.467666 4.000000 -0.642480 0.766302 0.000000 -0.314825 -0.949150 0.000000 0.990600 0.136788 0.000000 -1 1
163.513321 7.460042 4.000000 -0.162029 0.986786 0.000000 -0.722416 -0.691459 0.000000 0.976328 -0.216295 -0.000000 -1 3
215.558075 19.440252 4.000000 -0.736466 0.676474 0.000000 -0.098121 -0.995174 0.000000 0.936704 0.350123 0.000000 -1 5
42.273911 26.701693 4.000000 0.833355 0.552738 0.000000 -0.875745 0.482774 0.000000 -0.022506 -0.999747 -0.000000 -1 7
110.549019 45.436218 4.000000 0.040177 0.999193 0.000000 -0.822958 -0.568103 -0.000000 0.862434 -0.506169 -0.000000 -1 10
16.538210 54.570385 4.000000 0.945114 0.326741 0.000000 -0.711547 0.702639 0.000000 -0.251912 -0.967750 -0.000000 -1 12
80.524826 60.423458 4.000000 0.567261 0.823538 0.000000 -0.999292 -0.037623 -0.000000 0.466706 -0.884412 -0.000000 -1 13
53.502285 87.537010 4.000000 0.136186 0.990683 0.000000 -0.936943 -0.349483 -0.000000 0.809449 -0.587190 -0.000000 -1 17
142.496857 87.449219 4.000000 0.891721 0.452586 -0.000000 -0.880024 0.474930 0.000000 -0.015121 -0.999886 -0.000000 -1 18
253.439087 87.574059 4.000000 0.958186 0.286147 0.000000 -0.686953 0.726702 0.000000 -0.317812 -0.948154 -0.000000 -1 19
94.460609 92.570702 4.000000 0.645518 0.763745 0.000000 -0.962615 0.270874 0.000000 0.331429 -0.943480 -0.000000 -1 20
187.419846 115.488571 4.000000 0.456915 0.889510 0.000000 -0.999739 -0.022857 0.000000 0.456953 -0.889491 -0.000000 -1 25
270.448395 121.438156 4.000000 -0.705296 0.708913 0.000000 -0.319203 -0.947686 -0.000000 0.988726 0.149733 -0.000000 -1 27
53.592789 139.453812 4.000000 -0.154590 0.987979 0.000000 -0.696334 -0.717718 -0.000000 0.951074 -0.308962 0.000000 -1 29
216.501099 150.575516 4.000000 0.950208 0.311616 0.000000 -0.693746 0.720219 0.000000 -0.283038 -0.959109 -0.000000 -1 31
297.518738 150.430588 4.000000 -0.484999 0.874514 0.000000 -0.483969 -0.875085 -0.000000 0.998038 -0.062612 0.000000 -1 32
271.520508 182.528152 4.000000 0.673611 0.739086 -0.000000 -0.986942 0.161077 0.000000 0.481484 -0.876455 -0.000000 -1 34
152.364639 187.317413 4.000000 -0.282119 0.959379 0.000000 -0.960910 -0.276859 -0.000000 0.849900 -0.526944 -0.000000 -1 36
430.513763 204.488083 4.000000 -0.231439 0.972849 0.000000 -0.714171 -0.699971 -0.000000 0.957145 -0.289610 -0.000000 -1 39
98.438118 223.530090 4.000000 0.093702 0.995600 0.000000 -0.932346 -0.361568 -0.000000 0.805035 -0.593227 -0.000000 -1 41
173.712173 231.698090 4.000000 -0.601646 0.798763 0.000000 -0.292385 -0.956301 0.000000 0.989834 0.142225 -0.000000 -1 42
280.425568 232.557831 4.000000 0.705622 0.708588 0.000000 -0.920232 0.391373 -0.000000 0.205802 -0.978594 -0.000000 -1 43
210.490494 233.586029 4.000000 0.300348 0.953830 0.000000 -0.995509 -0.094672 -0.000000 0.667236 -0.744847 -0.000000 -1 44
240.480637 254.444351 4.000000 -0.238590 0.971120 0.000000 -0.632656 -0.774433 -0.000000 0.988304 -0.152493 -0.000000 -1 50
60.523411 257.571198 4.000000 -0.007684 0.999970 0.000000 -0.881069 -0.472987 0.000000 0.911215 -0.411930 -0.000000 -1 51
456.474701 259.554962 4.000000 0.305834 0.952085 0.000000 -0.994015 -0.109246 -0.000000 0.644289 -0.764782 -0.000000 -1 52
108.719170 269.724915 4.000000 0.690198 0.723621 0.000000 -0.972100 0.234567 0.000000 0.406950 -0.913450 -0.000000 -1 54
234.578064 279.506317 4.000000 0.550702 0.834702 0.000000 -0.999989 0.004631 0.000000 0.492993 -0.870033 -0.000000 -1 56
129.410736 283.532379 4.000000 -0.240005 0.970772 0.000000 -0.837211 -0.546880 -0.000000 0.922985 -0.384835 -0.000000 -1 57
73.435120 292.557404 4.000000 -0.436934 0.899493 0.000000 -0.644751 -0.764393 0.000000 0.995586 -0.093853 -0.000000 -1 58
