524.557983 3.505882 4.000000 -0.606780 0.794870 0.000000 -0.299066 -0.954232 -0.000000 0.987300 0.158869 0.000000 -1 3
41.720631 26.268457 4.000000 -0.586023 0.810294 0.000000 -0.339341 -0.940663 -0.000000 0.999893 0.014631 0.000000 -1 4
151.440384 35.546177 4.000000 -0.374994 0.927027 0.000000 -0.573953 -0.818888 -0.000000 0.994478 -0.104947 -0.000000 -1 6
298.542175 41.543896 4.000000 -0.264087 0.964499 0.000000 -0.680234 -0.732995 -0.000000 0.991620 -0.129185 -0.000000 -1 7
236.465775 61.480270 4.000000 -0.202834 0.979213 0.000000 -0.781731 -0.623616 -0.000000 0.933914 -0.357497 0.000000 -1 9
78.481491 65.534096 4.000000 -0.717056 0.697016 0.000000 -0.426315 -0.904575 -0.000000 0.978379 0.206818 0.000000 -1 10
49.575207 86.582764 4.000000 0.369236 0.929336 0.000000 -0.988461 -0.151478 -0.000000 0.708308 -0.705903 -0.000000 -1 15
251.554352 86.500366 4.000000 0.892851 0.450353 0.000000 -0.690926 0.722925 0.000000 -0.096617 -0.995322 -0.000000 -1 16
142.493073 91.507484 4.000000 0.885550 0.464544 0.000000 -0.826849 0.562424 0.000000 -0.090370 -0.995908 -0.000000 -1 17
13.535005 100.437996 4.000000 -0.530546 0.847656 0.000000 -0.555088 -0.831792 -0.000000 0.998294 -0.058396 -0.000000 -1 18
117.544815 105.432137 4.000000 0.129793 0.991541 0.000000 -0.874302 -0.485382 0.000000 0.792287 -0.610148 -0.000000 -1 22
301.423767 107.472664 4.000000 -0.658886 0.752243 0.000000 -0.419187 -0.907900 0.000000 0.989502 0.144520 0.000000 -1 23
185.586807 115.561195 4.000000 0.721198 0.692729 0.000000 -0.911711 0.410833 0.000000 0.255455 -0.966821 -0.000000 -1 25
225.455475 116.450806 4.000000 0.877626 0.479346 0.000000 -0.873588 0.486667 0.000000 -0.048826 -0.998807 -0.000000 -1 26
10.518355 135.542572 4.000000 0.927287 0.374351 0.000000 -0.752762 0.658292 0.000000 -0.151736 -0.988421 0.000000 -1 29
55.277657 140.725204 4.000000 -0.165804 0.986159 0.000000 -0.842326 -0.538969 -0.000000 0.926580 -0.376098 0.000000 -1 30
243.433807 157.499847 4.000000 -0.268840 0.963185 0.000000 -0.736213 -0.676750 -0.000000 0.982917 -0.184049 -0.000000 -1 32
114.576820 184.453384 4.000000 -0.694233 0.719750 0.000000 -0.171950 -0.985106 -0.000000 0.978386 0.206788 0.000000 -1 37
237.525803 186.444733 4.000000 0.465428 0.885086 0.000000 -0.988200 -0.153169 -0.000000 0.536122 -0.844141 -0.000000 -1 38
62.497669 189.579346 4.000000 0.187698 0.982227 0.000000 -0.964023 -0.265819 0.000000 0.833750 -0.552142 -0.000000 -1 39
431.505188 201.423752 4.000000 -0.280882 0.959742 0.000000 -0.664003 -0.747730 -0.000000 0.943147 -0.332376 0.000000 -1 41
11.485299 214.525620 4.000000 0.936934 0.349507 0.000000 -0.740333 0.672240 0.000000 -0.197531 -0.980297 -0.000000 -1 43
141.511795 216.475800 4.000000 -0.275527 0.961293 0.000000 -0.641111 -0.767448 -0.000000 0.976136 -0.217162 -0.000000 -1 44
105.474915 225.496933 4.000000 -0.055873 0.998438 0.000000 -0.874233 -0.485507 -0.000000 0.860555 -0.509358 -0.000000 -1 46
270.661804 234.739792 4.000000 0.815075 0.579356 0.000000 -0.882817 0.469717 0.000000 0.157405 -0.987534 -0.000000 -1 49
210.454620 238.498703 4.000000 0.354437 0.935080 0.000000 -0.998182 -0.060265 0.000000 0.563369 -0.826205 -0.000000 -1 52
167.501602 242.574112 4.000000 -0.198341 0.980133 0.000000 -0.690194 -0.723625 -0.000000 0.994633 -0.103463 -0.000000 -1 53
64.528114 256.505219 4.000000 -0.113674 0.993518 0.000000 -0.774438 -0.632650 0.000000 0.937063 -0.349161 -0.000000 -1 56
456.537445 259.554565 4.000000 0.366303 0.930496 0.000000 -0.992500 -0.122246 -0.000000 0.667230 -0.744852 -0.000000 -1 58
201.504608 286.506134 4.000000 -0.590704 0.806888 0.000000 -0.355403 -0.934713 -0.000000 0.982987 0.183673 0.000000 -1 59
67.333740 298.309998 4.000000 -0.796793 0.604252 0.000000 -0.033778 -0.999429 0.000000 0.993995 0.109428 0.000000 -1 60
