522.477722 5.562604 4.000000 -0.646126 0.763231 0.000000 -0.345002 -0.938602 -0.000000 0.964115 0.265484 0.000000 -1 1
228.318176 8.310065 4.000000 -0.774821 0.632181 0.000000 -0.105674 -0.994401 -0.000000 0.994521 0.104533 0.000000 -1 2
268.407776 19.460026 4.000000 0.943571 0.331170 0.000000 -0.793783 0.608201 0.000000 -0.270508 -0.962718 -0.000000 -1 6
215.445663 31.471283 4.000000 -0.529362 0.848396 0.000000 -0.597886 -0.801581 -0.000000 0.976039 -0.217596 0.000000 -1 8
9.729741 36.704815 4.000000 -0.546293 0.837594 0.000000 -0.352725 -0.935727 -0.000000 0.989311 0.145820 0.000000 -1 11
300.432190 38.428974 4.000000 -0.773703 0.633549 0.000000 -0.287769 -0.957700 -0.000000 0.977802 0.209532 0.000000 -1 12
192.569641 40.410240 4.000000 0.366884 0.930267 0.000000 -0.958941 -0.283605 0.000000 0.699349 -0.714780 -0.000000 -1 13
65.520615 47.429466 4.000000 -0.377688 0.925933 0.000000 -0.725652 -0.688062 -0.000000 0.963384 -0.268126 -0.000000 -1 16
155.561569 48.490486 4.000000 0.867734 0.497030 0.000000 -0.887080 0.461615 0.000000 0.099141 -0.995073 -0.000000 -1 17
116.490356 49.441147 4.000000 -0.594442 0.804138 0.000000 -0.386892 -0.922125 -0.000000 0.998073 0.062051 -0.000000 -1 18
190.544632 56.457680 4.000000 -0.653726 0.756732 0.000000 -0.312924 -0.949778 -0.000000 0.988183 0.153279 0.000000 -1 19
244.275665 84.277679 4.000000 0.645765 0.763536 0.000000 -0.993233 0.116135 0.000000 0.271154 -0.962536 -0.000000 -1 23
302.500092 91.566872 4.000000 -0.370199 0.928953 0.000000 -0.596785 -0.802402 -0.000000 0.999995 0.003279 0.000000 -1 24
200.282074 94.703613 4.000000 -0.555445 0.831553 0.000000 -0.508246 -0.861212 -0.000000 0.997383 0.072299 0.000000 -1 27
492.449402 95.498650 4.000000 0.143024 0.989719 0.000000 -0.953270 -0.302121 -0.000000 0.736446 -0.676496 -0.000000 -1 28
596.462891 104.451614 4.000000 -0.132105 0.991236 0.000000 -0.796822 -0.604214 0.000000 0.882267 -0.470750 -0.000000 -1 31
191.528076 116.403015 4.000000 0.688648 0.725096 0.000000 -0.998310 0.058113 0.000000 0.401677 -0.915781 -0.000000 -1 33
255.280640 116.712196 4.000000 0.162638 0.986686 0.000000 -0.963275 -0.268516 0.000000 0.751413 -0.659832 -0.000000 -1 34
128.521057 136.496017 4.000000 -0.850351 0.526217 0.000000 0.168281 -0.985739 -0.000000 0.965739 0.259516 0.000000 -1 36
159.708755 142.261368 4.000000 -0.182101 0.983280 0.000000 -0.777833 -0.628472 -0.000000 0.932673 -0.360724 -0.000000 -1 39
183.293701 151.728287 4.000000 0.269689 0.962948 0.000000 -0.991388 -0.130960 -0.000000 0.688761 -0.724989 -0.000000 -1 41
96.459038 158.519135 4.000000 0.912485 0.409110 0.000000 -0.821968 0.569534 0.000000 -0.161774 -0.986828 -0.000000 -1 42
0.555300 190.468903 4.000000 0.580941 0.813946 0.000000 -0.999258 0.038517 0.000000 0.474338 -0.880343 -0.000000 -1 44
434.533783 196.444687 4.000000 -0.350971 0.936386 0.000000 -0.590257 -0.807215 -0.000000 0.977406 -0.211369 0.000000 -1 47
48.457550 207.578613 4.000000 0.120739 0.992684 0.000000 -0.975746 -0.218904 0.000000 0.777313 -0.629114 -0.000000 -1 48
128.484451 210.540436 4.000000 -0.167253 0.985914 0.000000 -0.798608 -0.601852 -0.000000 0.951002 -0.309185 -0.000000 -1 49
79.716339 231.725693 4.000000 0.159199 0.987246 0.000000 -0.929327 -0.369257 -0.000000 0.853522 -0.521057 -0.000000 -1 53
186.459442 239.383881 4.000000 -0.774450 0.632635 0.000000 -0.388786 -0.921328 0.000000 0.992474 0.122456 0.000000 -1 55
229.560638 243.416275 4.000000 -0.620461 0.784237 0.000000 -0.334154 -0.942519 -0.000000 0.997561 0.069801 -0.000000 -1 58
3.554624 254.420563 4.000000 0.773464 0.633841 0.000000 -0.943286 0.331982 0.000000 0.244661 -0.969609 -0.000000 -1 59
459.412170 260.411011 4.000000 0.323404 0.946261 0.000000 -0.969433 -0.245356 -0.000000 0.538066 -0.842903 -0.000000 -1 61
79.483452 262.470428 4.000000 -0.728411 0.685140 0.000000 -0.217856 -0.975981 -0.000000 0.976487 0.215577 0.000000 -1 63
298.516449 270.422852 4.000000 -0.448224 0.893921 0.000000 -0.494559 -0.869144 -0.000000 0.989497 -0.144550 0.000000 -1 64
37.279449 280.297791 4.000000 0.188771 0.982021 0.000000 -0.978282 -0.207278 0.000000 0.641036 -0.767510 -0.000000 -1 65
163.561981 293.498901 4.000000 0.565051 0.825056 0.000000 -0.999939 -0.011009 0.000000 0.529312 -0.848427 0.000000 -1 68
