527.495117 7.510718 4.000000 -0.667739 0.744396 0.000000 -0.314646 -0.949209 -0.000000 0.975998 0.217782 0.000000 -1 2
65.601440 36.451080 4.000000 -0.752273 0.658851 0.000000 -0.074717 -0.997205 0.000000 0.952659 0.304040 0.000000 -1 6
211.495300 36.497162 4.000000 0.480597 0.876942 0.000000 -0.999982 -0.005955 0.000000 0.389157 -0.921171 -0.000000 -1 7
141.419235 40.483746 4.000000 0.895620 0.444819 0.000000 -0.843531 0.537080 0.000000 -0.175017 -0.984565 -0.000000 -1 9
87.420906 43.420135 4.000000 -0.035562 0.999367 0.000000 -0.850533 -0.525921 -0.000000 0.809224 -0.587500 -0.000000 -1 10
190.460968 74.489258 4.000000 0.940569 0.339602 0.000000 -0.762078 0.647485 0.000000 -0.175495 -0.984480 0.000000 -1 12
233.485214 91.557976 4.000000 0.125004 0.992156 0.000000 -0.963104 -0.269130 0.000000 0.777964 -0.628309 -0.000000 -1 16
282.470764 99.447144 4.000000 0.338832 0.940847 0.000000 -0.968316 -0.249727 -0.000000 0.674874 -0.737933 -0.000000 -1 17
88.463089 104.462196 4.000000 -0.492855 0.870111 0.000000 -0.552938 -0.833222 -0.000000 0.998721 -0.050558 0.000000 -1 20
182.528290 115.507156 4.000000 0.569988 0.821653 0.000000 -0.997668 0.068255 -0.000000 0.449668 -0.893196 0.000000 -1 22
9.737961 121.697273 4.000000 0.928534 0.371247 0.000000 -0.713091 0.701072 0.000000 -0.117526 -0.993070 -0.000000 -1 24
119.454460 123.470337 4.000000 0.183222 0.983072 0.000000 -0.948694 -0.316196 -0.000000 0.697891 -0.716204 -0.000000 -1 25
238.519943 130.400131 4.000000 -0.426154 0.904651 0.000000 -0.767993 -0.640458 -0.000000 0.937789 -0.347205 0.000000 -1 27
58.496426 132.443192 4.000000 0.595991 0.802991 0.000000 -0.995354 0.096279 0.000000 0.383011 -0.923744 -0.000000 -1 29
266.505157 139.590790 4.000000 0.710065 0.704136 0.000000 -0.931956 0.362572 0.000000 0.274770 -0.961510 -0.000000 -1 30
85.496674 170.503799 4.000000 0.580284 0.814414 0.000000 -0.985244 0.171156 0.000000 0.379966 -0.925000 -0.000000 -1 32
265.526428 185.546585 4.000000 0.803699 0.595036 0.000000 -0.909085 0.416610 0.000000 0.052760 -0.998607 -0.000000 -1 33
217.548584 196.417068 4.000000 0.836395 0.548127 0.000000 -0.923537 0.383510 0.000000 0.137205 -0.990543 -0.000000 -1 36
251.531158 210.537170 4.000000 -0.732295 0.680987 0.000000 -0.242966 -0.970035 0.000000 0.962411 0.271597 -0.000000 -1 40
157.582504 220.447739 4.000000 0.380195 0.924906 0.000000 -0.979604 -0.200939 0.000000 0.708610 -0.705600 -0.000000 -1 43
42.560211 234.559265 4.000000 -0.588679 0.808367 0.000000 -0.338701 -0.940894 0.000000 0.983420 0.181343 0.000000 -1 46
257.461365 236.547852 4.000000 0.746475 0.665414 0.000000 -0.952600 0.304225 -0.000000 0.230597 -0.973049 -0.000000 -1 47
205.564056 253.509750 4.000000 0.341924 0.939728 0.000000 -0.971454 -0.237226 -0.000000 0.722200 -0.691684 -0.000000 -1 49
456.465210 258.447784 4.000000 0.308398 0.951257 0.000000 -0.969500 -0.245092 0.000000 0.622294 -0.782783 -0.000000 -1 50
90.432968 263.480225 4.000000 0.310966 0.950421 0.000000 -0.988488 -0.151298 -0.000000 0.608561 -0.793507 0.000000 -1 52
296.711487 280.280792 4.000000 -0.180505 0.983574 0.000000 -0.743299 -0.668959 -0.000000 0.948518 -0.316724 0.000000 -1 54
264.284149 284.321899 4.000000 -0.741799 0.670622 0.000000 -0.224324 -0.974515 0.000000 0.975551 0.219771 0.000000 -1 55
48.523083 298.588470 4.000000 -0.342152 0.939645 0.000000 -0.623511 -0.781815 -0.000000 0.997065 -0.076562 -0.000000 -1 56
