525.450500 3.480855 4.000000 -0.667034 0.745027 0.000000 -0.385104 -0.922873 -0.000000 0.987241 0.159235 0.000000 -1 1
41.726986 24.296017 4.000000 -0.640175 0.768229 0.000000 -0.284849 -0.958573 -0.000000 0.991647 0.128982 0.000000 -1 3
152.555542 31.572716 4.000000 0.957243 0.289284 0.000000 -0.698345 0.715761 0.000000 -0.228100 -0.973638 0.000000 -1 7
256.488190 33.414169 4.000000 0.781890 0.623416 0.000000 -0.960179 0.279385 0.000000 0.200934 -0.979605 -0.000000 -1 8
116.469498 44.544880 4.000000 0.465379 0.885112 0.000000 -0.999820 -0.018992 -0.000000 0.567937 -0.823072 -0.000000 -1 10
303.499573 45.567772 4.000000 -0.273011 0.962011 0.000000 -0.761679 -0.647955 -0.000000 0.981236 -0.192812 -0.000000 -1 11
235.466583 58.560143 4.000000 0.108276 0.994121 0.000000 -0.939243 -0.343252 -0.000000 0.812038 -0.583604 -0.000000 -1 14
75.428566 62.442146 4.000000 -0.468297 0.883571 0.000000 -0.633470 -0.773767 -0.000000 0.986147 -0.165876 0.000000 -1 16
50.443684 86.543526 4.000000 0.234515 0.972113 0.000000 -0.981194 -0.193022 0.000000 0.701814 -0.712360 -0.000000 -1 18
145.545288 89.587830 4.000000 -0.616112 0.787659 0.000000 -0.326298 -0.945267 -0.000000 0.968527 0.248909 0.000000 -1 19
253.415863 90.449921 4.000000 0.907861 0.419271 0.000000 -0.870104 0.492868 0.000000 -0.201682 -0.979451 -0.000000 -1 20
185.557816 116.566200 4.000000 0.626504 0.779418 0.000000 -0.981492 0.191502 0.000000 0.416481 -0.909145 -0.000000 -1 23
270.449860 121.537689 4.000000 -0.277589 0.960700 0.000000 -0.710913 -0.703280 -0.000000 0.976913 -0.213638 0.000000 -1 25
54.465191 139.535583 4.000000 -0.210205 0.977657 0.000000 -0.782440 -0.622726 -0.000000 0.947014 -0.321192 -0.000000 -1 28
116.550842 142.525787 4.000000 0.703953 0.710247 0.000000 -0.976243 0.216680 0.000000 0.474836 -0.880074 -0.000000 -1 29
213.460114 150.418869 4.000000 -0.712015 0.702164 0.000000 -0.259265 -0.965806 -0.000000 0.995451 0.095273 -0.000000 -1 30
170.580338 155.496887 4.000000 0.540772 0.841169 0.000000 -0.992801 0.119776 0.000000 0.496727 -0.867907 -0.000000 -1 31
193.269287 179.304260 4.000000 -0.430600 0.902543 0.000000 -0.631869 -0.775075 0.000000 0.979830 -0.199834 -0.000000 -1 37
118.441269 185.412949 4.000000 -0.772605 0.634887 0.000000 -0.211375 -0.977405 -0.000000 0.967824 0.251628 0.000000 -1 38
431.441040 202.461258 4.000000 -0.312329 0.949974 0.000000 -0.721794 -0.692108 -0.000000 0.951671 -0.307119 -0.000000 -1 39
283.579346 207.527512 4.000000 -0.181509 0.983389 0.000000 -0.610953 -0.791667 -0.000000 0.916655 -0.399680 0.000000 -1 41
11.555340 208.531021 4.000000 0.914189 0.405288 0.000000 -0.763064 0.646323 0.000000 -0.074260 -0.997239 -0.000000 -1 42
275.463287 235.438293 4.000000 0.766839 0.641840 0.000000 -0.964271 0.264919 0.000000 0.179992 -0.983668 0.000000 -1 48
210.589249 237.548904 4.000000 0.376171 0.926550 0.000000 -0.981301 -0.192480 0.000000 0.731256 -0.682103 -0.000000 -1 49
118.418365 247.513443 4.000000 0.858898 0.512146 0.000000 -0.686547 0.727085 0.000000 -0.226058 -0.974114 -0.000000 -1 50
14.488133 258.557953 4.000000 0.891775 0.452480 0.000000 -0.795792 0.605570 0.000000 -0.129693 -0.991554 -0.000000 -1 52
63.525650 259.502808 4.000000 0.092882 0.995677 0.000000 -0.902811 -0.430038 -0.000000 0.841446 -0.540341 -0.000000 -1 53
456.503540 259.556763 4.000000 0.330184 0.943916 0.000000 -0.993675 -0.112292 0.000000 0.655923 -0.754828 -0.000000 -1 54
127.519127 283.554321 4.000000 -0.193607 0.981079 0.000000 -0.744197 -0.667960 -0.000000 0.975547 -0.219790 0.000000 -1 59
196.547607 291.416748 4.000000 -0.406317 0.913732 0.000000 -0.508811 -0.860878 -0.000000 0.980710 -0.195470 -0.000000 -1 60
75.462425 293.472046 4.000000 -0.612874 0.790181 0.000000 -0.414844 -0.909893 -0.000000 0.995857 0.090928 0.000000 -1 61
