526.497009 5.509602 4.000000 -0.669371 0.742928 0.000000 -0.308219 -0.951315 -0.000000 0.975277 0.220988 0.000000 -1 2
159.277100 16.281031 4.000000 0.582932 0.812521 0.000000 -0.998032 0.062710 -0.000000 0.332229 -0.943199 0.000000 -1 5
299.475616 16.582085 4.000000 -0.502989 0.864293 0.000000 -0.520857 -0.853644 -0.000000 0.995085 0.099026 0.000000 -1 6
99.464882 23.526182 4.000000 0.828971 0.559292 0.000000 -0.853376 0.521295 0.000000 0.018813 -0.999823 -0.000000 -1 7
251.541672 23.426317 4.000000 0.280913 0.959733 0.000000 -0.929770 -0.368142 0.000000 0.767408 -0.641159 -0.000000 -1 8
130.487152 41.484474 4.000000 -0.446838 0.894615 0.000000 -0.733761 -0.679408 0.000000 0.984063 -0.177823 -0.000000 -1 12
1.521905 42.538818 4.000000 -0.242252 0.970213 0.000000 -0.718875 -0.695139 -0.000000 0.960332 -0.278858 0.000000 -1 13
212.519241 42.417667 4.000000 -0.447381 0.894344 0.000000 -0.602327 -0.798250 -0.000000 0.986720 -0.162430 -0.000000 -1 14
94.400787 56.560543 4.000000 0.233383 0.972385 0.000000 -0.999000 -0.044702 -0.000000 0.607114 -0.794614 -0.000000 -1 17
204.491409 73.431915 4.000000 0.916506 0.400021 0.000000 -0.855402 0.517964 0.000000 -0.018426 -0.999830 -0.000000 -1 21
263.520782 74.495163 4.000000 0.416194 0.909276 0.000000 -0.985336 -0.170623 -0.000000 0.531336 -0.847161 -0.000000 -1 22
42.462704 83.581589 4.000000 -0.511047 0.859553 0.000000 -0.553546 -0.832819 -0.000000 0.998270 0.058791 0.000000 -1 23
11.285483 111.726662 4.000000 0.974052 0.226322 0.000000 -0.659047 0.752102 0.000000 -0.379083 -0.925363 -0.000000 -1 27
291.469391 119.559624 4.000000 0.386454 0.922309 0.000000 -0.999150 0.041220 0.000000 0.535872 -0.844300 -0.000000 -1 29
267.419617 128.489410 4.000000 -0.322938 0.946420 0.000000 -0.680121 -0.733100 -0.000000 0.943621 -0.331029 0.000000 -1 30
98.587395 129.541290 4.000000 0.836510 0.547952 0.000000 -0.856626 0.515937 0.000000 0.122628 -0.992453 -0.000000 -1 31
135.493973 139.488876 4.000000 0.599467 0.800400 0.000000 -0.961630 0.274351 0.000000 0.315841 -0.948812 0.000000 -1 34
78.486328 173.414459 4.000000 -0.424988 0.905199 0.000000 -0.685249 -0.728309 -0.000000 0.975624 -0.219447 -0.000000 -1 37
126.542389 184.568909 4.000000 -0.625775 0.780004 0.000000 -0.286823 -0.957984 -0.000000 0.968190 0.250217 0.000000 -1 39
184.404373 189.524963 4.000000 0.161287 0.986908 0.000000 -0.974648 -0.223745 -0.000000 0.679577 -0.733604 -0.000000 -1 41
243.497742 191.418976 4.000000 -0.317433 0.948281 0.000000 -0.919510 -0.393067 -0.000000 0.872830 -0.488025 0.000000 -1 42
182.412552 232.519928 4.000000 -0.318515 0.947918 0.000000 -0.738295 -0.674477 -0.000000 0.960829 -0.277142 0.000000 -1 46
296.538055 237.569763 4.000000 -0.570697 0.821161 0.000000 -0.385284 -0.922798 -0.000000 0.984985 0.172643 0.000000 -1 47
110.515099 249.444229 4.000000 0.542848 0.839831 0.000000 -0.998603 -0.052847 0.000000 0.491930 -0.870635 -0.000000 -1 48
455.557098 259.452606 4.000000 0.380414 0.924816 0.000000 -0.971957 -0.235159 -0.000000 0.663141 -0.748495 -0.000000 -1 49
36.449799 261.465912 4.000000 0.912181 0.409788 0.000000 -0.830655 0.556787 0.000000 -0.167119 -0.985937 -0.000000 -1 50
600.511047 273.550476 4.000000 0.298966 0.954264 0.000000 -0.987921 -0.154958 0.000000 0.689183 -0.724587 -0.000000 -1 54
133.503174 278.407166 4.000000 0.715262 0.698857 0.000000 -0.991853 0.127385 0.000000 0.259171 -0.965831 -0.000000 -1 56
159.423721 286.418091 4.000000 -0.221644 0.975128 0.000000 -0.782682 -0.622422 -0.000000 0.916579 -0.399853 -0.000000 -1 59
51.517151 295.553131 4.000000 -0.253609 0.967307 0.000000 -0.684187 -0.729307 -0.000000 0.993814 -0.111055 -0.000000 -1 60
