524.533691 3.532094 4.000000 -0.608908 0.793241 0.000000 -0.329572 -0.944130 -0.000000 0.981691 0.190481 0.000000 -1 1
102.533577 16.404675 4.000000 -0.032079 0.999485 0.000000 -0.804340 -0.594170 -0.000000 0.858303 -0.513143 0.000000 -1 2
39.544533 28.553583 4.000000 -0.538801 0.842433 0.000000 -0.331790 -0.943353 -0.000000 0.996098 0.088257 0.000000 -1 5
154.544098 35.480717 4.000000 -0.192661 0.981265 0.000000 -0.624366 -0.781132 -0.000000 0.941504 -0.337001 0.000000 -1 7
298.496521 39.483486 4.000000 -0.355330 0.934741 0.000000 -0.621569 -0.783359 -0.000000 0.989361 -0.145479 -0.000000 -1 8
236.527985 60.546974 4.000000 -0.224964 0.974367 0.000000 -0.731092 -0.682278 -0.000000 0.978417 -0.206641 -0.000000 -1 10
285.583282 62.454155 4.000000 -0.735608 0.677407 0.000000 -0.028027 -0.999607 -0.000000 0.955323 0.295565 0.000000 -1 12
51.433220 89.445061 4.000000 0.236366 0.971664 0.000000 -0.964011 -0.265864 0.000000 0.643014 -0.765854 -0.000000 -1 17
139.594009 92.515610 4.000000 0.896266 0.443518 -0.000000 -0.767550 0.640988 0.000000 -0.049313 -0.998783 -0.000000 -1 18
118.414200 105.581718 4.000000 0.026833 0.999640 0.000000 -0.946296 -0.323301 0.000000 0.800712 -0.599050 -0.000000 -1 19
300.475189 107.568970 4.000000 -0.595819 0.803119 0.000000 -0.384796 -0.923001 0.000000 0.977523 0.210827 0.000000 -1 20
185.385178 114.458519 4.000000 0.705812 0.708399 0.000000 -0.941542 0.336896 0.000000 0.066718 -0.997772 -0.000000 -1 21
226.562683 115.541977 4.000000 0.835118 0.550071 0.000000 -0.862780 0.505580 0.000000 0.105078 -0.994464 -0.000000 -1 22
12.569281 137.445236 4.000000 -0.809725 0.586809 0.000000 -0.069435 -0.997586 -0.000000 0.944744 0.327810 0.000000 -1 25
55.519836 141.489594 4.000000 -0.135831 0.990732 0.000000 -0.771169 -0.636631 0.000000 0.934914 -0.354874 -0.000000 -1 26
112.709862 183.722321 4.000000 0.973513 0.228632 0.000000 -0.610682 0.791876 0.000000 -0.319450 -0.947603 -0.000000 -1 31
236.483276 184.482605 4.000000 0.516293 0.856412 0.000000 -0.999992 0.003964 0.000000 0.439513 -0.898236 -0.000000 -1 32
431.534363 200.499222 4.000000 -0.241515 0.970397 0.000000 -0.686320 -0.727300 -0.000000 0.971115 -0.238611 0.000000 -1 34
162.502930 210.532578 4.000000 0.657599 0.753368 0.000000 -0.972909 0.231188 0.000000 0.310642 -0.950527 -0.000000 -1 36
140.572845 215.584503 4.000000 -0.045500 0.998964 0.000000 -0.781598 -0.623782 -0.000000 0.966596 -0.256305 -0.000000 -1 38
12.718550 217.286652 4.000000 -0.707206 0.707007 0.000000 -0.210405 -0.977614 -0.000000 0.979180 0.202992 0.000000 -1 39
52.258686 227.307571 4.000000 0.620769 0.783993 0.000000 -0.965071 0.261988 -0.000000 0.228164 -0.973623 -0.000000 -1 41
104.315033 227.264847 4.000000 -0.203299 0.979117 0.000000 -0.845453 -0.534050 -0.000000 0.914214 -0.405231 0.000000 -1 42
65.558655 252.582901 4.000000 -0.208536 0.978015 0.000000 -0.691375 -0.722496 -0.000000 0.981810 -0.189867 0.000000 -1 46
456.564117 259.563599 4.000000 0.390604 0.920559 0.000000 -0.992376 -0.123250 0.000000 0.680858 -0.732415 -0.000000 -1 48
227.418854 286.456970 4.000000 0.153755 0.988109 0.000000 -0.932279 -0.361741 -0.000000 0.747488 -0.664276 -0.000000 -1 51
141.574600 297.530029 4.000000 -0.656459 0.754362 0.000000 -0.367615 -0.929978 -0.000000 0.978381 0.206811 0.000000 -1 54
