229.516388 300.419037 4.000000 -0.247911 0.968783 0.000000 -0.805530 -0.592556 0.000000 0.896227 -0.443596 -0.000000 -1 2
526.457886 3.503414 4.000000 -0.671259 0.741223 0.000000 -0.364465 -0.931217 -0.000000 0.980310 0.197462 0.000000 -1 4
179.700317 8.250170 4.000000 -0.338878 0.940830 0.000000 -0.664946 -0.746892 -0.000000 0.961725 -0.274015 0.000000 -1 6
118.591217 20.452808 4.000000 -0.164574 0.986365 0.000000 -0.665193 -0.746672 0.000000 0.966295 -0.257438 -0.000000 -1 7
255.522263 21.473055 4.000000 -0.122974 0.992410 0.000000 -0.723961 -0.689841 -0.000000 0.962707 -0.270546 -0.000000 -1 8
64.435318 23.558308 4.000000 -0.052825 0.998604 0.000000 -0.896761 -0.442516 -0.000000 0.878112 -0.478456 -0.000000 -1 9
167.452225 28.451122 4.000000 0.606007 0.795460 0.000000 -0.998414 0.056297 -0.000000 0.401552 -0.915836 -0.000000 -1 15
281.447510 40.418068 4.000000 0.009705 0.999953 0.000000 -0.836865 -0.547410 -0.000000 0.863986 -0.503516 -0.000000 -1 17
182.417831 45.550114 4.000000 -0.375619 0.926774 0.000000 -0.737867 -0.674946 -0.000000 0.979444 -0.201718 0.000000 -1 18
61.487061 60.439384 4.000000 -0.590976 0.806689 0.000000 -0.388837 -0.921306 -0.000000 0.999662 0.026004 0.000000 -1 23
117.528534 64.459351 4.000000 -0.150466 0.988615 0.000000 -0.726746 -0.686906 -0.000000 0.927796 -0.373088 -0.000000 -1 24
23.561562 67.539909 4.000000 -0.122617 0.992454 0.000000 -0.790198 -0.612851 -0.000000 0.950564 -0.310530 0.000000 -1 25
55.438885 88.485085 4.000000 0.350545 0.936546 0.000000 -0.990683 -0.136188 0.000000 0.587044 -0.809555 -0.000000 -1 27
203.714157 95.718430 4.000000 -0.426159 0.904648 0.000000 -0.507990 -0.861363 0.000000 0.999887 0.015006 0.000000 -1 30
16.459253 103.483330 4.000000 -0.462418 0.886662 0.000000 -0.558470 -0.829525 0.000000 0.989863 -0.142024 -0.000000 -1 31
236.578476 117.568047 4.000000 -0.351479 0.936196 0.000000 -0.534498 -0.845169 0.000000 0.999890 0.014801 -0.000000 -1 33
98.442360 121.424408 4.000000 0.884087 0.467322 0.000000 -0.879001 0.476821 0.000000 -0.068180 -0.997673 -0.000000 -1 34
594.543213 131.563660 4.000000 0.848913 0.528533 0.000000 -0.854525 0.519410 0.000000 0.110876 -0.993834 -0.000000 -1 36
140.470657 141.517029 4.000000 0.729850 0.683607 0.000000 -0.925693 0.378277 0.000000 0.153168 -0.988200 -0.000000 -1 41
158.257690 154.290695 4.000000 -0.166216 0.986089 0.000000 -0.795934 -0.605383 -0.000000 0.866000 -0.500043 -0.000000 -1 43
120.459061 160.439636 4.000000 -0.252781 0.967523 0.000000 -0.735398 -0.677635 0.000000 0.924474 -0.381244 -0.000000 -1 44
78.527634 168.540497 4.000000 -0.212322 0.977200 0.000000 -0.786391 -0.617728 0.000000 0.958666 -0.284534 -0.000000 -1 46
77.477379 203.535706 4.000000 -0.722573 0.691294 0.000000 -0.242182 -0.970231 -0.000000 0.962914 0.269808 0.000000 -1 50
300.414185 203.583420 4.000000 -0.522623 0.852564 0.000000 -0.546133 -0.837699 -0.000000 0.997266 0.073894 0.000000 -1 51
15.505438 208.543259 4.000000 -0.763987 0.645231 0.000000 -0.514567 -0.857450 -0.000000 0.991237 0.132099 0.000000 -1 52
168.517487 216.520645 4.000000 0.324559 0.945866 0.000000 -0.987234 -0.159277 -0.000000 0.642987 -0.765877 -0.000000 -1 54
40.503700 231.485809 4.000000 0.701627 0.712544 0.000000 -0.991569 0.129578 0.000000 0.471066 -0.882098 -0.000000 -1 55
208.491928 231.419144 4.000000 0.355536 0.934662 0.000000 -0.967653 -0.252285 0.000000 0.648587 -0.761141 -0.000000 -1 57
263.494965 231.466293 4.000000 0.795166 0.606392 0.000000 -0.938719 0.344684 0.000000 0.180740 -0.983531 -0.000000 -1 58
151.451538 248.470825 4.000000 0.624768 0.780810 0.000000 -0.993362 0.115034 0.000000 0.315957 -0.948774 -0.000000 -1 63
236.413712 258.541992 4.000000 -0.441637 0.897194 0.000000 -0.658874 -0.752254 0.000000 0.991478 -0.130275 -0.000000 -1 64
456.439636 259.508148 4.000000 0.279895 0.960031 0.000000 -0.987493 -0.157660 -0.000000 0.621060 -0.783763 -0.000000 -1 65
114.516113 268.447693 4.000000 0.617597 0.786495 0.000000 -0.998709 0.050793 -0.000000 0.350234 -0.936662 -0.000000 -1 67
40.481632 273.581146 4.000000 0.779470 0.626440 0.000000 -0.886482 0.462762 0.000000 0.065741 -0.997837 -0.000000 -1 68
162.450989 274.527405 4.000000 -0.249709 0.968321 0.000000 -0.794206 -0.607649 -0.000000 0.949901 -0.312552 -0.000000 -1 69
598.556396 278.493469 4.000000 0.330722 0.943728 0.000000 -0.960689 -0.277626 0.000000 0.707575 -0.706638 -0.000000 -1 70
