526.519226 5.531091 4.000000 -0.651969 0.758246 0.000000 -0.294720 -0.955584 -0.000000 0.970894 0.239511 0.000000 -1 3
157.559952 16.477049 4.000000 0.709887 0.704316 0.000000 -0.976272 0.216546 -0.000000 0.335957 -0.941877 -0.000000 -1 5
300.533234 16.499554 4.000000 -0.476807 0.879008 0.000000 -0.516809 -0.856101 -0.000000 0.999932 -0.011647 0.000000 -1 7
252.453812 24.427412 4.000000 0.137456 0.990508 0.000000 -0.917890 -0.396834 -0.000000 0.762999 -0.646400 0.000000 -1 9
98.730431 28.277222 4.000000 -0.639654 0.768663 0.000000 -0.261369 -0.965239 0.000000 0.993864 0.110610 0.000000 -1 11
215.502243 39.508488 4.000000 -0.458729 0.888576 0.000000 -0.540296 -0.841475 -0.000000 0.998654 -0.051867 -0.000000 -1 14
91.696312 57.729698 4.000000 0.233201 0.972428 0.000000 -0.964718 -0.263285 0.000000 0.746065 -0.665873 -0.000000 -1 15
262.599548 76.502884 4.000000 0.242773 0.970083 0.000000 -0.826954 -0.562270 -0.000000 0.620906 -0.783885 -0.000000 -1 18
42.456554 88.431526 4.000000 -0.746436 0.665457 0.000000 -0.282777 -0.959186 0.000000 0.971928 0.235278 0.000000 -1 21
181.496841 106.542191 4.000000 -0.282650 0.959223 0.000000 -0.688286 -0.725439 -0.000000 0.975418 -0.220363 -0.000000 -1 24
291.500366 125.565536 4.000000 0.437206 0.899361 0.000000 -0.996076 0.088502 0.000000 0.497061 -0.867716 -0.000000 -1 26
266.598785 129.504120 4.000000 -0.291619 0.956535 0.000000 -0.533997 -0.845487 -0.000000 0.991052 -0.133479 -0.000000 -1 27
97.517326 130.486649 4.000000 0.857648 0.514237 0.000000 -0.869448 0.494024 0.000000 0.043920 -0.999035 -0.000000 -1 28
131.432739 145.529495 4.000000 0.761384 0.648301 0.000000 -0.896509 0.443025 0.000000 0.031904 -0.999491 0.000000 -1 30
144.477066 155.414841 4.000000 -0.353309 0.935507 0.000000 -0.626496 -0.779424 0.000000 0.949904 -0.312542 -0.000000 -1 32
119.659744 168.694550 4.000000 0.243922 0.969795 0.000000 -0.999502 0.031565 0.000000 0.624933 -0.780679 -0.000000 -1 35
75.515999 173.415695 4.000000 -0.234557 0.972102 0.000000 -0.702631 -0.711555 -0.000000 0.917266 -0.398274 -0.000000 -1 36
183.481857 189.554184 4.000000 0.153907 0.988085 0.000000 -0.958350 -0.285595 -0.000000 0.755445 -0.655212 -0.000000 -1 40
126.259567 190.278778 4.000000 -0.739657 0.672984 0.000000 -0.273639 -0.961832 -0.000000 0.977051 0.213004 -0.000000 -1 41
13.515584 192.557678 4.000000 -0.615656 0.788015 0.000000 -0.385884 -0.922547 -0.000000 0.983845 0.179020 -0.000000 -1 42
241.482086 192.431763 4.000000 0.025204 0.999682 0.000000 -0.870915 -0.491434 -0.000000 0.820185 -0.572099 -0.000000 -1 43
180.425049 233.557907 4.000000 -0.219276 0.975663 0.000000 -0.799650 -0.600467 -0.000000 0.943769 -0.330606 -0.000000 -1 47
600.490051 235.529816 4.000000 0.471021 0.882122 0.000000 -0.999996 -0.002823 0.000000 0.473739 -0.880665 -0.000000 -1 48
297.515594 237.542542 4.000000 -0.556583 0.830792 0.000000 -0.422098 -0.906550 0.000000 0.993862 0.110624 0.000000 -1 49
111.415062 252.537033 4.000000 0.377234 0.926118 0.000000 -0.999417 -0.034146 0.000000 0.528186 -0.849128 -0.000000 -1 52
455.574951 259.441711 4.000000 0.394637 0.918837 0.000000 -0.968182 -0.250249 -0.000000 0.672255 -0.740320 -0.000000 -1 55
38.579807 263.471436 4.000000 0.872828 0.488028 0.000000 -0.877408 0.479744 0.000000 0.103970 -0.994580 -0.000000 -1 56
203.255859 267.671722 4.000000 0.940182 0.340672 0.000000 -0.604480 0.796620 0.000000 -0.351771 -0.936086 -0.000000 -1 57
599.593201 275.428864 4.000000 0.332435 0.943126 0.000000 -0.940958 -0.338524 -0.000000 0.715541 -0.698570 -0.000000 -1 59
160.448441 283.511658 4.000000 -0.293319 0.956015 0.000000 -0.722395 -0.691481 -0.000000 0.973041 -0.230632 -0.000000 -1 60
53.282944 296.721283 4.000000 -0.458596 0.888645 0.000000 -0.587155 -0.809475 -0.000000 0.999859 -0.016798 0.000000 -1 61
