526.491516 5.505276 4.000000 -0.672777 0.739845 0.000000 -0.312268 -0.949994 -0.000000 0.975970 0.217904 0.000000 -1 1
159.475235 16.457106 4.000000 0.575553 0.817764 0.000000 -0.998255 0.059059 0.000000 0.378641 -0.925543 -0.000000 -1 4
299.426208 17.452026 4.000000 -0.570096 0.821578 0.000000 -0.513315 -0.858200 -0.000000 0.999932 -0.011639 -0.000000 -1 5
99.494011 22.558205 4.000000 0.786810 0.617195 0.000000 -0.855631 0.517586 0.000000 0.080118 -0.996785 -0.000000 -1 6
250.703430 22.273987 4.000000 0.291619 0.956534 0.000000 -0.936125 -0.351668 0.000000 0.778985 -0.627042 -0.000000 -1 7
213.543411 42.558674 4.000000 -0.402668 0.915346 0.000000 -0.672883 -0.739749 -0.000000 0.998016 -0.062956 0.000000 -1 10
3.522015 43.413406 4.000000 -0.312502 0.949917 0.000000 -0.671325 -0.741163 -0.000000 0.947563 -0.319569 0.000000 -1 12
206.451462 72.557404 4.000000 0.809950 0.586499 0.000000 -0.877103 0.480302 0.000000 0.062455 -0.998048 -0.000000 -1 16
42.578976 82.471695 4.000000 -0.417097 0.908862 0.000000 -0.532158 -0.846645 -0.000000 0.995626 -0.093428 -0.000000 -1 17
133.561432 109.516006 4.000000 -0.653339 0.757066 0.000000 -0.074409 -0.997228 0.000000 0.998452 0.055626 0.000000 -1 21
12.567821 113.440186 4.000000 -0.716971 0.697103 0.000000 -0.190728 -0.981643 -0.000000 0.979694 0.200498 0.000000 -1 22
291.480438 118.503090 4.000000 0.415135 0.909760 0.000000 -0.999791 -0.020460 0.000000 0.531797 -0.846872 -0.000000 -1 23
99.504280 129.480896 4.000000 0.846156 0.532935 0.000000 -0.874934 0.484241 0.000000 0.036215 -0.999344 -0.000000 -1 25
266.419281 130.522919 4.000000 -0.354651 0.934999 0.000000 -0.611639 -0.791137 0.000000 0.934172 -0.356824 -0.000000 -1 26
137.468948 136.503967 4.000000 0.508746 0.860917 0.000000 -0.943301 0.331938 0.000000 0.341822 -0.939765 0.000000 -1 27
82.491554 172.540710 4.000000 -0.566659 0.823952 0.000000 -0.760608 -0.649212 -0.000000 0.998524 -0.054310 -0.000000 -1 32
126.531990 184.423355 4.000000 -0.673716 0.738990 0.000000 -0.259115 -0.965847 0.000000 0.992781 0.119945 -0.000000 -1 34
184.419067 189.489334 4.000000 0.194396 0.980923 0.000000 -0.967652 -0.252290 -0.000000 0.667210 -0.744870 0.000000 -1 35
75.470428 205.452454 4.000000 0.916611 0.399780 0.000000 -0.876797 0.480861 0.000000 -0.058922 -0.998263 -0.000000 -1 37
182.441650 232.474365 4.000000 -0.304953 0.952367 0.000000 -0.705244 -0.708965 -0.000000 0.958196 -0.286113 0.000000 -1 41
296.510498 238.421829 4.000000 -0.635559 0.772052 0.000000 -0.347483 -0.937686 -0.000000 0.998931 0.046216 -0.000000 -1 42
110.482384 249.423386 4.000000 0.588480 0.808512 0.000000 -0.999778 -0.021092 0.000000 0.417723 -0.908574 -0.000000 -1 43
455.551575 259.455627 4.000000 0.377757 0.925905 0.000000 -0.972890 -0.231270 0.000000 0.660315 -0.750988 -0.000000 -1 44
35.577244 260.573639 4.000000 0.911932 0.410341 0.000000 -0.737919 0.674890 0.000000 -0.137461 -0.990507 -0.000000 -1 45
600.565308 273.531921 4.000000 0.356942 0.934127 0.000000 -0.984239 -0.176845 0.000000 0.703028 -0.711162 -0.000000 -1 50
134.445526 277.516876 4.000000 0.632846 0.774278 0.000000 -0.985927 0.167178 0.000000 0.260937 -0.965356 -0.000000 -1 51
159.515549 286.586517 4.000000 -0.163063 0.986616 0.000000 -0.791988 -0.610537 -0.000000 0.968546 -0.248836 0.000000 -1 54
267.466339 290.444855 4.000000 -0.293417 0.955984 0.000000 -0.643659 -0.765312 -0.000000 0.979848 -0.199746 0.000000 -1 55
50.531731 294.426819 4.000000 -0.195980 0.980608 0.000000 -0.682143 -0.731219 -0.000000 0.970194 -0.242331 -0.000000 -1 56
