528.465088 8.511668 4.000000 -0.689826 0.723975 0.000000 -0.328809 -0.944396 -0.000000 0.971338 0.237704 0.000000 -1 2
162.417419 40.556164 4.000000 -0.607260 0.794503 0.000000 -0.458920 -0.888478 -0.000000 0.994149 0.108019 0.000000 -1 6
277.728699 42.276176 4.000000 -0.878048 0.478572 0.000000 0.057979 -0.998318 -0.000000 0.910276 0.414002 0.000000 -1 7
246.548477 43.525578 4.000000 -0.149778 0.988720 0.000000 -0.714514 -0.699621 -0.000000 0.967208 -0.253985 -0.000000 -1 9
254.705017 74.302559 4.000000 -0.888843 0.458213 0.000000 0.017296 -0.999850 0.000000 0.880922 0.473261 0.000000 -1 11
96.504341 76.458778 4.000000 -0.697313 0.716767 0.000000 -0.289901 -0.957057 0.000000 0.982282 0.187410 0.000000 -1 12
298.437012 80.580612 4.000000 -0.464060 0.885804 0.000000 -0.570053 -0.821608 -0.000000 0.997148 0.075475 0.000000 -1 13
127.404305 81.482269 4.000000 0.572997 0.819557 0.000000 -0.990157 0.139963 0.000000 0.276760 -0.960939 -0.000000 -1 14
165.536194 99.428429 4.000000 0.821800 0.569776 0.000000 -0.937410 0.348227 0.000000 0.162163 -0.986764 -0.000000 -1 19
101.478569 112.432205 4.000000 -0.504410 0.863464 0.000000 -0.531321 -0.847170 -0.000000 0.999309 -0.037170 0.000000 -1 20
61.495903 113.574303 4.000000 -0.538714 0.842489 0.000000 -0.463677 -0.886005 -0.000000 0.985308 0.170785 0.000000 -1 22
600.423157 115.490372 4.000000 0.475989 0.879451 0.000000 -0.999915 -0.013023 0.000000 0.389996 -0.920817 -0.000000 -1 23
196.536179 119.515511 4.000000 -0.250701 0.968064 0.000000 -0.770371 -0.637595 -0.000000 0.963334 -0.268307 -0.000000 -1 24
237.478714 119.584648 4.000000 0.823233 0.567704 0.000000 -0.834501 0.551007 0.000000 -0.009961 -0.999950 -0.000000 -1 25
279.498413 125.550964 4.000000 0.201689 0.979450 0.000000 -0.964395 -0.264465 -0.000000 0.757767 -0.652525 -0.000000 -1 27
141.495911 143.583694 4.000000 0.074726 0.997204 0.000000 -0.954167 -0.299275 -0.000000 0.816263 -0.577681 -0.000000 -1 29
251.430801 147.484192 4.000000 -0.106539 0.994309 0.000000 -0.823656 -0.567090 -0.000000 0.885733 -0.464195 0.000000 -1 31
92.559753 158.545319 4.000000 -0.055437 0.998462 0.000000 -0.779135 -0.626857 -0.000000 0.900701 -0.434440 -0.000000 -1 35
1.450600 165.460114 4.000000 0.421224 0.906957 0.000000 -0.995484 -0.094932 -0.000000 0.543274 -0.839555 -0.000000 -1 36
207.438980 170.494095 4.000000 -0.257699 0.966225 0.000000 -0.773966 -0.633227 -0.000000 0.928572 -0.371153 -0.000000 -1 38
291.537842 182.465622 4.000000 0.226012 0.974125 0.000000 -0.924026 -0.382330 -0.000000 0.738449 -0.674309 -0.000000 -1 42
148.518982 186.509476 4.000000 -0.411278 0.911510 0.000000 -0.603506 -0.797359 -0.000000 0.994847 -0.101388 -0.000000 -1 43
237.469574 212.553925 4.000000 -0.063993 0.997950 0.000000 -0.875130 -0.483888 -0.000000 0.901381 -0.433026 -0.000000 -1 46
114.458183 220.419022 4.000000 -0.779811 0.626015 0.000000 -0.193811 -0.981039 -0.000000 0.958497 0.285103 0.000000 -1 48
97.501183 247.545837 4.000000 0.041927 0.999121 0.000000 -0.879676 -0.475573 -0.000000 0.815394 -0.578906 0.000000 -1 51
0.513509 249.491608 4.000000 0.462488 0.886626 0.000000 -0.999362 -0.035719 -0.000000 0.517349 -0.855774 -0.000000 -1 52
174.429947 251.561478 4.000000 0.918777 0.394776 0.000000 -0.705520 0.708690 0.000000 -0.229065 -0.973411 -0.000000 -1 53
197.279373 254.274765 4.000000 0.240711 0.970597 0.000000 -0.942040 -0.335500 -0.000000 0.659075 -0.752077 -0.000000 -1 54
457.454285 257.492676 4.000000 0.275928 0.961178 0.000000 -0.979934 -0.199321 0.000000 0.642790 -0.766042 -0.000000 -1 56
84.591873 283.443481 4.000000 -0.510714 0.859750 0.000000 -0.325586 -0.945512 -0.000000 0.999189 -0.040269 0.000000 -1 61
112.424500 292.461914 4.000000 0.313250 0.949671 0.000000 -0.977715 -0.209938 -0.000000 0.577514 -0.816381 -0.000000 -1 63
168.532883 293.522095 4.000000 0.362887 0.931833 0.000000 -0.997524 -0.070331 0.000000 0.617447 -0.786613 -0.000000 -1 64
214.495132 294.435669 4.000000 0.651368 0.758762 0.000000 -0.991228 0.132167 0.000000 0.317365 -0.948304 -0.000000 -1 65
