523.463867 5.426847 4.000000 -0.691209 0.722655 0.000000 -0.335624 -0.941996 0.000000 0.992006 0.126188 -0.000000 -1 1
153.527039 36.519745 4.000000 -0.042599 0.999092 0.000000 -0.802983 -0.596001 0.000000 0.882573 -0.470176 -0.000000 -1 4
300.589630 39.515930 4.000000 -0.373339 0.927695 0.000000 -0.495998 -0.868324 -0.000000 0.999225 -0.039357 0.000000 -1 5
88.460091 41.411972 4.000000 0.809915 0.586547 0.000000 -0.953868 0.300225 0.000000 0.058814 -0.998269 -0.000000 -1 6
111.536034 49.488560 4.000000 -0.011265 0.999937 0.000000 -0.835526 -0.549451 -0.000000 0.880277 -0.474460 -0.000000 -1 7
44.547089 50.529861 4.000000 0.644066 0.764970 0.000000 -0.979455 0.201663 0.000000 0.387260 -0.921970 -0.000000 -1 8
231.471100 60.390377 4.000000 -0.817255 0.576276 0.000000 -0.303246 -0.952912 -0.000000 0.983360 0.181670 0.000000 -1 12
277.511078 68.526337 4.000000 0.683377 0.730065 0.000000 -0.929386 0.369110 0.000000 0.242477 -0.970157 -0.000000 -1 14
172.540421 75.429207 4.000000 0.567782 0.823179 0.000000 -0.999538 -0.030405 0.000000 0.383549 -0.923521 -0.000000 -1 16
147.494049 78.529785 4.000000 -0.301232 0.953551 0.000000 -0.669706 -0.742627 -0.000000 0.983587 -0.180432 -0.000000 -1 18
70.557236 94.510719 4.000000 0.375248 0.926925 0.000000 -0.997163 -0.075279 0.000000 0.641722 -0.766938 -0.000000 -1 22
197.546646 95.406090 4.000000 -0.637092 0.770787 0.000000 -0.299544 -0.954083 0.000000 0.998187 0.060192 -0.000000 -1 23
3.587237 96.525604 4.000000 -0.381924 0.924194 0.000000 -0.417331 -0.908754 -0.000000 0.993353 -0.115109 -0.000000 -1 25
46.404686 96.527275 4.000000 -0.595773 0.803153 0.000000 -0.419849 -0.907594 0.000000 0.998589 0.053100 -0.000000 -1 26
284.417023 98.458504 4.000000 -0.634626 0.772819 0.000000 -0.405245 -0.914208 -0.000000 0.983069 0.183235 0.000000 -1 27
490.562714 98.556686 4.000000 0.257938 0.966161 0.000000 -0.961147 -0.276038 -0.000000 0.783395 -0.621524 -0.000000 -1 28
118.503479 99.433098 4.000000 0.453798 0.891105 0.000000 -0.992451 -0.122645 0.000000 0.570382 -0.821379 -0.000000 -1 29
255.265503 120.706619 4.000000 -0.337483 0.941331 0.000000 -0.710093 -0.704108 -0.000000 0.980356 -0.197238 -0.000000 -1 34
46.554768 134.548630 4.000000 0.369678 0.929160 0.000000 -0.989430 -0.145008 -0.000000 0.690306 -0.723518 -0.000000 -1 37
174.499725 137.441299 4.000000 -0.410663 0.911787 0.000000 -0.571023 -0.820934 -0.000000 0.987279 -0.158997 -0.000000 -1 39
298.558380 143.544357 4.000000 -0.519996 0.854169 0.000000 -0.364472 -0.931214 0.000000 0.993140 0.116931 0.000000 -1 40
5.497069 145.586777 4.000000 -0.672914 0.739721 0.000000 -0.295272 -0.955413 -0.000000 0.965157 0.261673 0.000000 -1 41
237.426193 147.548370 4.000000 0.786239 0.617923 0.000000 -0.880177 0.474645 0.000000 0.019498 -0.999810 -0.000000 -1 43
86.539833 156.530365 4.000000 0.907326 0.420428 0.000000 -0.759995 0.649929 0.000000 -0.052890 -0.998600 -0.000000 -1 44
158.421661 169.483429 4.000000 0.125699 0.992068 0.000000 -0.952395 -0.304867 -0.000000 0.747263 -0.664528 -0.000000 -1 47
433.463745 197.486191 4.000000 -0.357193 0.934031 0.000000 -0.670078 -0.742291 -0.000000 0.977488 -0.210991 -0.000000 -1 51
158.444809 208.488983 4.000000 0.112197 0.993686 0.000000 -0.918868 -0.394566 -0.000000 0.786310 -0.617832 -0.000000 -1 53
260.558929 214.508636 4.000000 0.307912 0.951415 0.000000 -0.970508 -0.241068 -0.000000 0.733531 -0.679656 -0.000000 -1 54
179.483551 238.541962 4.000000 0.900911 0.434003 0.000000 -0.784642 0.619949 0.000000 -0.139670 -0.990198 -0.000000 -1 57
457.584045 260.427124 4.000000 0.427449 0.904040 0.000000 -0.974483 -0.224461 0.000000 0.647765 -0.761840 -0.000000 -1 59
259.607269 265.459869 4.000000 0.086126 0.996284 0.000000 -0.819974 -0.572400 -0.000000 0.848789 -0.528732 -0.000000 -1 61
199.404816 266.522766 4.000000 -0.211274 0.977427 0.000000 -0.831130 -0.556079 -0.000000 0.910603 -0.413282 -0.000000 -1 62
89.499634 278.571960 4.000000 0.201193 0.979552 0.000000 -0.950140 -0.311824 -0.000000 0.852355 -0.522964 -0.000000 -1 65
53.460136 282.559357 4.000000 0.826831 0.562451 0.000000 -0.882090 0.471081 0.000000 0.016783 -0.999859 -0.000000 -1 67
35.532856 285.415131 4.000000 -0.366098 0.930576 0.000000 -0.577941 -0.816079 -0.000000 0.966357 -0.257203 -0.000000 -1 68
