527.552063 7.557206 4.000000 -0.625371 0.780327 0.000000 -0.281175 -0.959656 0.000000 0.965899 0.258920 0.000000 -1 3
197.558441 9.583497 4.000000 -0.365348 0.930871 0.000000 -0.686753 -0.726891 -0.000000 0.994954 -0.100333 -0.000000 -1 4
267.441345 22.540257 4.000000 0.738763 0.673965 0.000000 -0.906782 0.421600 0.000000 0.101081 -0.994878 -0.000000 -1 5
16.477474 35.498993 4.000000 -0.742681 0.669646 0.000000 -0.404827 -0.914393 -0.000000 0.980028 0.198860 0.000000 -1 7
135.538361 46.550465 4.000000 0.902853 0.429950 -0.000000 -0.756637 0.653835 0.000000 -0.114770 -0.993392 0.000000 -1 10
124.580574 84.529282 4.000000 0.373785 0.927515 0.000000 -0.985334 -0.170639 -0.000000 0.695621 -0.718409 -0.000000 -1 13
233.523697 96.453918 4.000000 0.063197 0.998001 0.000000 -0.874896 -0.484310 -0.000000 0.819542 -0.573019 -0.000000 -1 14
91.503075 103.478447 4.000000 -0.423157 0.906056 0.000000 -0.571383 -0.820683 -0.000000 0.992777 -0.119978 -0.000000 -1 15
182.517776 112.469818 4.000000 0.762994 0.646406 0.000000 -0.970730 0.240174 0.000000 0.221256 -0.975216 -0.000000 -1 16
58.487946 130.480255 4.000000 0.705456 0.708754 0.000000 -0.958735 0.284303 0.000000 0.295008 -0.955495 -0.000000 -1 19
261.554016 141.554016 4.000000 0.576802 0.816884 0.000000 -0.987648 0.156690 0.000000 0.452341 -0.891845 -0.000000 -1 21
157.560654 150.474258 4.000000 0.272800 0.962071 0.000000 -0.973858 -0.227157 -0.000000 0.698440 -0.715669 0.000000 -1 24
274.464020 169.413315 4.000000 -0.338696 0.940896 0.000000 -0.663965 -0.747764 -0.000000 0.964459 -0.264233 0.000000 -1 27
85.487167 173.475876 4.000000 0.572560 0.819863 0.000000 -0.997428 0.071677 0.000000 0.410838 -0.911708 -0.000000 -1 28
224.551254 176.418533 4.000000 -0.439897 0.898048 0.000000 -0.587973 -0.808881 -0.000000 0.989537 -0.144281 0.000000 -1 30
155.546982 187.565720 4.000000 -0.685638 0.727943 0.000000 -0.166607 -0.986023 -0.000000 0.960760 0.277380 0.000000 -1 34
267.278809 188.301987 4.000000 0.882712 0.469914 0.000000 -0.882147 0.470975 0.000000 -0.061747 -0.998092 -0.000000 -1 35
301.569092 194.465622 4.000000 -0.268632 0.963243 0.000000 -0.595969 -0.803007 -0.000000 0.984456 -0.175631 0.000000 -1 37
106.693062 197.727112 4.000000 -0.020464 0.999791 0.000000 -0.879911 -0.475138 0.000000 0.902717 -0.430235 -0.000000 -1 38
10.567142 207.450577 4.000000 0.385909 0.922537 0.000000 -0.961249 -0.275683 -0.000000 0.671429 -0.741068 0.000000 -1 39
252.462570 208.508163 4.000000 -0.054029 0.998539 0.000000 -0.855831 -0.517255 -0.000000 0.869839 -0.493336 -0.000000 -1 40
157.716751 211.683731 4.000000 0.377602 0.925968 0.000000 -0.997993 0.063328 0.000000 0.596840 -0.802360 -0.000000 -1 42
104.461746 219.464554 4.000000 0.900487 0.434882 0.000000 -0.859798 0.510635 0.000000 -0.025303 -0.999680 -0.000000 -1 45
135.417633 229.518326 4.000000 0.044881 0.998992 0.000000 -0.914258 -0.405133 -0.000000 0.737044 -0.675845 -0.000000 -1 47
40.000000 238.501892 4.000000 -0.667598 0.744522 0.000000 -0.010399 -0.999946 0.000000 0.999491 -0.031895 0.000000 -1 50
233.427689 244.507706 4.000000 -0.597125 0.802148 0.000000 -0.388768 -0.921336 -0.000000 0.968408 0.249371 0.000000 -1 53
67.420029 257.512177 4.000000 -0.656089 0.754684 0.000000 -0.357979 -0.933730 -0.000000 0.985493 0.169715 -0.000000 -1 56
456.504395 258.430603 4.000000 0.338029 0.941136 0.000000 -0.961734 -0.273984 -0.000000 0.631714 -0.775202 -0.000000 -1 58
212.235168 262.600952 4.000000 0.196619 0.980480 0.000000 -0.927357 -0.374178 -0.000000 0.530666 -0.847581 0.000000 -1 59
174.447510 266.437347 4.000000 -0.733809 0.679356 0.000000 -0.224872 -0.974388 -0.000000 0.986273 0.165124 0.000000 -1 60
142.404129 275.469452 4.000000 0.401708 0.915768 0.000000 -0.998511 -0.054546 -0.000000 0.476924 -0.878945 0.000000 -1 62
262.580139 281.421509 4.000000 -0.769526 0.638616 0.000000 -0.025058 -0.999686 0.000000 0.963766 0.266748 0.000000 -1 63
232.521805 286.442566 4.000000 0.417303 0.908767 0.000000 -0.992517 -0.122107 -0.000000 0.575020 -0.818140 -0.000000 -1 66
296.459351 286.510406 4.000000 -0.237062 0.971494 0.000000 -0.795890 -0.605441 -0.000000 0.957490 -0.288468 -0.000000 -1 67
159.269440 292.317078 4.000000 -0.321805 0.946806 0.000000 -0.674942 -0.737871 0.000000 0.942984 -0.332838 -0.000000 -1 68
52.571568 299.531342 4.000000 -0.692804 0.721126 0.000000 -0.177645 -0.984095 -0.000000 0.956255 0.292536 0.000000 -1 72
