524.566650 3.497458 4.000000 -0.605381 0.795936 0.000000 -0.287815 -0.957686 0.000000 0.988905 0.148547 -0.000000 -1 2
42.433098 25.533121 4.000000 -0.626465 0.779449 0.000000 -0.447163 -0.894453 -0.000000 0.993389 0.114797 0.000000 -1 5
150.494278 35.492702 4.000000 -0.433785 0.901016 0.000000 -0.466498 -0.884522 -0.000000 0.997880 -0.065075 -0.000000 -1 7
299.428955 42.517300 4.000000 -0.370839 0.928697 0.000000 -0.698357 -0.715750 -0.000000 0.986521 -0.163637 0.000000 -1 9
236.503738 61.515564 4.000000 -0.102761 0.994706 0.000000 -0.815262 -0.579092 -0.000000 0.920932 -0.389724 -0.000000 -1 10
77.293510 64.735207 4.000000 0.977364 0.211567 0.000000 -0.677949 0.735109 0.000000 -0.446971 -0.894549 -0.000000 -1 12
49.506237 86.501778 4.000000 0.359465 0.933159 0.000000 -0.985985 -0.166832 -0.000000 0.656943 -0.753940 -0.000000 -1 16
251.607056 88.506683 4.000000 0.926862 0.375403 -0.000000 -0.727793 0.685796 0.000000 -0.071814 -0.997418 -0.000000 -1 17
143.276764 90.277916 4.000000 0.911762 0.410718 -0.000000 -0.841752 0.539864 0.000000 -0.161313 -0.986903 0.000000 -1 18
10.706473 100.266960 4.000000 -0.507715 0.861525 0.000000 -0.479760 -0.877400 -0.000000 0.998760 -0.049782 -0.000000 -1 20
117.574516 105.503723 4.000000 0.190929 0.981604 0.000000 -0.904293 -0.426913 0.000000 0.819788 -0.572667 -0.000000 -1 23
301.476715 107.521149 4.000000 -0.581860 0.813289 0.000000 -0.435601 -0.900140 0.000000 0.990676 0.136239 0.000000 -1 25
185.585571 115.566574 4.000000 0.716461 0.697627 0.000000 -0.921952 0.387304 0.000000 0.274666 -0.961540 -0.000000 -1 27
224.502548 116.459579 4.000000 0.894662 0.446744 0.000000 -0.847349 0.531037 0.000000 -0.036792 -0.999323 -0.000000 -1 28
269.491730 120.425278 4.000000 -0.059174 0.998248 0.000000 -0.755584 -0.655051 -0.000000 0.935991 -0.352023 -0.000000 -1 30
10.280531 134.723526 4.000000 0.943087 0.332547 0.000000 -0.733886 0.679273 0.000000 -0.250476 -0.968123 -0.000000 -1 32
55.419868 140.576721 4.000000 -0.179550 0.983749 0.000000 -0.848035 -0.529941 -0.000000 0.927231 -0.374491 0.000000 -1 34
244.276382 157.660660 4.000000 -0.301986 0.953313 0.000000 -0.722636 -0.691229 0.000000 0.979085 -0.203453 -0.000000 -1 36
191.756531 179.648041 4.000000 -0.117545 0.993068 0.000000 -0.683233 -0.730201 -0.000000 0.920227 -0.391385 -0.000000 -1 39
115.521812 184.493423 4.000000 -0.707573 0.706640 0.000000 -0.205225 -0.978715 -0.000000 0.964962 0.262390 0.000000 -1 42
238.494141 187.491455 4.000000 0.370050 0.929012 0.000000 -0.952055 -0.305927 -0.000000 0.514151 -0.857700 -0.000000 -1 43
65.330299 189.252625 4.000000 0.029341 0.999569 0.000000 -0.897262 -0.441498 0.000000 0.845162 -0.534510 -0.000000 -1 44
275.572906 197.572189 4.000000 0.162218 0.986755 0.000000 -0.875993 -0.482325 -0.000000 0.928993 -0.370098 -0.000000 -1 48
431.495789 201.449112 4.000000 -0.279292 0.960206 0.000000 -0.685531 -0.728044 -0.000000 0.952557 -0.304359 0.000000 -1 49
11.464396 213.549103 4.000000 0.922103 0.386944 0.000000 -0.745552 0.666448 0.000000 -0.192774 -0.981243 -0.000000 -1 50
141.492615 215.488342 4.000000 -0.342354 0.939571 0.000000 -0.599471 -0.800396 -0.000000 0.988489 -0.151294 -0.000000 -1 51
105.490295 223.591019 4.000000 -0.136347 0.990661 0.000000 -0.856719 -0.515783 -0.000000 0.922405 -0.386225 0.000000 -1 53
271.673096 234.737610 4.000000 0.799843 0.600209 0.000000 -0.893416 0.449230 0.000000 0.182983 -0.983116 -0.000000 -1 56
210.285522 239.284286 4.000000 0.347711 0.937602 0.000000 -0.988759 -0.149518 0.000000 0.549206 -0.835687 -0.000000 -1 58
166.571564 243.470154 4.000000 -0.165261 0.986250 0.000000 -0.661618 -0.749841 -0.000000 0.970756 -0.240067 -0.000000 -1 59
64.718925 258.283264 4.000000 -0.038944 0.999241 0.000000 -0.799914 -0.600115 -0.000000 0.893213 -0.449634 -0.000000 -1 63
456.529327 259.554718 4.000000 0.358167 0.933658 0.000000 -0.992769 -0.120039 0.000000 0.663931 -0.747793 -0.000000 -1 64
201.462158 287.476013 4.000000 -0.607453 0.794356 0.000000 -0.394161 -0.919041 -0.000000 0.990716 0.135951 0.000000 -1 66
71.469391 295.458130 4.000000 -0.758457 0.651723 0.000000 -0.207671 -0.978199 -0.000000 0.981002 0.193999 0.000000 -1 67
