522.424194 5.518782 4.000000 -0.697799 0.716294 0.000000 -0.382030 -0.924150 0.000000 0.973090 0.230423 0.000000 -1 1
56.469727 13.575884 4.000000 0.350786 0.936456 0.000000 -0.997442 -0.071484 -0.000000 0.643454 -0.765485 -0.000000 -1 2
272.434814 14.550186 4.000000 0.948115 0.317928 0.000000 -0.734188 0.678946 0.000000 -0.288331 -0.957531 -0.000000 -1 3
10.586137 37.500950 4.000000 -0.549133 0.835735 0.000000 -0.354244 -0.935153 0.000000 0.996261 0.086394 -0.000000 -1 8
178.485977 40.498646 4.000000 0.294024 0.955798 0.000000 -0.950438 -0.310915 0.000000 0.722825 -0.691031 -0.000000 -1 10
298.462433 44.538387 4.000000 -0.655633 0.755080 0.000000 -0.355125 -0.934819 -0.000000 0.986486 0.163847 0.000000 -1 11
117.431198 48.468552 4.000000 -0.594668 0.803972 0.000000 -0.504820 -0.863225 -0.000000 0.999629 0.027224 0.000000 -1 12
149.571686 51.580059 4.000000 0.534890 0.844922 0.000000 -0.996557 0.082910 0.000000 0.509051 -0.860736 -0.000000 -1 14
61.458771 59.439777 4.000000 -0.790467 0.612505 0.000000 -0.163527 -0.986539 -0.000000 0.945216 0.326446 0.000000 -1 16
83.521774 71.438072 4.000000 0.145140 0.989411 0.000000 -0.913854 -0.406043 0.000000 0.750138 -0.661282 -0.000000 -1 18
1.569183 75.487434 4.000000 0.741742 0.670685 0.000000 -0.976087 0.217381 0.000000 0.324624 -0.945843 0.000000 -1 20
242.566681 85.466393 4.000000 0.429571 0.903033 0.000000 -0.986060 -0.166390 -0.000000 0.620799 -0.783969 0.000000 -1 21
492.555695 94.443199 4.000000 0.234898 0.972020 0.000000 -0.925522 -0.378694 -0.000000 0.752556 -0.658528 -0.000000 -1 23
41.412556 95.497025 4.000000 -0.403386 0.915030 0.000000 -0.686144 -0.727465 -0.000000 0.976940 -0.213513 0.000000 -1 24
126.578629 107.470818 4.000000 0.934268 0.356573 0.000000 -0.714492 0.699644 0.000000 -0.082521 -0.996589 -0.000000 -1 27
181.497482 149.496246 4.000000 0.622356 0.782734 0.000000 -0.974500 0.224386 0.000000 0.329820 -0.944044 -0.000000 -1 32
55.483372 151.439117 4.000000 -0.466204 0.884677 0.000000 -0.530832 -0.847477 -0.000000 0.993632 -0.112676 0.000000 -1 33
193.585205 173.541672 4.000000 0.336562 0.941661 0.000000 -0.949446 -0.313931 0.000000 0.728794 -0.684734 -0.000000 -1 36
292.513245 174.429077 4.000000 0.459830 0.888007 0.000000 -0.993652 -0.112494 -0.000000 0.503506 -0.863992 -0.000000 -1 37
0.397878 190.517197 4.000000 0.477055 0.878873 0.000000 -0.998357 0.057293 0.000000 0.362349 -0.932042 -0.000000 -1 40
435.454407 196.424561 4.000000 -0.422058 0.906569 0.000000 -0.607924 -0.793995 -0.000000 0.976575 -0.215175 -0.000000 -1 41
49.539394 205.455643 4.000000 0.543880 0.839163 0.000000 -0.999988 0.004941 0.000000 0.476228 -0.879322 -0.000000 -1 42
126.544060 207.414001 4.000000 -0.251461 0.967868 0.000000 -0.632218 -0.774791 -0.000000 0.946359 -0.323118 -0.000000 -1 43
174.492340 226.414764 4.000000 0.872647 0.488352 0.000000 -0.905680 0.423961 0.000000 0.037417 -0.999300 -0.000000 -1 46
82.529060 232.445709 4.000000 0.029719 0.999558 0.000000 -0.960576 -0.278017 -0.000000 0.783479 -0.621418 -0.000000 -1 48
599.580261 259.466858 4.000000 0.611421 0.791305 0.000000 -0.995728 0.092333 0.000000 0.436095 -0.899900 -0.000000 -1 53
459.480103 260.419006 4.000000 0.363896 0.931440 0.000000 -0.968645 -0.248449 -0.000000 0.580865 -0.814000 -0.000000 -1 54
188.540115 261.480774 4.000000 -0.365612 0.930767 0.000000 -0.529527 -0.848293 -0.000000 0.991794 -0.127844 -0.000000 -1 55
298.554993 274.541321 4.000000 -0.418509 0.908213 0.000000 -0.478138 -0.878285 -0.000000 0.999507 -0.031381 -0.000000 -1 57
85.295479 289.253571 4.000000 -0.290638 0.956833 0.000000 -0.789617 -0.613600 -0.000000 0.929505 -0.368811 -0.000000 -1 59
108.550102 290.549561 4.000000 0.878204 0.478287 0.000000 -0.842512 0.538677 0.000000 0.017690 -0.999844 -0.000000 -1 61
166.532990 299.474762 4.000000 0.829053 0.559170 0.000000 -0.914561 0.404449 0.000000 0.132259 -0.991215 -0.000000 -1 64
