522.453186 5.550728 4.000000 -0.666506 0.745500 0.000000 -0.358487 -0.933535 -0.000000 0.967724 0.252014 0.000000 -1 3
52.460514 14.528098 4.000000 0.208910 0.977935 0.000000 -0.972319 -0.233658 -0.000000 0.731928 -0.681382 -0.000000 -1 5
271.527924 16.510410 4.000000 -0.656410 0.754405 0.000000 -0.322675 -0.946510 -0.000000 0.986171 0.165729 0.000000 -1 6
10.525714 36.485222 4.000000 -0.597998 0.801498 0.000000 -0.355857 -0.934541 -0.000000 0.994952 0.100347 -0.000000 -1 10
187.470093 40.420570 4.000000 0.388450 0.921470 0.000000 -0.967865 -0.251471 -0.000000 0.645897 -0.763425 -0.000000 -1 11
298.477875 40.471737 4.000000 -0.766483 0.642264 0.000000 -0.226392 -0.974036 -0.000000 0.973846 0.227209 0.000000 -1 12
116.574577 48.450626 4.000000 -0.544993 0.838441 0.000000 -0.360046 -0.932934 -0.000000 0.999339 0.036361 0.000000 -1 13
153.540009 50.457253 4.000000 0.751849 0.659336 0.000000 -0.971605 0.236609 0.000000 0.262392 -0.964961 -0.000000 -1 14
190.689362 56.748501 4.000000 -0.492105 0.870536 0.000000 -0.539433 -0.842028 -0.000000 0.999260 0.038460 0.000000 -1 16
67.684219 59.719170 4.000000 0.594606 0.804017 0.000000 -0.968025 0.250853 0.000000 0.417998 -0.908448 -0.000000 -1 17
244.486938 83.496887 4.000000 0.630730 0.776002 0.000000 -0.992354 0.123423 0.000000 0.371378 -0.928482 -0.000000 -1 22
298.492462 85.504875 4.000000 -0.200280 0.979739 0.000000 -0.588545 -0.808465 -0.000000 0.999609 0.027954 0.000000 -1 23
492.483917 94.577736 4.000000 0.151706 0.988426 0.000000 -0.969965 -0.243243 -0.000000 0.779812 -0.626014 -0.000000 -1 25
200.565353 96.514549 4.000000 -0.483873 0.875138 0.000000 -0.472098 -0.881546 -0.000000 0.999738 0.022871 0.000000 -1 26
41.294086 99.275215 4.000000 -0.207339 0.978269 0.000000 -0.754732 -0.656033 -0.000000 0.907267 -0.420554 0.000000 -1 28
194.452454 116.425766 4.000000 0.542480 0.840069 0.000000 -0.998155 -0.060713 0.000000 0.468236 -0.883604 -0.000000 -1 32
251.484131 116.569946 4.000000 0.440122 0.897938 0.000000 -0.997954 -0.063934 0.000000 0.713795 -0.700354 -0.000000 -1 33
234.475754 127.453194 4.000000 -0.241697 0.970352 0.000000 -0.737236 -0.675635 0.000000 0.957008 -0.290062 0.000000 -1 35
12.419563 139.522278 4.000000 0.808445 0.588572 0.000000 -0.862040 0.506841 0.000000 -0.090549 -0.995892 -0.000000 -1 37
53.447895 152.440704 4.000000 -0.424491 0.905432 0.000000 -0.609456 -0.792820 -0.000000 0.985446 -0.169988 0.000000 -1 40
182.485382 152.546890 4.000000 0.444544 0.895757 0.000000 -0.999521 0.030957 0.000000 0.556761 -0.830673 -0.000000 -1 41
95.477699 159.526993 4.000000 0.936470 0.350747 0.000000 -0.790721 0.612177 0.000000 -0.155364 -0.987857 -0.000000 -1 42
293.723358 179.286194 4.000000 0.373557 0.927607 0.000000 -0.981732 -0.190270 0.000000 0.604424 -0.796663 0.000000 -1 45
0.572537 190.440109 4.000000 0.587003 0.809585 0.000000 -0.999730 0.023258 0.000000 0.463249 -0.886228 -0.000000 -1 47
434.570312 196.430710 4.000000 -0.336047 0.941845 0.000000 -0.559743 -0.828666 -0.000000 0.976592 -0.215099 0.000000 -1 50
241.463638 197.391541 4.000000 -0.686583 0.727052 0.000000 -0.435541 -0.900169 -0.000000 0.997709 0.067656 0.000000 -1 51
48.432499 205.497925 4.000000 0.309313 0.950960 0.000000 -0.994778 -0.102067 -0.000000 0.586484 -0.809961 -0.000000 -1 53
126.576164 210.446884 4.000000 -0.168789 0.985652 0.000000 -0.687316 -0.726359 0.000000 0.952707 -0.303890 -0.000000 -1 55
215.527710 219.455826 4.000000 0.600850 0.799362 0.000000 -0.997640 -0.068662 0.000000 0.669290 -0.743001 -0.000000 -1 57
172.445404 220.564011 4.000000 0.800046 0.599938 0.000000 -0.809446 0.587194 0.000000 -0.005440 -0.999985 0.000000 -1 58
80.427963 233.506317 4.000000 0.073410 0.997302 0.000000 -0.951678 -0.307099 -0.000000 0.768382 -0.639991 -0.000000 -1 63
229.486938 243.553497 4.000000 0.951693 0.307052 0.000000 -0.707481 0.706732 0.000000 -0.313594 -0.949557 -0.000000 -1 65
0.484171 257.422058 4.000000 0.649253 0.760573 0.000000 -0.998887 0.047178 0.000000 0.326252 -0.945283 -0.000000 -1 66
459.438446 260.418732 4.000000 0.338035 0.941133 0.000000 -0.970336 -0.241761 -0.000000 0.558960 -0.829195 -0.000000 -1 67
299.476624 270.539124 4.000000 -0.422179 0.906513 0.000000 -0.562926 -0.826507 -0.000000 0.999376 -0.035323 -0.000000 -1 68
165.525864 294.586273 4.000000 0.641889 0.766798 0.000000 -0.958722 0.284346 0.000000 0.319222 -0.947680 -0.000000 -1 72
