526.420349 3.531301 4.000000 -0.678402 0.734691 0.000000 -0.409983 -0.912093 0.000000 0.976744 0.214408 0.000000 -1 2
35.559124 27.428646 4.000000 -0.812170 0.583421 0.000000 -0.013432 -0.999910 -0.000000 0.938607 0.344988 0.000000 -1 3
183.585861 46.489246 4.000000 -0.404702 0.914449 0.000000 -0.504735 -0.863275 -0.000000 0.999754 -0.022192 0.000000 -1 6
114.476234 58.416889 4.000000 0.869409 0.494092 0.000000 -0.914655 0.404235 0.000000 -0.030730 -0.999528 -0.000000 -1 9
239.490494 70.464020 4.000000 0.518637 0.854994 0.000000 -0.999936 -0.011298 0.000000 0.542179 -0.840263 -0.000000 -1 11
140.541992 86.480980 4.000000 0.848903 0.528549 0.000000 -0.881262 0.472628 0.000000 0.105091 -0.994463 -0.000000 -1 14
252.548447 86.477638 4.000000 -0.278170 0.960532 0.000000 -0.657439 -0.753507 -0.000000 0.977065 -0.212939 -0.000000 -1 15
51.504112 88.558929 4.000000 0.262812 0.964847 0.000000 -0.977145 -0.212576 -0.000000 0.724389 -0.689391 -0.000000 -1 16
205.423126 91.466988 4.000000 -0.526459 0.850201 0.000000 -0.641809 -0.766865 0.000000 0.995663 -0.093030 0.000000 -1 18
262.581512 117.568573 4.000000 0.940669 0.339327 -0.000000 -0.754957 0.655774 0.000000 -0.160065 -0.987107 -0.000000 -1 22
23.446489 123.437706 4.000000 0.536587 0.843845 0.000000 -0.999133 0.041638 0.000000 0.444554 -0.895752 -0.000000 -1 23
99.526505 123.415985 4.000000 -0.752723 0.658337 0.000000 -0.174402 -0.984675 -0.000000 0.971185 0.238327 0.000000 -1 24
595.538452 128.575409 4.000000 0.849031 0.528342 0.000000 -0.842156 0.539234 0.000000 0.043773 -0.999041 -0.000000 -1 26
80.572166 134.529709 4.000000 0.368383 0.929674 0.000000 -0.980365 -0.197191 -0.000000 0.711148 -0.703042 -0.000000 -1 27
183.495193 158.505142 4.000000 0.147276 0.989095 0.000000 -0.937470 -0.348067 -0.000000 0.826415 -0.563061 -0.000000 -1 29
125.449593 161.546188 4.000000 -0.580979 0.813918 0.000000 -0.527353 -0.849646 -0.000000 0.993575 0.113173 0.000000 -1 30
238.466736 169.449631 4.000000 0.352535 0.935799 0.000000 -0.968186 -0.250231 -0.000000 0.554391 -0.832256 0.000000 -1 33
81.669518 199.251083 4.000000 0.764656 0.644438 0.000000 -0.976844 0.213952 0.000000 0.294529 -0.955643 -0.000000 -1 37
301.442810 203.425751 4.000000 -0.450941 0.892554 0.000000 -0.563095 -0.826392 -0.000000 0.983694 -0.179851 -0.000000 -1 39
251.403122 210.482010 4.000000 -0.246517 0.969138 0.000000 -0.809338 -0.587343 0.000000 0.899770 -0.436364 -0.000000 -1 42
170.470566 223.422989 4.000000 0.890762 0.454470 0.000000 -0.888794 0.458307 0.000000 -0.019879 -0.999802 -0.000000 -1 43
43.423103 229.513535 4.000000 -0.769776 0.638314 0.000000 -0.239259 -0.970956 -0.000000 0.957717 0.287713 0.000000 -1 45
211.540909 234.586624 4.000000 0.418238 0.908338 0.000000 -0.999576 -0.029115 0.000000 0.621641 -0.783302 -0.000000 -1 48
292.692841 236.279129 4.000000 -0.017125 0.999853 0.000000 -0.810061 -0.586345 0.000000 0.878088 -0.478499 -0.000000 -1 49
234.509537 254.576294 4.000000 -0.413449 0.910527 0.000000 -0.610691 -0.791869 -0.000000 0.999848 -0.017408 0.000000 -1 52
456.443909 259.553833 4.000000 0.275906 0.961185 0.000000 -0.993751 -0.111618 -0.000000 0.636179 -0.771541 -0.000000 -1 53
41.533436 274.435699 4.000000 0.601335 0.798997 0.000000 -0.990412 0.138143 -0.000000 0.394214 -0.919019 -0.000000 -1 57
167.736115 274.681366 4.000000 0.357058 0.934082 0.000000 -0.979468 -0.201601 -0.000000 0.691070 -0.722788 -0.000000 -1 58
599.405273 279.456787 4.000000 0.463118 0.886297 0.000000 -0.998723 -0.050512 0.000000 0.391855 -0.920027 -0.000000 -1 59
280.577454 286.591400 4.000000 0.138834 0.990316 0.000000 -0.881055 -0.473013 -0.000000 0.904777 -0.425886 -0.000000 -1 60
75.296143 297.266113 4.000000 -0.325516 0.945536 0.000000 -0.698461 -0.715649 -0.000000 0.951931 -0.306314 -0.000000 -1 62
