526.546143 6.467602 4.000000 -0.663869 0.747849 0.000000 -0.253735 -0.967274 -0.000000 0.985500 0.169678 0.000000 -1 2
156.541595 12.516278 4.000000 0.821335 0.570446 0.000000 -0.890060 0.455844 0.000000 0.136709 -0.990611 -0.000000 -1 3
253.467178 21.498419 4.000000 0.235800 0.971802 0.000000 -0.971270 -0.237980 -0.000000 0.690509 -0.723324 0.000000 -1 5
89.586784 28.413876 4.000000 -0.279569 0.960126 0.000000 -0.633258 -0.773940 -0.000000 0.946629 -0.322327 0.000000 -1 7
218.535538 36.414207 4.000000 -0.246770 0.969074 0.000000 -0.669766 -0.742572 0.000000 0.934627 -0.355629 -0.000000 -1 10
108.472847 65.549004 4.000000 0.881511 0.472163 0.000000 -0.740297 0.672280 0.000000 -0.184012 -0.982924 -0.000000 -1 12
147.480484 73.516479 4.000000 0.560748 0.827987 0.000000 -0.976872 0.213827 -0.000000 0.343752 -0.939060 -0.000000 -1 14
95.515282 95.569420 4.000000 0.152202 0.988349 0.000000 -0.952591 -0.304254 -0.000000 0.776612 -0.629980 -0.000000 -1 16
277.459961 97.453400 4.000000 0.350746 0.936471 0.000000 -0.979800 -0.199982 0.000000 0.640366 -0.768070 -0.000000 -1 17
176.547592 109.464699 4.000000 -0.412721 0.910857 0.000000 -0.567204 -0.823577 -0.000000 0.995743 -0.092173 -0.000000 -1 19
167.542419 137.579956 4.000000 0.867264 0.497849 0.000000 -0.789587 0.613639 0.000000 -0.032344 -0.999477 -0.000000 -1 22
83.509209 144.600769 4.000000 -0.593747 0.804652 0.000000 -0.516897 -0.856047 -0.000000 0.990868 0.134832 0.000000 -1 26
144.567322 152.432205 4.000000 -0.476645 0.879096 0.000000 -0.462430 -0.886656 -0.000000 0.995640 -0.093274 -0.000000 -1 27
263.418365 169.427673 4.000000 0.799367 0.600843 0.000000 -0.950415 0.310985 0.000000 -0.003523 -0.999994 -0.000000 -1 28
119.429924 171.454727 4.000000 0.442839 0.896601 0.000000 -0.996118 -0.088023 0.000000 0.505064 -0.863082 -0.000000 -1 29
14.410764 183.444351 4.000000 0.922000 0.387190 0.000000 -0.831058 0.556186 0.000000 -0.190409 -0.981705 -0.000000 -1 31
239.585052 212.567734 4.000000 0.741546 0.670902 0.000000 -0.933839 0.357695 0.000000 0.240228 -0.970717 -0.000000 -1 34
2.443265 233.513260 4.000000 0.312388 0.949955 0.000000 -0.990475 -0.137695 -0.000000 0.608009 -0.793930 -0.000000 -1 38
301.414795 236.422684 4.000000 -0.631530 0.775351 0.000000 -0.459116 -0.888376 -0.000000 0.999285 0.037814 -0.000000 -1 39
204.556396 249.448883 4.000000 0.533217 0.845978 0.000000 -0.994291 -0.106706 0.000000 0.618356 -0.785898 -0.000000 -1 41
113.434677 254.600632 4.000000 0.399054 0.916927 0.000000 -0.998255 0.059048 0.000000 0.567753 -0.823199 -0.000000 -1 42
455.568237 258.527161 4.000000 0.381484 0.924376 0.000000 -0.982600 -0.185736 -0.000000 0.697983 -0.716114 -0.000000 -1 43
300.554718 280.469910 4.000000 -0.639050 0.769165 0.000000 -0.236808 -0.971557 -0.000000 0.988465 0.151450 0.000000 -1 46
2.457630 281.438202 4.000000 -0.009741 0.999953 0.000000 -0.840873 -0.541233 -0.000000 0.845440 -0.534070 -0.000000 -1 47
40.548477 289.573303 4.000000 0.484321 0.874890 -0.000000 -0.999884 -0.015233 0.000000 0.605111 -0.796141 -0.000000 -1 49
