528.471985 8.553177 4.000000 -0.671054 0.741409 0.000000 -0.326276 -0.945275 0.000000 0.960470 0.278383 0.000000 -1 2
94.269211 32.330662 4.000000 0.556657 0.830743 0.000000 -0.984210 0.177007 0.000000 0.316549 -0.948576 -0.000000 -1 5
159.410049 43.475391 4.000000 -0.775801 0.630977 0.000000 -0.255919 -0.966698 -0.000000 0.970464 0.241247 0.000000 -1 8
280.447418 43.523018 4.000000 0.886672 0.462399 0.000000 -0.849589 0.527445 0.000000 -0.096776 -0.995306 -0.000000 -1 9
253.466400 71.571747 4.000000 0.869568 0.493813 0.000000 -0.824989 0.565149 0.000000 -0.134714 -0.990884 -0.000000 -1 10
17.510475 75.559601 4.000000 -0.703111 0.711080 0.000000 -0.361339 -0.932435 -0.000000 0.970299 0.241909 0.000000 -1 12
95.520393 77.509308 4.000000 0.907432 0.420200 0.000000 -0.805880 0.592079 0.000000 -0.084549 -0.996419 -0.000000 -1 14
128.523544 83.571655 4.000000 0.490303 0.871552 0.000000 -0.991236 0.132106 0.000000 0.487003 -0.873400 -0.000000 -1 15
101.421387 110.533943 4.000000 -0.402517 0.915412 0.000000 -0.692735 -0.721192 -0.000000 0.989251 -0.146229 0.000000 -1 18
599.586670 112.580475 4.000000 0.517027 0.855969 0.000000 -0.998127 0.061181 0.000000 0.530496 -0.847688 -0.000000 -1 19
59.467457 116.464951 4.000000 -0.422813 0.906217 0.000000 -0.646926 -0.762552 -0.000000 0.986333 -0.164767 -0.000000 -1 21
238.457214 118.566643 4.000000 0.653335 0.757069 -0.000000 -0.955717 0.294288 0.000000 0.298557 -0.954392 -0.000000 -1 22
282.562744 123.569046 4.000000 0.254960 0.966952 0.000000 -0.971923 -0.235299 -0.000000 0.755113 -0.655595 -0.000000 -1 23
254.570038 145.495758 4.000000 0.053118 0.998588 0.000000 -0.842048 -0.539403 -0.000000 0.864867 -0.502001 0.000000 -1 26
600.498352 165.483948 4.000000 0.452587 0.891720 0.000000 -0.998354 -0.057348 -0.000000 0.522031 -0.852927 0.000000 -1 29
147.545456 187.470718 4.000000 -0.408408 0.912799 0.000000 -0.586979 -0.809602 -0.000000 0.991224 -0.132190 0.000000 -1 31
217.499359 196.406754 4.000000 -0.836606 0.547805 0.000000 -0.022417 -0.999749 -0.000000 0.958592 0.284782 -0.000000 -1 32
241.349182 208.237442 4.000000 -0.592606 0.805493 0.000000 -0.731531 -0.681808 -0.000000 0.993479 -0.114012 0.000000 -1 35
114.425247 220.439514 4.000000 -0.730119 0.683320 0.000000 -0.317732 -0.948181 -0.000000 0.971160 0.238427 0.000000 -1 37
98.436333 246.540115 4.000000 0.132981 0.991119 0.000000 -0.954674 -0.297653 -0.000000 0.726424 -0.687247 -0.000000 -1 42
0.489655 249.517990 4.000000 0.432402 0.901681 0.000000 -0.999682 -0.025202 0.000000 0.534731 -0.845023 -0.000000 -1 44
273.436554 252.443878 4.000000 -0.442615 0.896712 0.000000 -0.540657 -0.841243 -0.000000 0.999261 -0.038434 0.000000 -1 45
196.553696 253.563431 4.000000 0.391566 0.920150 0.000000 -0.988458 -0.151497 -0.000000 0.682886 -0.730525 -0.000000 -1 46
457.466125 257.480408 4.000000 0.291987 0.956422 0.000000 -0.977048 -0.213018 -0.000000 0.642075 -0.766642 -0.000000 -1 47
89.511398 285.541656 4.000000 0.908499 0.417887 0.000000 -0.764337 0.644817 0.000000 -0.096662 -0.995317 -0.000000 -1 51
214.494461 292.462341 4.000000 0.551820 0.833963 0.000000 -0.999198 0.040050 0.000000 0.432547 -0.901611 -0.000000 -1 52
166.550415 293.553070 4.000000 0.399828 0.916590 0.000000 -0.996857 -0.079217 0.000000 0.653812 -0.756657 -0.000000 -1 54
109.591301 294.514191 4.000000 0.522087 0.852892 0.000000 -0.999216 -0.039594 -0.000000 0.588788 -0.808288 -0.000000 -1 56
