527.570312 7.549877 4.000000 -0.621291 0.783580 0.000000 -0.260828 -0.965385 0.000000 0.969491 0.245125 0.000000 -1 2
191.485580 8.564684 4.000000 -0.400488 0.916302 0.000000 -0.678327 -0.734760 0.000000 0.992978 -0.118296 -0.000000 -1 3
36.487083 18.647678 4.000000 0.581060 0.813860 0.000000 -0.999768 0.021527 0.000000 0.716001 -0.698099 -0.000000 -1 5
74.546898 20.583527 4.000000 0.383501 0.923541 -0.000000 -0.974358 -0.225003 -0.000000 0.822369 -0.568954 -0.000000 -1 7
267.701141 22.276873 4.000000 0.810585 0.585622 0.000000 -0.928432 0.371502 0.000000 0.140000 -0.990151 -0.000000 -1 8
11.571129 32.530842 4.000000 -0.677667 0.735369 0.000000 -0.225368 -0.974274 -0.000000 0.965420 0.260699 0.000000 -1 10
133.471069 45.585449 4.000000 0.902717 0.430236 0.000000 -0.722965 0.690884 0.000000 -0.235206 -0.971946 -0.000000 -1 12
189.504883 45.617294 4.000000 0.922996 0.384809 0.000000 -0.784154 0.620566 0.000000 -0.609738 -0.792603 -0.000000 -1 13
262.416229 67.538963 4.000000 0.819311 0.573350 0.000000 -0.839099 0.543979 0.000000 -0.045108 -0.998982 -0.000000 -1 16
124.450859 83.474533 4.000000 0.445899 0.895083 0.000000 -0.999477 -0.032340 0.000000 0.478974 -0.877829 -0.000000 -1 20
14.294132 85.721252 4.000000 0.855223 0.518261 0.000000 -0.845837 0.533441 0.000000 -0.094174 -0.995556 -0.000000 -1 21
235.486877 96.420753 4.000000 0.065047 0.997882 0.000000 -0.862376 -0.506268 -0.000000 0.794768 -0.606914 -0.000000 -1 22
94.432228 103.485748 4.000000 -0.395641 0.918405 0.000000 -0.666129 -0.745837 -0.000000 0.976017 -0.217693 0.000000 -1 24
181.476425 110.579849 4.000000 0.714477 0.699659 0.000000 -0.947447 0.319912 0.000000 0.213499 -0.976943 -0.000000 -1 25
259.524139 143.561325 4.000000 0.435521 0.900179 0.000000 -0.998385 -0.056805 0.000000 0.644282 -0.764788 -0.000000 -1 29
271.553040 169.474426 4.000000 -0.417027 0.908894 0.000000 -0.544673 -0.838649 -0.000000 0.996199 -0.087103 0.000000 -1 31
83.583168 176.530930 4.000000 0.348884 0.937166 0.000000 -0.975398 -0.220450 -0.000000 0.753546 -0.657396 -0.000000 -1 33
226.285934 177.304703 4.000000 -0.458988 0.888443 0.000000 -0.656973 -0.753914 -0.000000 0.985526 -0.169522 0.000000 -1 35
153.572617 187.422394 4.000000 -0.665593 0.746315 0.000000 -0.240855 -0.970561 0.000000 0.992423 0.122869 0.000000 -1 39
265.427063 191.470169 4.000000 -0.600173 0.799870 0.000000 -0.553287 -0.832990 -0.000000 0.981097 -0.193519 -0.000000 -1 40
303.455475 196.458893 4.000000 -0.412421 0.910993 0.000000 -0.618343 -0.785908 -0.000000 0.986076 -0.166297 -0.000000 -1 42
103.472198 200.409744 4.000000 -0.091360 0.995818 0.000000 -0.832825 -0.553537 0.000000 0.856998 -0.515319 -0.000000 -1 43
12.508905 207.463226 4.000000 0.370948 0.928654 0.000000 -0.969243 -0.246105 -0.000000 0.658029 -0.752993 -0.000000 -1 44
251.438889 209.462875 4.000000 -0.185138 0.982713 0.000000 -0.761638 -0.648003 -0.000000 0.912940 -0.408094 -0.000000 -1 45
103.565521 220.452621 4.000000 0.870701 0.491812 0.000000 -0.898706 0.438552 0.000000 0.150472 -0.988614 -0.000000 -1 49
135.510651 226.425293 4.000000 0.434602 0.900622 0.000000 -0.982144 -0.188133 0.000000 0.533169 -0.846009 -0.000000 -1 50
232.452393 244.461487 4.000000 -0.644342 0.764738 0.000000 -0.316735 -0.948514 -0.000000 0.982659 0.185424 0.000000 -1 53
456.525299 258.424591 4.000000 0.350677 0.936496 0.000000 -0.959412 -0.282009 -0.000000 0.639378 -0.768892 -0.000000 -1 55
175.518402 264.405792 4.000000 -0.778457 0.627698 0.000000 -0.144100 -0.989563 -0.000000 0.972363 0.233472 0.000000 -1 56
142.434540 278.487823 4.000000 0.486082 0.873913 0.000000 -0.999426 0.033883 -0.000000 0.427849 -0.903850 -0.000000 -1 60
261.544800 280.557434 4.000000 0.928203 0.372073 0.000000 -0.699732 0.714406 0.000000 -0.083196 -0.996533 -0.000000 -1 61
299.519287 287.440216 4.000000 -0.564787 0.825237 0.000000 -0.753759 -0.657151 -0.000000 0.993663 -0.112400 0.000000 -1 63
59.571762 299.514008 4.000000 -0.745151 0.666896 0.000000 -0.174672 -0.984627 -0.000000 0.948835 0.315771 0.000000 -1 66
