89.446213 1.557966 4.000000 0.896237 0.443576 0.000000 -0.711914 0.702267 0.000000 -0.197458 -0.980311 -0.000000 -1 1
228.410110 1.496680 4.000000 0.936896 0.349607 0.000000 -0.780055 0.625711 0.000000 -0.239096 -0.970996 -0.000000 -1 2
522.513367 5.565967 4.000000 -0.625256 0.780419 0.000000 -0.324841 -0.945769 -0.000000 0.964165 0.265302 0.000000 -1 3
196.573959 8.410183 4.000000 0.011590 0.999933 0.000000 -0.838547 -0.544829 -0.000000 0.820362 -0.571845 0.000000 -1 4
266.585480 20.459183 4.000000 0.847509 0.530781 0.000000 -0.916675 0.399634 0.000000 0.182765 -0.983157 0.000000 -1 5
7.513977 38.545696 4.000000 -0.564078 0.825722 0.000000 -0.379461 -0.925208 -0.000000 0.990301 0.138938 0.000000 -1 10
302.555389 39.436962 4.000000 -0.433991 0.900917 0.000000 -0.464898 -0.885364 -0.000000 0.995100 -0.098876 -0.000000 -1 11
64.469940 47.498615 4.000000 -0.422028 0.906583 0.000000 -0.645894 -0.763427 -0.000000 0.987326 -0.158706 -0.000000 -1 12
119.487312 49.500572 4.000000 0.923607 0.383340 0.000000 -0.773733 0.633512 0.000000 -0.112304 -0.993674 -0.000000 -1 15
191.482376 51.584068 4.000000 -0.519552 0.854439 0.000000 -0.526879 -0.849940 -0.000000 0.985991 0.166799 0.000000 -1 16
158.464035 54.593708 4.000000 -0.525821 0.850595 0.000000 -0.804637 -0.593767 -0.000000 0.979988 -0.199056 0.000000 -1 17
151.492935 76.438759 4.000000 0.091331 0.995821 0.000000 -0.910978 -0.412455 0.000000 0.762260 -0.647270 -0.000000 -1 22
241.453949 87.522591 4.000000 0.383223 0.923656 0.000000 -0.994592 -0.103855 -0.000000 0.718189 -0.695848 -0.000000 -1 23
199.551926 94.535454 4.000000 0.938529 0.345200 0.000000 -0.720872 0.693068 0.000000 -0.161577 -0.986860 -0.000000 -1 25
491.560974 96.478928 4.000000 0.255416 0.966831 0.000000 -0.938747 -0.344607 -0.000000 0.764367 -0.644782 -0.000000 -1 26
88.543526 102.463676 4.000000 0.879407 0.476070 -0.000000 -0.916346 0.400387 0.000000 -0.011513 -0.999934 -0.000000 -1 27
257.484711 118.439407 4.000000 0.210022 0.977697 0.000000 -0.920446 -0.390869 -0.000000 0.742511 -0.669833 -0.000000 -1 30
41.565357 134.539185 4.000000 0.160955 0.986962 0.000000 -0.872770 -0.488131 0.000000 0.932497 -0.361177 -0.000000 -1 34
131.533859 134.427200 4.000000 -0.729984 0.683464 0.000000 -0.165853 -0.986151 -0.000000 0.974441 0.224642 0.000000 -1 35
187.549286 147.518936 4.000000 -0.080027 0.996793 0.000000 -0.860726 -0.509069 -0.000000 0.897029 -0.441973 -0.000000 -1 37
95.586838 157.437912 4.000000 0.919798 0.392393 0.000000 -0.849572 0.527473 0.000000 0.012946 -0.999916 -0.000000 -1 39
275.448212 157.564957 4.000000 0.848271 0.529563 0.000000 -0.873313 0.487159 0.000000 0.045680 -0.998956 0.000000 -1 40
235.301498 169.267883 4.000000 0.582718 0.812674 0.000000 -0.999400 0.034627 -0.000000 0.409993 -0.912089 -0.000000 -1 41
4.518553 188.497528 4.000000 0.627220 0.778842 0.000000 -0.823065 0.567947 0.000000 0.226010 -0.974125 -0.000000 -1 45
57.525433 193.602966 4.000000 -0.479408 0.877592 0.000000 -0.658607 -0.752487 -0.000000 0.998193 0.060085 0.000000 -1 47
434.463196 196.481659 4.000000 -0.383507 0.923538 0.000000 -0.649425 -0.760426 -0.000000 0.982194 -0.187868 -0.000000 -1 48
129.477890 210.518204 4.000000 -0.306281 0.951941 0.000000 -0.703775 -0.710423 -0.000000 0.981965 -0.189062 0.000000 -1 51
44.604237 212.510788 4.000000 0.231898 0.972740 0.000000 -0.846198 -0.532868 -0.000000 0.735967 -0.677018 -0.000000 -1 52
81.528397 228.592957 4.000000 -0.182981 0.983116 0.000000 -0.744807 -0.667279 0.000000 0.979983 -0.199079 -0.000000 -1 55
181.422882 236.485657 4.000000 0.902647 0.430382 0.000000 -0.856629 0.515933 0.000000 -0.166178 -0.986096 -0.000000 -1 57
122.456764 242.528214 4.000000 0.571474 0.820620 0.000000 -0.994836 0.101499 0.000000 0.392431 -0.919781 -0.000000 -1 59
165.292542 247.710190 4.000000 0.089705 0.995968 0.000000 -0.935041 -0.354540 -0.000000 0.824998 -0.565136 -0.000000 -1 61
458.539459 259.579742 4.000000 0.367158 0.930159 0.000000 -0.996664 -0.081609 -0.000000 0.665915 -0.746027 -0.000000 -1 62
97.595695 270.422363 4.000000 0.271547 0.962425 0.000000 -0.954521 -0.298143 0.000000 0.736656 -0.676268 -0.000000 -1 66
298.443481 270.494812 4.000000 -0.654173 0.756345 0.000000 -0.473957 -0.880548 -0.000000 0.997892 0.064889 0.000000 -1 67
35.488075 284.434692 4.000000 -0.210401 0.977615 0.000000 -0.780220 -0.625505 -0.000000 0.925071 -0.379795 -0.000000 -1 72
