522.429138 5.524223 4.000000 -0.692479 0.721438 0.000000 -0.377491 -0.926013 0.000000 0.972396 0.233336 0.000000 -1 1
56.287872 14.274117 4.000000 0.364183 0.931327 0.000000 -0.981043 -0.193788 -0.000000 0.595671 -0.803229 -0.000000 -1 2
272.451935 14.516016 4.000000 -0.707423 0.706791 0.000000 -0.330402 -0.943840 -0.000000 0.971841 0.235637 0.000000 -1 3
10.574739 36.589405 4.000000 -0.533857 0.845575 0.000000 -0.378360 -0.925659 -0.000000 0.983082 0.183167 -0.000000 -1 9
179.444366 40.404404 4.000000 0.249212 0.968449 -0.000000 -0.903196 -0.429229 0.000000 0.729462 -0.684021 -0.000000 -1 10
298.454224 43.541786 4.000000 -0.685433 0.728136 0.000000 -0.317321 -0.948318 0.000000 0.979042 0.203657 0.000000 -1 11
117.482384 48.420635 4.000000 -0.578106 0.815962 0.000000 -0.447001 -0.894533 -0.000000 0.999910 -0.013448 0.000000 -1 12
150.517517 51.557930 4.000000 0.541351 0.840797 0.000000 -0.994198 0.107562 0.000000 0.446408 -0.894830 -0.000000 -1 13
62.500607 59.508049 4.000000 0.888383 0.459102 0.000000 -0.804034 0.594583 0.000000 -0.063739 -0.997967 0.000000 -1 15
83.413666 72.448517 4.000000 0.082537 0.996588 -0.000000 -0.924477 -0.381237 0.000000 0.728672 -0.684863 -0.000000 -1 18
0.548109 74.493866 4.000000 0.776241 0.630437 0.000000 -0.966509 0.256632 0.000000 0.261068 -0.965320 0.000000 -1 19
243.426636 84.502663 4.000000 0.394916 0.918717 0.000000 -0.997449 -0.071378 -0.000000 0.520787 -0.853686 -0.000000 -1 21
492.539764 94.470901 4.000000 0.221382 0.975187 0.000000 -0.934222 -0.356693 -0.000000 0.758851 -0.651264 -0.000000 -1 22
41.405453 95.447144 4.000000 -0.334799 0.942289 0.000000 -0.721827 -0.692073 -0.000000 0.940643 -0.339396 -0.000000 -1 23
240.452240 130.506592 4.000000 -0.685270 0.728289 0.000000 -0.535017 -0.844841 -0.000000 0.991249 0.132004 0.000000 -1 29
55.289757 150.717270 4.000000 -0.446738 0.894665 0.000000 -0.586507 -0.809944 0.000000 0.998907 -0.046736 0.000000 -1 31
181.570724 150.413818 4.000000 0.647924 0.761705 0.000000 -0.990316 0.138831 0.000000 0.410359 -0.911924 -0.000000 -1 32
293.400391 174.564026 4.000000 0.338251 0.941056 0.000000 -0.999999 -0.001176 0.000000 0.504707 -0.863290 -0.000000 -1 36
0.520100 190.490234 4.000000 0.555357 0.831612 0.000000 -0.998723 0.050528 0.000000 0.425499 -0.904959 -0.000000 -1 38
435.439911 196.425095 4.000000 -0.429043 0.903284 0.000000 -0.618932 -0.785445 -0.000000 0.976931 -0.213557 -0.000000 -1 39
49.452080 205.487213 4.000000 0.469359 0.883007 0.000000 -0.999994 0.003511 -0.000000 0.455240 -0.890369 -0.000000 -1 40
126.570076 207.471985 4.000000 -0.217223 0.976122 0.000000 -0.648448 -0.761259 -0.000000 0.967011 -0.254735 -0.000000 -1 41
173.270294 225.302094 4.000000 0.843578 0.537007 0.000000 -0.905629 0.424071 0.000000 -0.017258 -0.999851 -0.000000 -1 43
80.561386 233.511536 4.000000 0.148199 0.988958 0.000000 -0.946514 -0.322662 -0.000000 0.805705 -0.592317 -0.000000 -1 47
230.492203 243.518143 4.000000 0.928334 0.371747 0.000000 -0.804498 0.593955 0.000000 -0.262404 -0.964958 -0.000000 -1 49
600.428894 259.428223 4.000000 0.558120 0.829760 0.000000 -0.999873 0.015914 -0.000000 0.316168 -0.948703 -0.000000 -1 53
459.470551 260.419861 4.000000 0.358340 0.933591 0.000000 -0.969091 -0.246705 -0.000000 0.575780 -0.817605 0.000000 -1 54
187.746750 262.699677 4.000000 -0.321876 0.946782 0.000000 -0.477025 -0.878890 -0.000000 0.995773 -0.091850 -0.000000 -1 55
299.432556 273.500000 4.000000 -0.489929 0.871762 0.000000 -0.542475 -0.840072 -0.000000 0.997194 -0.074860 -0.000000 -1 57
109.564095 291.551544 4.000000 0.867804 0.496907 0.000000 -0.850353 0.526212 0.000000 0.032091 -0.999485 -0.000000 -1 60
166.553955 299.455536 4.000000 0.833100 0.553123 0.000000 -0.923765 0.382960 0.000000 0.159247 -0.987239 -0.000000 -1 62
