526.477966 5.459790 4.000000 -0.689319 0.724458 0.000000 -0.317214 -0.948354 0.000000 0.984460 0.175608 0.000000 -1 4
159.566971 15.592337 4.000000 0.489484 0.872012 0.000000 -0.999763 0.021767 0.000000 0.550839 -0.834612 -0.000000 -1 6
301.457397 16.562147 4.000000 -0.285574 0.958357 0.000000 -0.731257 -0.682102 -0.000000 0.983010 -0.183550 0.000000 -1 7
34.519123 18.604795 4.000000 0.888247 0.459366 0.000000 -0.898552 0.438867 0.000000 0.434639 -0.900605 -0.000000 -1 9
201.479309 25.512032 4.000000 0.435748 0.900069 0.000000 -0.983226 -0.182391 0.000000 0.624753 -0.780823 -0.000000 -1 12
54.577312 27.404158 4.000000 -0.121612 0.992578 0.000000 -0.775820 -0.630955 -0.000000 0.905440 -0.424474 -0.000000 -1 13
22.443222 59.470161 4.000000 0.787545 0.616257 0.000000 -0.905444 0.424465 0.000000 0.054298 -0.998525 -0.000000 -1 18
75.429054 60.594154 4.000000 -0.365229 0.930918 0.000000 -0.756441 -0.654062 -0.000000 0.987331 -0.158672 0.000000 -1 19
124.491341 68.428185 4.000000 0.150409 0.988624 0.000000 -0.895744 -0.444571 -0.000000 0.752023 -0.659137 -0.000000 -1 21
209.492508 73.441223 4.000000 0.715809 0.698296 0.000000 -0.989819 0.142332 0.000000 0.360916 -0.932598 -0.000000 -1 22
237.472153 77.485527 4.000000 -0.291422 0.956595 0.000000 -0.738316 -0.674455 0.000000 0.967548 -0.252687 -0.000000 -1 24
135.583878 104.411469 4.000000 -0.850139 0.526559 0.000000 0.047420 -0.998875 -0.000000 0.941266 0.337667 0.000000 -1 29
238.415314 111.490952 4.000000 0.846470 0.532436 0.000000 -0.901387 0.433013 0.000000 -0.079180 -0.996860 0.000000 -1 30
289.445465 111.504051 4.000000 0.352481 0.935819 0.000000 -0.995004 -0.099837 -0.000000 0.608175 -0.793803 0.000000 -1 31
101.472511 125.473640 4.000000 -0.661485 0.749959 0.000000 -0.367972 -0.929837 -0.000000 0.987585 0.157088 -0.000000 -1 32
205.534439 132.518707 4.000000 0.602639 0.798014 0.000000 -0.994431 0.105386 0.000000 0.445791 -0.895137 -0.000000 -1 33
17.304338 156.729782 4.000000 0.913271 0.407352 -0.000000 -0.771485 0.636248 0.000000 -0.221703 -0.975114 -0.000000 -1 36
231.434769 180.558212 4.000000 0.459431 0.888214 0.000000 -0.999987 0.005034 0.000000 0.441525 -0.897249 -0.000000 -1 40
127.527321 182.460770 4.000000 -0.672018 0.740535 0.000000 -0.296046 -0.955174 -0.000000 0.987166 0.159698 0.000000 -1 41
184.455063 187.565216 4.000000 0.096793 0.995305 0.000000 -0.942827 -0.333282 -0.000000 0.791956 -0.610578 -0.000000 -1 42
84.584770 204.586823 4.000000 0.553359 0.832943 0.000000 -0.988935 0.148349 0.000000 0.495860 -0.868403 -0.000000 -1 45
118.537277 209.425781 4.000000 0.536626 0.843820 0.000000 -1.000000 0.000650 0.000000 0.492600 -0.870256 -0.000000 -1 46
181.569504 231.544083 4.000000 -0.152729 0.988268 0.000000 -0.735175 -0.677877 0.000000 0.968465 -0.249149 -0.000000 -1 51
295.587616 239.444077 4.000000 -0.473922 0.880567 0.000000 -0.433787 -0.901015 -0.000000 0.998929 -0.046271 0.000000 -1 52
101.578583 243.474304 4.000000 0.395637 0.918407 0.000000 -0.995842 -0.091096 0.000000 0.618671 -0.785650 -0.000000 -1 54
36.555248 257.496185 4.000000 -0.434405 0.900718 0.000000 -0.529287 -0.848443 -0.000000 0.998496 -0.054817 0.000000 -1 56
455.546417 259.496368 4.000000 0.373645 0.927572 0.000000 -0.980838 -0.194827 -0.000000 0.670524 -0.741888 -0.000000 -1 57
145.483673 260.502960 4.000000 0.576515 0.817086 0.000000 -0.982337 0.187118 0.000000 0.391881 -0.920016 -0.000000 -1 59
236.547821 263.549316 4.000000 0.145945 0.989293 0.000000 -0.919690 -0.392644 -0.000000 0.853362 -0.521319 -0.000000 -1 60
110.401871 270.455627 4.000000 0.873334 0.487122 0.000000 -0.882732 0.469876 0.000000 -0.110382 -0.993889 0.000000 -1 62
0.565825 273.466583 4.000000 0.404947 0.914340 0.000000 -0.988427 -0.151697 -0.000000 0.644431 -0.764662 0.000000 -1 63
161.459671 286.409912 4.000000 -0.529829 0.848105 0.000000 -0.463122 -0.886294 0.000000 0.997392 -0.072178 -0.000000 -1 65
118.441628 287.561981 4.000000 -0.268088 0.963395 0.000000 -0.803609 -0.595157 -0.000000 0.965690 -0.259696 -0.000000 -1 66
