521.575562 5.511980 4.000000 -0.628909 0.777479 0.000000 -0.244518 -0.969645 -0.000000 0.980784 0.195096 0.000000 -1 1
55.574833 13.562197 4.000000 0.485248 0.874377 0.000000 -0.998083 -0.061897 -0.000000 0.671576 -0.740936 -0.000000 -1 4
272.421967 15.534458 4.000000 0.916953 0.398995 0.000000 -0.793906 0.608040 0.000000 -0.207547 -0.978225 0.000000 -1 5
191.397415 16.487673 4.000000 0.156748 0.987639 0.000000 -0.891792 -0.452446 0.000000 0.588692 -0.808357 -0.000000 -1 6
12.424234 39.517265 4.000000 -0.625252 0.780423 0.000000 -0.527504 -0.849553 0.000000 0.997163 0.075276 0.000000 -1 11
178.569778 42.565536 4.000000 0.561935 0.827181 0.000000 -0.996913 0.078515 0.000000 0.499729 -0.866182 -0.000000 -1 13
298.423431 45.587822 4.000000 -0.600042 0.799969 0.000000 -0.466500 -0.884521 -0.000000 0.990047 0.140737 0.000000 -1 15
116.554253 48.578533 4.000000 -0.537998 0.842946 0.000000 -0.417323 -0.908758 -0.000000 0.989495 0.144567 0.000000 -1 16
149.528351 52.471687 4.000000 0.467393 0.884050 0.000000 -0.997445 -0.071444 0.000000 0.555817 -0.831305 -0.000000 -1 18
60.473003 59.524273 4.000000 -0.699119 0.715005 0.000000 -0.284080 -0.958800 -0.000000 0.967000 0.254776 0.000000 -1 20
84.440201 68.482292 4.000000 0.230416 0.973092 0.000000 -0.975747 -0.218900 -0.000000 0.671255 -0.741226 -0.000000 -1 21
3.528232 75.574471 4.000000 0.637323 0.770597 0.000000 -0.973488 0.228739 0.000000 0.374271 -0.927319 -0.000000 -1 23
241.557739 86.439995 4.000000 0.309236 0.950985 0.000000 -0.951106 -0.308863 -0.000000 0.686822 -0.726826 -0.000000 -1 25
492.586456 93.574699 4.000000 0.269491 0.963003 0.000000 -0.954724 -0.297492 -0.000000 0.815822 -0.578303 -0.000000 -1 26
42.472343 96.545944 4.000000 -0.446862 0.894603 0.000000 -0.615393 -0.788220 -0.000000 0.997990 -0.063364 0.000000 -1 28
126.407616 109.511749 4.000000 0.954297 0.298859 0.000000 -0.712712 0.701457 0.000000 -0.318012 -0.948087 -0.000000 -1 29
180.458359 146.561142 4.000000 0.630700 0.776027 0.000000 -0.942063 0.335436 0.000000 0.243151 -0.969989 -0.000000 -1 35
56.419514 151.537827 4.000000 -0.514676 0.857385 0.000000 -0.558683 -0.829381 0.000000 0.999499 -0.031641 0.000000 -1 36
9.413378 157.545654 4.000000 0.924816 0.380415 0.000000 -0.815373 0.578936 0.000000 -0.176718 -0.984262 -0.000000 -1 39
192.443207 172.446548 4.000000 0.228856 0.973460 0.000000 -0.944713 -0.327898 -0.000000 0.695054 -0.718958 -0.000000 -1 40
291.446289 172.445007 4.000000 0.453321 0.891348 0.000000 -0.997057 -0.076663 -0.000000 0.452851 -0.891586 -0.000000 -1 41
599.594299 191.432800 4.000000 0.544473 0.838778 0.000000 -0.998319 -0.057955 0.000000 0.525277 -0.850932 -0.000000 -1 44
435.488434 196.422470 4.000000 -0.407316 0.913288 0.000000 -0.582526 -0.812812 -0.000000 0.975284 -0.220953 -0.000000 -1 46
50.563854 204.587967 4.000000 0.572938 0.819599 0.000000 -0.989305 0.145864 0.000000 0.466264 -0.884645 -0.000000 -1 47
126.533585 206.541977 4.000000 -0.217035 0.976164 0.000000 -0.682588 -0.730803 -0.000000 0.972685 -0.232131 -0.000000 -1 48
177.433884 228.414993 4.000000 0.813925 0.580970 0.000000 -0.934426 0.356157 0.000000 0.032401 -0.999475 -0.000000 -1 51
459.507721 259.574768 4.000000 0.328666 0.944446 0.000000 -0.996256 -0.086456 -0.000000 0.659523 -0.751685 -0.000000 -1 56
599.408203 259.576843 4.000000 0.510883 0.859650 0.000000 -0.975599 0.219562 0.000000 0.313814 -0.949485 0.000000 -1 57
187.539551 261.490601 4.000000 -0.329845 0.944035 0.000000 -0.558928 -0.829216 -0.000000 0.987150 -0.159797 -0.000000 -1 58
208.471771 262.473328 4.000000 0.324586 0.945856 0.000000 -0.989825 -0.142293 -0.000000 0.586935 -0.809634 -0.000000 -1 59
79.510895 289.517212 4.000000 0.064185 0.997938 0.000000 -0.899833 -0.436235 -0.000000 0.845956 -0.533253 -0.000000 -1 63
106.491165 290.452698 4.000000 0.910197 0.414175 0.000000 -0.873229 0.487310 0.000000 -0.005922 -0.999982 -0.000000 -1 64
166.589020 299.460907 4.000000 0.862235 0.506509 0.000000 -0.899195 0.437549 0.000000 0.173578 -0.984820 -0.000000 -1 66
