525.498108 3.479100 4.000000 -0.647197 0.762323 0.000000 -0.339280 -0.940686 -0.000000 0.988609 0.150504 0.000000 -1 1
41.543491 25.543242 4.000000 0.876425 0.481538 0.000000 -0.827511 0.561449 0.000000 -0.019728 -0.999805 0.000000 -1 2
113.555161 45.527946 4.000000 0.311494 0.950248 0.000000 -0.957461 -0.288562 -0.000000 0.724037 -0.689761 -0.000000 -1 8
150.518890 49.484104 4.000000 0.193204 0.981159 0.000000 -0.915951 -0.401291 0.000000 0.862020 -0.506875 -0.000000 -1 10
18.645281 57.257042 4.000000 -0.794078 0.607816 0.000000 -0.246901 -0.969041 0.000000 0.968220 0.250100 0.000000 -1 12
78.568886 59.509373 4.000000 0.229512 0.973306 0.000000 -0.942215 -0.335010 -0.000000 0.749325 -0.662202 -0.000000 -1 13
52.566509 87.501648 4.000000 0.250686 0.968068 0.000000 -0.938051 -0.346499 -0.000000 0.791727 -0.610875 -0.000000 -1 16
142.578323 88.480324 4.000000 -0.793987 0.607934 0.000000 -0.039353 -0.999225 -0.000000 0.943806 0.330500 0.000000 -1 17
254.459900 88.584633 4.000000 0.939359 0.342936 0.000000 -0.712889 0.701277 0.000000 -0.270322 -0.962770 -0.000000 -1 18
185.557404 115.531364 4.000000 0.532900 0.846178 0.000000 -0.999985 0.005490 0.000000 0.532790 -0.846248 -0.000000 -1 21
269.553406 120.545906 4.000000 -0.496586 0.867988 0.000000 -0.429585 -0.903026 -0.000000 0.995603 0.093673 0.000000 -1 23
54.437962 139.489502 4.000000 -0.275234 0.961377 0.000000 -0.749753 -0.661717 -0.000000 0.949982 -0.312303 -0.000000 -1 27
128.299881 141.245682 4.000000 -0.034184 0.999416 0.000000 -0.947289 -0.320380 0.000000 0.790852 -0.612008 -0.000000 -1 28
297.442352 148.452637 4.000000 -0.475529 0.879700 0.000000 -0.570904 -0.821016 0.000000 0.998986 -0.045029 -0.000000 -1 30
215.576019 150.495544 4.000000 -0.643429 0.765506 0.000000 -0.268629 -0.963244 -0.000000 0.988122 0.153671 0.000000 -1 31
150.437332 188.453659 4.000000 0.033424 0.999441 0.000000 -0.914388 -0.404838 -0.000000 0.785635 -0.618690 -0.000000 -1 32
430.553894 203.508682 4.000000 -0.192351 0.981326 0.000000 -0.705910 -0.708301 0.000000 0.967657 -0.252270 -0.000000 -1 35
97.300026 223.730576 4.000000 0.031017 0.999519 0.000000 -0.907045 -0.421034 -0.000000 0.868495 -0.495699 0.000000 -1 38
210.548828 234.523468 4.000000 0.359485 0.933151 0.000000 -0.983518 -0.180808 0.000000 0.693874 -0.720096 -0.000000 -1 40
277.515442 234.574249 4.000000 0.740420 0.672145 0.000000 -0.928739 0.370735 0.000000 0.268783 -0.963201 -0.000000 -1 41
61.554913 258.592834 4.000000 0.090534 0.995893 0.000000 -0.914150 -0.405377 -0.000000 0.886289 -0.463132 -0.000000 -1 45
456.483917 259.556030 4.000000 0.313739 0.949509 0.000000 -0.994095 -0.108517 -0.000000 0.646977 -0.762510 -0.000000 -1 46
107.450043 270.613647 4.000000 0.637116 0.770768 0.000000 -0.960103 0.279647 0.000000 0.387015 -0.922074 -0.000000 -1 47
235.709274 279.331177 4.000000 0.473852 0.880605 0.000000 -0.991611 -0.129257 -0.000000 0.462698 -0.886516 -0.000000 -1 49
128.558884 283.503845 4.000000 -0.115463 0.993312 0.000000 -0.782459 -0.622702 -0.000000 0.942808 -0.333337 -0.000000 -1 50
74.414322 293.448425 4.000000 -0.546887 0.837206 0.000000 -0.551217 -0.834362 0.000000 0.998676 -0.051441 -0.000000 -1 51
