524.516479 3.564242 4.000000 -0.601293 0.799029 0.000000 -0.351871 -0.936049 -0.000000 0.972875 0.231333 0.000000 -1 2
256.728607 8.274727 4.000000 -0.266842 0.963740 0.000000 -0.609503 -0.792784 -0.000000 0.976103 -0.217310 0.000000 -1 3
99.521553 17.547758 4.000000 0.028967 0.999580 0.000000 -0.883717 -0.468022 0.000000 0.881686 -0.471836 -0.000000 -1 5
175.554123 23.423342 4.000000 0.635079 0.772447 0.000000 -0.995292 0.096922 0.000000 0.448039 -0.894014 -0.000000 -1 7
300.258698 38.298279 4.000000 -0.431762 0.901988 0.000000 -0.563674 -0.825998 -0.000000 0.993514 -0.113711 -0.000000 -1 10
5.404832 46.490040 4.000000 0.720182 0.693786 0.000000 -0.943644 0.330961 0.000000 0.138012 -0.990431 -0.000000 -1 11
283.585480 55.477894 4.000000 -0.536425 0.843948 0.000000 -0.305535 -0.952181 0.000000 0.990311 0.138867 0.000000 -1 16
133.235535 59.616051 4.000000 0.782973 0.622056 0.000000 -0.618415 0.785852 0.000000 -0.218144 -0.975917 -0.000000 -1 17
237.479309 61.510166 4.000000 -0.318474 0.947932 0.000000 -0.674350 -0.738412 0.000000 0.987905 -0.155059 -0.000000 -1 18
27.375301 84.756912 4.000000 0.401431 0.915889 0.000000 -0.993323 -0.115363 0.000000 0.708546 -0.705665 -0.000000 -1 19
52.438335 91.528725 4.000000 0.198860 0.980028 0.000000 -0.981712 -0.190372 0.000000 0.681101 -0.732189 -0.000000 -1 21
117.414948 105.546227 4.000000 -0.035573 0.999367 0.000000 -0.915612 -0.402064 0.000000 0.825042 -0.565071 -0.000000 -1 23
300.601501 108.469955 4.000000 -0.461298 0.887245 0.000000 -0.378523 -0.925592 -0.000000 0.999996 -0.002992 -0.000000 -1 24
227.543533 114.577232 4.000000 0.769518 0.638625 0.000000 -0.866910 0.498465 0.000000 0.139541 -0.990216 -0.000000 -1 26
208.559052 135.423645 4.000000 0.133890 0.990996 0.000000 -0.858422 -0.512944 -0.000000 0.795644 -0.605765 -0.000000 -1 29
53.592781 140.446320 4.000000 -0.166376 0.986062 0.000000 -0.682796 -0.730609 -0.000000 0.949137 -0.314862 -0.000000 -1 30
111.572029 183.552658 4.000000 -0.504479 0.863424 0.000000 -0.415074 -0.909788 -0.000000 0.994132 0.108176 0.000000 -1 35
237.421387 185.424026 4.000000 0.512423 0.858733 0.000000 -0.999298 -0.037470 0.000000 0.378675 -0.925530 -0.000000 -1 36
301.577484 186.423874 4.000000 -0.282546 0.959254 0.000000 -0.631272 -0.775561 0.000000 0.956454 -0.291885 -0.000000 -1 37
431.579010 199.581558 4.000000 -0.180101 0.983648 0.000000 -0.696022 -0.718020 -0.000000 0.989504 -0.144503 0.000000 -1 40
57.512318 206.507431 4.000000 0.253972 0.967212 0.000000 -0.974239 -0.225516 -0.000000 0.670505 -0.741905 -0.000000 -1 42
162.467834 210.475555 4.000000 0.671314 0.741173 0.000000 -0.985818 0.167815 0.000000 0.265130 -0.964213 -0.000000 -1 43
138.328293 211.713364 4.000000 -0.046194 0.998932 0.000000 -0.834481 -0.551036 0.000000 0.970735 -0.240154 -0.000000 -1 44
255.549530 222.503555 4.000000 -0.176939 0.984222 0.000000 -0.711291 -0.702898 0.000000 0.916261 -0.400582 -0.000000 -1 47
50.417217 231.443466 4.000000 0.788881 0.614547 0.000000 -0.949157 0.314803 0.000000 0.068970 -0.997619 -0.000000 -1 48
68.545525 253.405746 4.000000 -0.231245 0.972896 0.000000 -0.689009 -0.724753 -0.000000 0.924517 -0.381140 -0.000000 -1 51
456.588226 259.574249 4.000000 0.417546 0.908656 0.000000 -0.992693 -0.120668 -0.000000 0.695846 -0.718191 -0.000000 -1 53
249.501068 265.581268 4.000000 -0.455309 0.890334 0.000000 -0.652369 -0.757901 -0.000000 0.999150 -0.041228 0.000000 -1 55
8.591119 286.433868 4.000000 -0.223025 0.974813 0.000000 -0.611085 -0.791565 -0.000000 0.941153 -0.337981 -0.000000 -1 59
231.492828 286.584595 4.000000 0.211207 0.977441 0.000000 -0.971307 -0.237828 -0.000000 0.758413 -0.651774 -0.000000 -1 60
139.515732 299.531097 4.000000 -0.551312 0.834299 0.000000 -0.478006 -0.878357 -0.000000 0.994011 0.109281 -0.000000 -1 62
