209.552200 3.477203 4.000000 0.837447 0.546518 0.000000 -0.912559 0.408945 0.000000 0.089969 -0.995945 -0.000000 -1 1
520.563232 5.486356 4.000000 -0.658359 0.752704 0.000000 -0.231428 -0.972852 -0.000000 0.981713 0.190369 0.000000 -1 2
274.468292 27.522411 4.000000 0.838096 0.545523 0.000000 -0.864694 0.502300 0.000000 -0.003864 -0.999993 -0.000000 -1 5
96.493935 33.417549 4.000000 -0.664196 0.747558 0.000000 -0.342041 -0.939685 -0.000000 0.995694 0.092697 -0.000000 -1 10
160.507385 36.522560 4.000000 -0.301245 0.953547 0.000000 -0.849066 -0.528287 -0.000000 0.956779 -0.290817 0.000000 -1 11
50.575226 41.521637 4.000000 -0.079249 0.996855 0.000000 -0.740053 -0.672549 0.000000 0.951263 -0.308381 -0.000000 -1 13
219.279861 43.272533 4.000000 0.906872 0.421405 0.000000 -0.878646 0.477474 0.000000 -0.118240 -0.992985 -0.000000 -1 14
300.587524 43.542294 4.000000 -0.307144 0.951663 0.000000 -0.542033 -0.840357 -0.000000 0.999807 -0.019638 0.000000 -1 15
124.576035 49.514324 4.000000 0.655711 0.755012 0.000000 -0.982778 0.184793 0.000000 0.415448 -0.909617 -0.000000 -1 16
232.576370 58.506199 4.000000 0.230125 0.973161 0.000000 -0.916574 -0.399864 -0.000000 0.839583 -0.543232 -0.000000 -1 19
9.443107 62.442272 4.000000 -0.572163 0.820140 0.000000 -0.486234 -0.873829 0.000000 0.999668 -0.025761 -0.000000 -1 20
151.580353 67.579704 4.000000 0.724638 0.689130 0.000000 -0.938754 0.344589 0.000000 0.169226 -0.985577 -0.000000 -1 22
77.441025 81.512085 4.000000 0.648214 0.761458 0.000000 -0.976850 0.213925 0.000000 0.203273 -0.979122 0.000000 -1 24
160.544632 89.490562 4.000000 -0.376893 0.926257 0.000000 -0.583465 -0.812138 -0.000000 0.994212 -0.107433 0.000000 -1 26
495.430328 91.483330 4.000000 0.105810 0.994386 0.000000 -0.945296 -0.326214 0.000000 0.740027 -0.672578 -0.000000 -1 27
382.521332 100.567787 4.000000 0.667669 0.744459 0.000000 -0.954109 0.299460 0.000000 0.324732 -0.945806 0.000000 -1 31
105.450615 103.423187 4.000000 0.554970 0.831871 0.000000 -0.995184 0.098021 0.000000 0.330647 -0.943755 -0.000000 -1 32
6.461735 119.467682 4.000000 -0.672564 0.740039 0.000000 -0.360958 -0.932582 -0.000000 0.983719 0.179713 0.000000 -1 35
81.446884 121.491615 4.000000 -0.525971 0.850502 0.000000 -0.646542 -0.762878 -0.000000 0.982049 -0.188628 -0.000000 -1 36
239.506332 128.457901 4.000000 -0.252033 0.967719 0.000000 -0.649858 -0.760055 -0.000000 0.961353 -0.275318 -0.000000 -1 38
114.409149 174.540756 4.000000 0.925681 0.378306 0.000000 -0.779747 0.626095 0.000000 -0.219578 -0.975595 -0.000000 -1 43
58.288979 177.283035 4.000000 -0.612779 0.790254 0.000000 -0.384533 -0.923111 -0.000000 0.995081 0.099061 0.000000 -1 45
186.280304 180.273468 4.000000 -0.829624 0.558322 0.000000 -0.191574 -0.981478 -0.000000 0.927605 0.373562 0.000000 -1 46
88.303101 184.286224 4.000000 0.237268 0.971444 0.000000 -0.959757 -0.280831 -0.000000 0.665267 -0.746606 -0.000000 -1 47
2.728721 190.294525 4.000000 0.575288 0.817951 0.000000 -0.999832 -0.018317 0.000000 0.497565 -0.867427 -0.000000 -1 48
437.431366 195.558792 4.000000 -0.455658 0.890155 0.000000 -0.633204 -0.773985 -0.000000 0.998248 -0.059162 0.000000 -1 50
45.558022 208.453461 4.000000 -0.083999 0.996466 0.000000 -0.774876 -0.632113 -0.000000 0.898216 -0.439555 0.000000 -1 54
205.433167 211.428543 4.000000 -0.112734 0.993625 0.000000 -0.801997 -0.597328 0.000000 0.880408 -0.474218 -0.000000 -1 55
67.436066 212.483948 4.000000 0.597806 0.801641 0.000000 -0.975351 0.220660 0.000000 0.277135 -0.960831 -0.000000 -1 56
134.448090 219.535797 4.000000 -0.567348 0.823478 0.000000 -0.507013 -0.861938 -0.000000 0.999084 0.042801 -0.000000 -1 57
248.502426 225.443787 4.000000 0.289891 0.957060 0.000000 -0.954233 -0.299063 0.000000 0.668163 -0.744015 -0.000000 -1 59
103.428886 235.477005 4.000000 0.482216 0.876053 0.000000 -0.996062 0.088662 0.000000 0.407632 -0.913146 -0.000000 -1 64
180.449905 245.536819 4.000000 -0.141064 0.990001 0.000000 -0.789988 -0.613123 -0.000000 0.992833 -0.119508 0.000000 -1 67
55.591484 258.551819 4.000000 0.751922 0.659252 0.000000 -0.926385 0.376577 0.000000 0.257103 -0.966384 -0.000000 -1 70
111.581299 258.479126 4.000000 -0.182341 0.983235 0.000000 -0.631807 -0.775126 -0.000000 0.966259 -0.257572 -0.000000 -1 71
224.267899 258.325958 4.000000 0.594253 0.804278 0.000000 -0.978343 0.206990 0.000000 0.265844 -0.964016 -0.000000 -1 72
460.553406 259.524109 4.000000 0.396827 0.917894 0.000000 -0.989534 -0.144302 -0.000000 0.662815 -0.748783 -0.000000 -1 73
293.270599 267.713593 4.000000 0.648349 0.761344 0.000000 -0.984948 0.172852 0.000000 0.104256 -0.994550 -0.000000 -1 75
159.533295 271.530029 4.000000 0.495853 0.868406 0.000000 -0.990786 -0.135434 0.000000 0.768339 -0.640043 -0.000000 -1 77
254.429993 273.534943 4.000000 -0.004136 0.999991 0.000000 -0.917931 -0.396740 -0.000000 0.840578 -0.541691 -0.000000 -1 78
22.526131 285.475525 4.000000 -0.263586 0.964636 0.000000 -0.691387 -0.722484 -0.000000 0.962281 -0.272057 -0.000000 -1 82
171.561111 297.505676 4.000000 -0.629182 0.777258 0.000000 -0.311148 -0.950361 -0.000000 0.983269 0.182161 0.000000 -1 83
