524.430542 4.529118 4.000000 -0.669286 0.743005 0.000000 -0.403694 -0.914894 0.000000 0.978742 0.205094 0.000000 -1 1
263.469360 8.543941 4.000000 -0.598360 0.801227 0.000000 -0.397149 -0.917754 -0.000000 0.978408 0.206685 0.000000 -1 3
90.577850 12.541389 4.000000 0.480699 0.876886 0.000000 -0.998494 -0.054864 0.000000 0.616634 -0.787250 -0.000000 -1 5
212.440079 14.459784 4.000000 0.829901 0.557911 0.000000 -0.934393 0.356244 0.000000 0.144418 -0.989517 -0.000000 -1 7
135.455292 20.579601 4.000000 0.648704 0.761041 0.000000 -0.972767 0.231787 -0.000000 0.323379 -0.946269 0.000000 -1 8
302.500122 37.509506 4.000000 -0.649041 0.760754 0.000000 -0.332043 -0.943264 -0.000000 0.979632 0.200799 0.000000 -1 10
176.702469 46.274937 4.000000 -0.849122 0.528196 0.000000 -0.035394 -0.999373 -0.000000 0.919360 0.393418 0.000000 -1 13
102.560440 49.479233 4.000000 -0.304147 0.952625 0.000000 -0.624172 -0.781287 -0.000000 0.990042 -0.140773 0.000000 -1 14
600.574219 55.533714 4.000000 0.578479 0.815697 0.000000 -0.998667 0.051607 0.000000 0.461323 -0.887232 -0.000000 -1 15
158.457047 72.497154 4.000000 0.391735 0.920078 0.000000 -0.991052 -0.133477 0.000000 0.575641 -0.817702 -0.000000 -1 17
61.437653 89.436089 4.000000 0.105126 0.994459 0.000000 -0.894386 -0.447296 -0.000000 0.744520 -0.667601 -0.000000 -1 21
188.492950 93.458435 4.000000 -0.550345 0.834938 0.000000 -0.504887 -0.863186 -0.000000 0.999855 -0.017009 -0.000000 -1 22
28.523687 94.469765 4.000000 0.561874 0.827223 0.000000 -0.999910 -0.013452 0.000000 0.452578 -0.891725 -0.000000 -1 23
116.425034 102.550049 4.000000 0.123509 0.992343 0.000000 -0.966075 -0.258263 -0.000000 0.747406 -0.664367 -0.000000 -1 25
490.424805 104.441154 4.000000 0.126599 0.991954 0.000000 -0.941354 -0.337420 -0.000000 0.665243 -0.746627 -0.000000 -1 26
224.512665 107.382835 4.000000 0.879521 0.475861 0.000000 -0.971803 0.235794 0.000000 0.313024 -0.949745 -0.000000 -1 28
170.514999 111.458321 4.000000 0.554268 0.832338 0.000000 -0.997028 -0.077038 0.000000 0.579932 -0.814665 -0.000000 -1 31
253.474365 121.486473 4.000000 -0.505828 0.862634 0.000000 -0.564312 -0.825562 -0.000000 0.999184 -0.040385 0.000000 -1 33
205.514801 127.585487 4.000000 -0.348831 0.937186 0.000000 -0.666868 -0.745176 -0.000000 0.995257 -0.097282 -0.000000 -1 35
49.463127 139.513977 4.000000 -0.120981 0.992655 0.000000 -0.820564 -0.571555 -0.000000 0.914032 -0.405643 -0.000000 -1 38
281.436401 154.429626 4.000000 -0.507296 0.861772 0.000000 -0.576627 -0.817008 -0.000000 0.993028 -0.117882 -0.000000 -1 40
140.432877 156.578262 4.000000 0.835894 0.548891 0.000000 -0.873275 0.487228 0.000000 0.063647 -0.997972 -0.000000 -1 41
115.444534 182.520035 4.000000 -0.512465 0.858708 0.000000 -0.559335 -0.828942 -0.000000 0.999991 -0.004286 -0.000000 -1 44
244.485046 187.445084 4.000000 0.811879 0.583826 0.000000 -0.952921 0.303217 0.000000 0.088342 -0.996090 -0.000000 -1 45
432.499664 198.502197 4.000000 -0.296031 0.955178 0.000000 -0.682325 -0.731049 -0.000000 0.975712 -0.219056 -0.000000 -1 47
12.413772 206.456070 4.000000 0.769517 0.638626 0.000000 -0.939223 0.343308 0.000000 0.010215 -0.999948 0.000000 -1 49
166.492508 212.467957 4.000000 0.827999 0.560729 0.000000 -0.978816 0.204741 0.000000 0.378910 -0.925433 0.000000 -1 50
257.712585 215.296692 4.000000 0.102939 0.994688 0.000000 -0.874928 -0.484252 -0.000000 0.841991 -0.539491 -0.000000 -1 53
103.487328 228.525620 4.000000 0.132517 0.991181 0.000000 -0.939572 -0.342352 -0.000000 0.770379 -0.637587 -0.000000 -1 55
45.272942 237.296936 4.000000 0.894280 0.447508 0.000000 -0.855337 0.518072 0.000000 -0.110260 -0.993903 -0.000000 -1 59
70.666420 253.724854 4.000000 0.117111 0.993119 0.000000 -0.962129 -0.272596 -0.000000 0.779962 -0.625827 -0.000000 -1 60
105.663399 255.715591 4.000000 0.932945 0.360020 0.000000 -0.807883 0.589344 0.000000 0.085948 -0.996300 -0.000000 -1 61
457.467194 260.426575 4.000000 0.356298 0.934373 0.000000 -0.971859 -0.235564 -0.000000 0.576648 -0.816993 -0.000000 -1 62
193.534897 266.530090 4.000000 -0.545981 0.837798 0.000000 -0.326478 -0.945205 -0.000000 0.999991 -0.004152 0.000000 -1 65
9.514089 269.482880 4.000000 0.931169 0.364587 -0.000000 -0.799361 0.600851 0.000000 -0.115067 -0.993358 -0.000000 -1 67
51.555195 286.416260 4.000000 -0.671534 0.740973 0.000000 -0.196492 -0.980505 -0.000000 0.985706 0.168474 0.000000 -1 71
236.584213 289.565643 4.000000 0.072881 0.997341 0.000000 -0.873912 -0.486083 0.000000 0.864670 -0.502340 -0.000000 -1 72
