522.419983 5.514573 4.000000 -0.702904 0.711285 0.000000 -0.387026 -0.922069 0.000000 0.973474 0.228797 0.000000 -1 2
56.472790 13.544601 4.000000 0.384290 0.923212 0.000000 -0.996940 -0.078173 -0.000000 0.629305 -0.777158 0.000000 -1 3
272.430084 15.408455 4.000000 -0.809688 0.586861 0.000000 -0.222749 -0.974876 -0.000000 0.959411 0.282011 0.000000 -1 4
11.463915 38.480175 4.000000 -0.604170 0.796855 0.000000 -0.462342 -0.886702 0.000000 0.997819 0.066013 0.000000 -1 9
178.465210 41.499187 4.000000 0.389385 0.921075 0.000000 -0.987563 -0.157226 0.000000 0.591890 -0.806019 -0.000000 -1 10
298.450531 45.497650 4.000000 -0.646619 0.762813 0.000000 -0.401092 -0.916038 -0.000000 0.994790 0.101944 0.000000 -1 13
116.573257 48.553288 4.000000 -0.515861 0.856672 0.000000 -0.425066 -0.905163 -0.000000 0.995436 0.095428 0.000000 -1 14
149.495667 52.433411 4.000000 0.500332 0.865834 0.000000 -0.997394 -0.072142 0.000000 0.479066 -0.877779 -0.000000 -1 16
60.511837 59.471230 4.000000 -0.722698 0.691164 0.000000 -0.203240 -0.979129 -0.000000 0.967518 0.252801 0.000000 -1 17
83.558388 69.588455 4.000000 0.195480 0.980708 0.000000 -0.964186 -0.265226 -0.000000 0.794904 -0.606735 -0.000000 -1 20
2.542921 75.569023 4.000000 0.668358 0.743840 0.000000 -0.971029 0.238960 0.000000 0.355805 -0.934560 0.000000 -1 21
242.475250 85.572716 4.000000 0.275587 0.961276 0.000000 -0.989363 -0.145471 0.000000 0.663860 -0.747857 -0.000000 -1 23
492.573242 94.417656 4.000000 0.248178 0.968714 0.000000 -0.917054 -0.398764 -0.000000 0.746020 -0.665924 -0.000000 -1 24
41.554832 96.420815 4.000000 -0.394391 0.918943 0.000000 -0.566976 -0.823734 -0.000000 0.980328 -0.197377 0.000000 -1 25
126.520454 108.559631 4.000000 0.931180 0.364560 0.000000 -0.687724 0.725972 0.000000 -0.186228 -0.982507 -0.000000 -1 27
181.404922 148.487625 4.000000 0.597282 0.802032 0.000000 -0.977925 0.208956 0.000000 0.235532 -0.971867 -0.000000 -1 33
55.549404 151.504410 4.000000 -0.430611 0.902538 0.000000 -0.501609 -0.865094 -0.000000 0.998890 -0.047096 0.000000 -1 34
193.408585 172.545059 4.000000 0.169868 0.985467 0.000000 -0.968135 -0.250427 0.000000 0.711286 -0.702903 -0.000000 -1 36
291.591919 173.452515 4.000000 0.510786 0.859708 0.000000 -0.997720 -0.067496 -0.000000 0.550598 -0.834771 -0.000000 -1 38
600.468323 190.553818 4.000000 0.470140 0.882592 0.000000 -0.996835 0.079499 0.000000 0.448112 -0.893977 -0.000000 -1 40
435.470795 196.424072 4.000000 -0.414835 0.909896 0.000000 -0.595943 -0.803027 -0.000000 0.976055 -0.217522 -0.000000 -1 42
50.433136 205.416061 4.000000 0.539566 0.841944 0.000000 -0.999845 -0.017592 -0.000000 0.365845 -0.930676 -0.000000 -1 43
126.541885 206.562103 4.000000 -0.216295 0.976328 0.000000 -0.680285 -0.732947 -0.000000 0.980242 -0.197804 -0.000000 -1 44
175.729675 226.714951 4.000000 0.823893 0.566746 0.000000 -0.864594 0.502471 0.000000 0.109727 -0.993962 -0.000000 -1 46
459.493683 259.578064 4.000000 0.312668 0.949863 0.000000 -0.996878 -0.078957 -0.000000 0.655747 -0.754981 -0.000000 -1 52
599.500183 259.508728 4.000000 0.577595 0.816323 0.000000 -0.990278 0.139105 0.000000 0.366288 -0.930501 0.000000 -1 53
188.418671 260.576019 4.000000 -0.389914 0.920851 0.000000 -0.626898 -0.779101 -0.000000 0.994301 -0.106610 -0.000000 -1 54
297.451630 277.469635 4.000000 -0.521883 0.853017 0.000000 -0.412872 -0.910789 -0.000000 0.990972 -0.134066 0.000000 -1 56
81.592712 289.494293 4.000000 0.047032 0.998893 0.000000 -0.854396 -0.519623 -0.000000 0.900175 -0.435529 -0.000000 -1 59
107.540176 290.455658 4.000000 0.912994 0.407973 0.000000 -0.862584 0.505915 0.000000 0.020489 -0.999790 -0.000000 -1 60
166.548981 299.457214 4.000000 0.842690 0.538400 0.000000 -0.912520 0.409033 0.000000 0.141361 -0.989958 -0.000000 -1 62
