226.414566 0.563032 4.000000 0.925037 0.379876 0.000000 -0.738896 0.673820 0.000000 -0.272231 -0.962232 -0.000000 -1 2
90.529861 4.542862 4.000000 0.927231 0.374490 -0.000000 -0.699517 0.714616 0.000000 -0.198283 -0.980145 -0.000000 -1 3
522.537842 5.546402 4.000000 -0.624723 0.780846 0.000000 -0.302669 -0.953096 -0.000000 0.972361 0.233483 0.000000 -1 4
198.406204 8.486916 4.000000 0.085881 0.996305 0.000000 -0.943352 -0.331795 -0.000000 0.740280 -0.672299 -0.000000 -1 5
268.423035 21.478514 4.000000 0.759700 0.650273 0.000000 -0.957113 0.289716 0.000000 0.107539 -0.994201 0.000000 -1 7
301.439331 39.539776 4.000000 -0.450764 0.892643 0.000000 -0.589886 -0.807486 0.000000 0.998711 -0.050748 -0.000000 -1 9
214.424179 41.435810 4.000000 0.441536 0.897244 0.000000 -0.987989 -0.154524 0.000000 0.408935 -0.912563 -0.000000 -1 12
118.537804 50.528294 4.000000 0.921795 0.387678 0.000000 -0.735131 0.677925 0.000000 -0.092324 -0.995729 -0.000000 -1 14
278.252136 62.693230 4.000000 0.935640 0.352956 -0.000000 -0.632276 0.774743 0.000000 -0.341849 -0.939755 -0.000000 -1 15
150.539322 79.496994 4.000000 -0.065476 0.997854 0.000000 -0.822350 -0.568982 0.000000 0.911650 -0.410967 -0.000000 -1 19
16.497650 86.425034 4.000000 0.835573 0.549379 0.000000 -0.943606 0.331070 0.000000 0.051821 -0.998656 -0.000000 -1 20
57.493702 90.423172 4.000000 -0.581748 0.813369 0.000000 -0.598620 -0.801033 -0.000000 0.999489 -0.031963 0.000000 -1 21
198.450287 95.417618 4.000000 -0.808489 0.588511 0.000000 -0.166634 -0.986019 -0.000000 0.941084 0.338172 0.000000 -1 23
491.520935 96.567215 4.000000 0.197617 0.980279 0.000000 -0.965178 -0.261596 -0.000000 0.781014 -0.624514 -0.000000 -1 24
87.453278 101.564499 4.000000 0.847361 0.531017 0.000000 -0.877315 0.479916 0.000000 -0.023614 -0.999721 -0.000000 -1 26
256.454529 118.588737 4.000000 0.152927 0.988238 0.000000 -0.962138 -0.272562 -0.000000 0.777234 -0.629211 -0.000000 -1 29
60.429569 128.402283 4.000000 0.902863 0.429929 -0.000000 -0.906703 0.421770 0.000000 -0.209364 -0.977838 -0.000000 -1 31
128.425064 137.576813 4.000000 0.953885 0.300171 0.000000 -0.639659 0.768659 0.000000 -0.296547 -0.955018 -0.000000 -1 33
45.580227 138.551987 4.000000 0.033543 0.999437 0.000000 -0.848549 -0.529116 -0.000000 0.926814 -0.375521 -0.000000 -1 34
94.739319 156.694016 4.000000 0.851526 0.524313 -0.000000 -0.850796 0.525495 0.000000 0.060709 -0.998156 -0.000000 -1 38
281.426727 158.498047 4.000000 0.790755 0.612133 0.000000 -0.937864 0.347004 -0.000000 0.058913 -0.998263 -0.000000 -1 39
50.420399 192.552292 4.000000 0.082970 0.996552 0.000000 -0.960275 -0.279056 -0.000000 0.803490 -0.595318 -0.000000 -1 41
434.426788 196.518463 4.000000 -0.407825 0.913060 0.000000 -0.684262 -0.729236 -0.000000 0.985372 -0.170416 -0.000000 -1 43
128.499664 208.471069 4.000000 -0.267482 0.963563 0.000000 -0.690492 -0.723340 -0.000000 0.974934 -0.222495 0.000000 -1 44
12.525299 224.475388 4.000000 -0.801004 0.598659 0.000000 -0.328651 -0.944451 -0.000000 0.973748 0.227628 0.000000 -1 48
82.421043 226.544235 4.000000 -0.363939 0.931423 0.000000 -0.700358 -0.713792 -0.000000 0.985692 -0.168557 -0.000000 -1 50
179.537292 235.446381 4.000000 0.909153 0.416462 0.000000 -0.848310 0.529499 0.000000 -0.031941 -0.999490 -0.000000 -1 52
122.529854 243.521133 4.000000 0.558993 0.829173 0.000000 -0.998444 0.055756 0.000000 0.451973 -0.892032 -0.000000 -1 55
163.505798 249.404434 4.000000 0.248727 0.968574 0.000000 -0.920370 -0.391048 -0.000000 0.725154 -0.688586 -0.000000 -1 57
258.455444 255.447678 4.000000 -0.428566 0.903511 0.000000 -0.548750 -0.835987 -0.000000 0.977288 -0.211915 -0.000000 -1 59
458.505432 259.576874 4.000000 0.331598 0.943421 0.000000 -0.997147 -0.075487 0.000000 0.652824 -0.757509 -0.000000 -1 62
290.254700 268.672394 4.000000 0.855745 0.517397 0.000000 -0.757179 0.653208 0.000000 -0.203594 -0.979055 -0.000000 -1 63
199.487350 271.460419 4.000000 -0.248715 0.968577 0.000000 -0.685144 -0.728407 -0.000000 0.972883 -0.231298 0.000000 -1 64
35.408375 284.533508 4.000000 -0.447338 0.894365 0.000000 -0.660911 -0.750464 0.000000 0.996493 -0.083676 -0.000000 -1 67
58.441681 289.451019 4.000000 0.631757 0.775167 0.000000 -0.999242 0.038916 0.000000 0.161815 -0.986821 -0.000000 -1 69
9.000000 290.518036 4.000000 -0.482780 0.875742 0.000000 -0.838843 -0.544373 -0.000000 0.996234 -0.086702 0.000000 -1 70
