523.479004 5.423169 4.000000 -0.687156 0.726510 0.000000 -0.316636 -0.948547 -0.000000 0.993503 0.113805 -0.000000 -1 2
153.510162 35.565784 4.000000 -0.108471 0.994100 0.000000 -0.796803 -0.604239 -0.000000 0.927103 -0.374808 -0.000000 -1 4
301.412140 39.527210 4.000000 -0.505527 0.862811 0.000000 -0.594570 -0.804044 -0.000000 0.999177 -0.040560 0.000000 -1 5
87.450188 40.560261 4.000000 0.752062 0.659093 0.000000 -0.919210 0.393768 0.000000 0.076223 -0.997091 -0.000000 -1 6
110.584091 49.496471 4.000000 0.036249 0.999343 0.000000 -0.828431 -0.560091 0.000000 0.897194 -0.441637 -0.000000 -1 8
44.694668 50.728745 4.000000 0.594513 0.804086 0.000000 -0.985188 0.171477 0.000000 0.428130 -0.903717 -0.000000 -1 9
255.455444 62.446697 4.000000 -0.083364 0.996519 0.000000 -0.993486 -0.113951 -0.000000 0.577454 -0.816423 0.000000 -1 12
148.527298 78.475868 4.000000 -0.240710 0.970597 0.000000 -0.688565 -0.725174 -0.000000 0.957964 -0.286889 0.000000 -1 14
197.423370 94.548653 4.000000 -0.634734 0.772731 0.000000 -0.443214 -0.896416 -0.000000 0.988422 0.151730 0.000000 -1 16
70.458885 95.468887 4.000000 0.294445 0.955669 0.000000 -0.988179 -0.153304 0.000000 0.618462 -0.785815 -0.000000 -1 17
283.271545 98.709023 4.000000 0.970180 0.242386 0.000000 -0.608301 0.793707 0.000000 -0.399427 -0.916765 -0.000000 -1 19
118.569992 99.427635 4.000000 0.473566 0.880758 0.000000 -0.989467 -0.144757 -0.000000 0.616618 -0.787263 -0.000000 -1 20
490.549927 99.422005 4.000000 0.254887 0.966971 0.000000 -0.926005 -0.377511 -0.000000 0.720667 -0.693282 -0.000000 -1 21
254.578644 121.575569 4.000000 -0.308141 0.951341 0.000000 -0.579464 -0.814998 -0.000000 0.999794 -0.020291 0.000000 -1 27
204.410461 127.501785 4.000000 0.661278 0.750141 0.000000 -0.806687 0.590979 0.000000 0.039726 -0.999211 -0.000000 -1 29
45.700603 134.730804 4.000000 0.381888 0.924208 0.000000 -0.994724 -0.102590 -0.000000 0.647844 -0.761773 -0.000000 -1 31
174.498871 138.423950 4.000000 -0.412462 0.910975 0.000000 -0.560255 -0.828320 -0.000000 0.983186 -0.182608 -0.000000 -1 32
298.441223 143.423248 4.000000 -0.651748 0.758436 0.000000 -0.357148 -0.934048 0.000000 0.997829 0.065864 0.000000 -1 34
4.460076 146.445709 4.000000 -0.738778 0.673949 0.000000 -0.183495 -0.983021 0.000000 0.998946 0.045896 0.000000 -1 35
236.553055 147.583176 4.000000 0.805413 0.592714 0.000000 -0.848077 0.529873 0.000000 0.084393 -0.996433 0.000000 -1 37
85.466156 157.495270 4.000000 -0.703239 0.710954 0.000000 -0.231112 -0.972927 -0.000000 0.953334 0.301916 0.000000 -1 38
158.429123 170.442398 4.000000 0.021694 0.999765 0.000000 -0.902375 -0.430951 -0.000000 0.789490 -0.613763 -0.000000 -1 40
76.532990 187.429535 4.000000 0.063405 0.997988 0.000000 -0.918484 -0.395459 -0.000000 0.778419 -0.627745 -0.000000 -1 45
433.451202 197.502396 4.000000 -0.364857 0.931064 0.000000 -0.683336 -0.730104 0.000000 0.979333 -0.202253 0.000000 -1 47
158.531982 208.591110 4.000000 0.165338 0.986237 0.000000 -0.937978 -0.346695 -0.000000 0.835793 -0.549044 0.000000 -1 49
226.468033 212.432327 4.000000 -0.860521 0.509416 0.000000 -0.037332 -0.999303 -0.000000 0.944882 0.327411 0.000000 -1 50
260.491730 214.542114 4.000000 0.243437 0.969917 0.000000 -0.977782 -0.209625 0.000000 0.727512 -0.686095 -0.000000 -1 51
109.483620 226.469406 4.000000 -0.118403 0.992966 0.000000 -0.926644 -0.375940 -0.000000 0.862299 -0.506400 -0.000000 -1 55
179.582626 238.556458 4.000000 0.916768 0.399419 0.000000 -0.736121 0.676850 0.000000 -0.106883 -0.994272 0.000000 -1 57
42.493710 239.531693 4.000000 -0.533747 0.845644 0.000000 -0.299927 -0.953962 -0.000000 1.000000 0.000377 -0.000000 -1 58
457.572662 260.429047 4.000000 0.419904 0.907568 0.000000 -0.974506 -0.224362 0.000000 0.640196 -0.768212 -0.000000 -1 60
198.503540 265.564087 4.000000 -0.110163 0.993914 0.000000 -0.808163 -0.588959 -0.000000 0.935482 -0.353376 -0.000000 -1 63
257.538849 265.497864 4.000000 0.362383 0.932029 0.000000 -0.844975 -0.534806 0.000000 0.634596 -0.772844 -0.000000 -1 64
90.517860 278.574432 4.000000 0.079371 0.996845 0.000000 -0.896536 -0.442970 -0.000000 0.926890 -0.375333 0.000000 -1 68
53.531673 282.486359 4.000000 0.872685 0.488283 0.000000 -0.885329 0.464965 0.000000 0.037343 -0.999303 -0.000000 -1 69
35.731739 284.726837 4.000000 -0.269863 0.962899 0.000000 -0.640372 -0.768065 -0.000000 0.992962 -0.118432 0.000000 -1 71
