522.445251 5.544893 4.000000 -0.673742 0.738967 0.000000 -0.363647 -0.931537 0.000000 0.969038 0.246912 0.000000 -1 1
53.570755 14.530651 4.000000 0.343073 0.939309 0.000000 -0.975009 -0.222165 -0.000000 0.731564 -0.681773 -0.000000 -1 4
272.435913 15.548641 4.000000 -0.663275 0.748376 -0.000000 -0.409161 -0.912462 -0.000000 0.984693 0.174298 0.000000 -1 5
10.546895 36.476151 4.000000 -0.594752 0.803909 0.000000 -0.339024 -0.940778 -0.000000 0.995688 0.092761 0.000000 -1 9
184.497894 40.397659 4.000000 0.415241 0.909712 0.000000 -0.945304 -0.326191 0.000000 0.679787 -0.733410 -0.000000 -1 10
298.428772 41.434032 4.000000 -0.781481 0.623929 0.000000 -0.271068 -0.962560 -0.000000 0.979194 0.202928 0.000000 -1 11
117.282028 48.276955 4.000000 -0.594128 0.804370 0.000000 -0.449480 -0.893290 -0.000000 0.999061 0.043324 0.000000 -1 12
152.730087 51.274784 4.000000 0.718931 0.695082 0.000000 -0.987368 0.158442 0.000000 0.347142 -0.937812 -0.000000 -1 13
193.460098 56.461960 4.000000 -0.575186 0.818023 0.000000 -0.701834 -0.712340 -0.000000 0.992292 -0.123925 -0.000000 -1 15
65.559387 60.487255 4.000000 0.748430 0.663214 0.000000 -0.941463 0.337115 0.000000 0.306417 -0.951897 -0.000000 -1 16
244.486038 83.442139 4.000000 0.630566 0.776136 0.000000 -0.998260 0.058960 0.000000 0.386804 -0.922162 -0.000000 -1 21
492.498322 94.555367 4.000000 0.172371 0.985032 0.000000 -0.961928 -0.273304 -0.000000 0.774943 -0.632031 -0.000000 -1 22
41.421432 97.485924 4.000000 -0.258422 0.966032 0.000000 -0.781937 -0.623357 -0.000000 0.926955 -0.375172 -0.000000 -1 23
201.458435 97.413628 4.000000 -0.595815 0.803122 0.000000 -0.502581 -0.864530 -0.000000 0.999532 -0.030586 0.000000 -1 24
193.482727 116.390701 4.000000 0.538528 0.842608 0.000000 -0.989408 -0.145163 -0.000000 0.548422 -0.836202 -0.000000 -1 28
235.285309 128.726364 4.000000 -0.433499 0.901154 0.000000 -0.655074 -0.755565 -0.000000 0.998658 -0.051798 0.000000 -1 30
14.540312 142.522690 4.000000 0.827530 0.561421 0.000000 -0.894678 0.446712 0.000000 0.001052 -0.999999 -0.000000 -1 33
54.426991 151.483536 4.000000 -0.444738 0.895661 0.000000 -0.630549 -0.776149 0.000000 0.992706 -0.120563 0.000000 -1 35
182.495514 152.454346 4.000000 0.502072 0.864826 0.000000 -0.999995 -0.003275 0.000000 0.503539 -0.863972 -0.000000 -1 36
94.516380 160.417740 4.000000 -0.806515 0.591213 0.000000 -0.104888 -0.994484 -0.000000 0.966136 0.258034 0.000000 -1 37
293.547119 177.508163 4.000000 0.404343 0.914607 0.000000 -0.994657 -0.103238 0.000000 0.589679 -0.807638 -0.000000 -1 40
0.602235 190.444305 4.000000 0.604276 0.796775 0.000000 -0.999428 0.033806 0.000000 0.485030 -0.874498 -0.000000 -1 43
434.581665 196.427780 4.000000 -0.330286 0.943881 0.000000 -0.549955 -0.835194 -0.000000 0.976850 -0.213926 0.000000 -1 45
241.494705 197.427475 4.000000 -0.715270 0.698849 0.000000 -0.462444 -0.886648 -0.000000 0.995872 0.090766 0.000000 -1 46
48.470543 205.470764 4.000000 0.405469 0.914109 0.000000 -0.996971 -0.077772 -0.000000 0.530324 -0.847795 -0.000000 -1 49
126.528046 209.443954 4.000000 -0.224506 0.974473 0.000000 -0.679214 -0.733940 -0.000000 0.953094 -0.302676 0.000000 -1 50
171.538803 221.586548 4.000000 0.827860 0.560935 0.000000 -0.827921 0.560845 0.000000 0.064882 -0.997893 0.000000 -1 51
80.438049 233.541168 4.000000 0.071875 0.997414 0.000000 -0.955892 -0.293719 -0.000000 0.783306 -0.621636 0.000000 -1 56
229.521820 243.502670 4.000000 -0.728213 0.685351 0.000000 -0.250096 -0.968221 -0.000000 0.957278 0.289168 0.000000 -1 58
0.400253 257.542389 4.000000 0.528067 0.849203 0.000000 -0.992342 0.123523 0.000000 0.350249 -0.936657 -0.000000 -1 59
459.445801 260.419250 4.000000 0.342587 0.939486 0.000000 -0.970090 -0.242745 -0.000000 0.563619 -0.826035 -0.000000 -1 60
299.525940 271.429504 4.000000 -0.460050 0.887893 0.000000 -0.468511 -0.883458 -0.000000 0.992473 -0.122468 -0.000000 -1 61
166.419876 296.527832 4.000000 0.706895 0.707319 0.000000 -0.958253 0.285921 0.000000 0.158526 -0.987355 -0.000000 -1 66
