192.496292 8.501807 4.000000 0.095024 0.995475 0.000000 -0.871548 -0.490311 0.000000 0.835649 -0.549264 -0.000000 -1 1
528.429749 8.423260 4.000000 -0.730018 0.683428 0.000000 -0.347624 -0.937634 0.000000 0.984994 0.172589 -0.000000 -1 2
57.554199 10.565187 4.000000 0.907896 0.419195 0.000000 -0.663836 0.747878 0.000000 -0.153190 -0.988197 -0.000000 -1 3
301.561096 30.496950 4.000000 -0.446462 0.894803 0.000000 -0.535136 -0.844766 -0.000000 0.999756 -0.022097 -0.000000 -1 9
39.555557 35.425529 4.000000 0.062252 0.998060 0.000000 -0.825307 -0.564685 -0.000000 0.782003 -0.623274 -0.000000 -1 12
274.437653 40.587078 4.000000 0.966557 0.256453 0.000000 -0.626732 0.779235 0.000000 -0.378157 -0.925742 -0.000000 -1 13
247.497726 47.562626 4.000000 -0.133609 0.991034 0.000000 -0.761518 -0.648144 -0.000000 0.937624 -0.347650 0.000000 -1 14
194.515839 76.579918 4.000000 -0.351798 0.936076 0.000000 -0.582588 -0.812767 -0.000000 0.997601 -0.069230 0.000000 -1 19
46.523720 78.482956 4.000000 -0.055845 0.998439 0.000000 -0.789354 -0.613939 -0.000000 0.845877 -0.533379 -0.000000 -1 20
127.463364 78.413376 4.000000 0.778672 0.627432 0.000000 -0.967554 0.252666 0.000000 0.129116 -0.991629 -0.000000 -1 21
96.485130 80.512108 4.000000 -0.427417 0.904055 0.000000 -0.506882 -0.862016 -0.000000 0.992559 -0.121762 -0.000000 -1 22
232.723114 94.271004 4.000000 0.288962 0.957341 -0.000000 -0.952143 -0.305654 -0.000000 0.734557 -0.678547 -0.000000 -1 23
169.465759 98.494881 4.000000 0.811934 0.583749 0.000000 -0.904291 0.426916 0.000000 0.080475 -0.996757 -0.000000 -1 24
64.445992 112.577438 4.000000 0.818338 0.574738 0.000000 -0.822783 0.568356 0.000000 -0.029734 -0.999558 -0.000000 -1 29
103.493912 112.435143 4.000000 0.743632 0.668589 0.000000 -0.967722 0.252022 0.000000 0.208666 -0.977987 -0.000000 -1 30
234.470978 118.584030 4.000000 0.886739 0.462270 0.000000 -0.797769 0.602963 0.000000 -0.137266 -0.990534 -0.000000 -1 31
276.457611 125.496635 4.000000 0.031883 0.999492 0.000000 -0.884908 -0.465765 -0.000000 0.838554 -0.544819 -0.000000 -1 32
84.721390 136.711639 4.000000 0.066401 0.997793 0.000000 -0.868329 -0.495989 -0.000000 0.900899 -0.434029 -0.000000 -1 33
45.416840 144.535553 4.000000 -0.462665 0.886533 0.000000 -0.619338 -0.785124 -0.000000 0.988613 -0.150479 -0.000000 -1 36
249.538879 151.580383 4.000000 -0.048709 0.998813 0.000000 -0.806971 -0.590591 -0.000000 0.968332 -0.249666 -0.000000 -1 38
1.564816 166.477509 4.000000 0.472940 0.881095 0.000000 -0.996508 -0.083498 -0.000000 0.600200 -0.799850 -0.000000 -1 39
202.463913 172.414658 4.000000 -0.409803 0.912174 0.000000 -0.616279 -0.787528 -0.000000 0.978613 -0.205709 -0.000000 -1 40
149.545151 184.439728 4.000000 -0.496342 0.868127 0.000000 -0.462180 -0.886786 -0.000000 0.998367 -0.057120 -0.000000 -1 42
252.566223 190.539520 4.000000 0.872620 0.488399 0.000000 -0.856261 0.516544 0.000000 -0.003234 -0.999995 -0.000000 -1 44
34.741615 210.277466 4.000000 0.252211 0.967672 0.000000 -0.946986 -0.321275 -0.000000 0.711649 -0.702535 -0.000000 -1 47
116.271904 219.287308 4.000000 0.909530 0.415638 0.000000 -0.844746 0.535168 0.000000 -0.123008 -0.992406 -0.000000 -1 49
131.291031 245.275070 4.000000 -0.793410 0.608687 0.000000 -0.252309 -0.967647 -0.000000 0.957617 0.288046 0.000000 -1 55
229.421265 245.506119 4.000000 0.259802 0.965662 0.000000 -0.977190 -0.212365 -0.000000 0.675227 -0.737610 -0.000000 -1 56
0.549203 248.553101 4.000000 0.478134 0.878287 0.000000 -0.999509 0.031341 0.000000 0.533472 -0.845818 -0.000000 -1 57
457.429779 257.514709 4.000000 0.243743 0.969840 0.000000 -0.985082 -0.172086 0.000000 0.640370 -0.768067 -0.000000 -1 60
195.600296 259.488464 4.000000 0.314207 0.949355 0.000000 -0.907851 -0.419293 0.000000 0.655220 -0.755438 -0.000000 -1 61
39.411915 284.534882 4.000000 -0.195379 0.980728 0.000000 -0.814402 -0.580301 -0.000000 0.887882 -0.460071 -0.000000 -1 65
217.543991 294.483582 4.000000 0.703882 0.710317 0.000000 -0.970257 0.242078 0.000000 0.287163 -0.957882 -0.000000 -1 66
