525.485962 3.482795 4.000000 -0.650927 0.759140 0.000000 -0.351621 -0.936143 0.000000 0.987836 0.155502 0.000000 -1 1
41.436256 24.565083 4.000000 0.896859 0.442316 0.000000 -0.797901 0.602789 0.000000 -0.174067 -0.984734 -0.000000 -1 3
114.585197 45.519962 4.000000 0.409799 0.912176 0.000000 -0.977072 -0.212910 -0.000000 0.689335 -0.724442 -0.000000 -1 7
148.483002 48.444328 4.000000 0.368035 0.929812 0.000000 -0.944619 -0.328168 0.000000 0.826267 -0.563279 -0.000000 -1 9
20.442524 58.415325 4.000000 -0.826889 0.562366 0.000000 -0.303552 -0.952815 -0.000000 0.962414 0.271585 -0.000000 -1 11
77.505745 60.467846 4.000000 0.038720 0.999250 0.000000 -0.872828 -0.488029 -0.000000 0.798395 -0.602134 -0.000000 -1 13
52.481491 87.532997 4.000000 0.194081 0.980986 0.000000 -0.958862 -0.283874 -0.000000 0.764789 -0.644281 -0.000000 -1 16
143.481323 89.416931 4.000000 -0.804677 0.593713 0.000000 -0.170514 -0.985355 -0.000000 0.960565 0.278055 0.000000 -1 17
254.463181 89.487991 4.000000 -0.765152 0.643850 0.000000 -0.239252 -0.970958 -0.000000 0.952448 0.304702 0.000000 -1 18
185.478348 115.481857 4.000000 0.504832 0.863217 0.000000 -0.999776 -0.021151 0.000000 0.463155 -0.886277 -0.000000 -1 20
270.412537 120.570450 4.000000 -0.458035 0.888934 0.000000 -0.600539 -0.799596 -0.000000 0.999506 -0.031438 0.000000 -1 22
54.461620 139.512207 4.000000 -0.249675 0.968330 0.000000 -0.751795 -0.659396 -0.000000 0.954105 -0.299471 0.000000 -1 26
127.447128 140.558655 4.000000 0.244835 0.969565 0.000000 -0.994093 -0.108534 0.000000 0.702806 -0.711381 -0.000000 -1 27
296.487396 146.550552 4.000000 -0.366151 0.930555 0.000000 -0.621938 -0.783067 -0.000000 0.999954 0.009543 -0.000000 -1 30
215.541321 150.419983 4.000000 -0.657070 0.753829 0.000000 -0.295017 -0.955492 -0.000000 0.997723 0.067440 -0.000000 -1 31
172.491531 153.418442 4.000000 0.292860 0.956155 0.000000 -0.984461 -0.175605 0.000000 0.610421 -0.792077 -0.000000 -1 32
36.259346 183.407761 4.000000 -0.411327 0.911488 0.000000 -0.491040 -0.871137 -0.000000 0.967632 -0.252366 -0.000000 -1 36
115.454613 187.532379 4.000000 -0.583923 0.811809 0.000000 -0.378899 -0.925438 -0.000000 0.997189 0.074934 0.000000 -1 37
149.507507 188.525330 4.000000 0.116699 0.993167 0.000000 -0.943732 -0.330711 -0.000000 0.794149 -0.607724 -0.000000 -1 38
12.387477 201.510635 4.000000 0.824520 0.565833 0.000000 -0.835489 0.549507 0.000000 -0.079897 -0.996803 -0.000000 -1 40
430.572174 203.442642 4.000000 -0.200515 0.979691 0.000000 -0.671299 -0.741187 0.000000 0.948820 -0.315818 -0.000000 -1 42
96.461746 223.523575 4.000000 0.001650 0.999999 0.000000 -0.861754 -0.507326 -0.000000 0.892315 -0.451413 0.000000 -1 47
210.551117 235.434174 4.000000 0.345856 0.938288 0.000000 -0.963730 -0.266879 -0.000000 0.683617 -0.729841 -0.000000 -1 49
276.562256 235.424271 4.000000 0.797634 0.603142 0.000000 -0.959062 0.283198 0.000000 0.286176 -0.958177 -0.000000 -1 50
11.587072 252.530579 4.000000 0.780643 0.624977 0.000000 -0.788813 0.614633 0.000000 0.059169 -0.998248 -0.000000 -1 51
62.463436 259.443848 4.000000 0.027736 0.999615 0.000000 -0.884871 -0.465836 0.000000 0.820247 -0.572010 -0.000000 -1 55
456.490051 259.556793 4.000000 0.317717 0.948186 0.000000 -0.994021 -0.109185 -0.000000 0.650236 -0.759732 -0.000000 -1 56
104.635735 271.747650 4.000000 0.718107 0.695933 0.000000 -0.977978 0.208709 0.000000 0.484900 -0.874570 -0.000000 -1 57
128.538406 283.486359 4.000000 -0.148854 0.988859 0.000000 -0.773147 -0.634227 -0.000000 0.942503 -0.334198 -0.000000 -1 59
74.497688 293.435181 4.000000 -0.527393 0.849622 0.000000 -0.462393 -0.886675 0.000000 0.999238 -0.039029 -0.000000 -1 60
