526.552856 6.439588 4.000000 -0.672041 0.740514 0.000000 -0.238108 -0.971239 0.000000 0.989798 0.142476 0.000000 -1 1
157.406281 12.571414 4.000000 0.784474 0.620162 0.000000 -0.885461 0.464714 0.000000 0.035838 -0.999358 -0.000000 -1 2
252.589569 22.432531 4.000000 0.343080 0.939306 0.000000 -0.964042 -0.265751 -0.000000 0.693645 -0.720317 -0.000000 -1 4
89.563881 28.476366 4.000000 -0.203854 0.979001 0.000000 -0.705808 -0.708403 -0.000000 0.940786 -0.339001 0.000000 -1 7
218.511215 36.587257 4.000000 -0.344758 0.938692 0.000000 -0.616416 -0.787421 -0.000000 0.998247 -0.059185 0.000000 -1 9
107.607773 63.536938 4.000000 0.910927 0.412568 0.000000 -0.678083 0.734985 0.000000 -0.122004 -0.992530 -0.000000 -1 13
148.519470 71.443298 4.000000 0.511830 0.859087 0.000000 -0.996248 0.086540 -0.000000 0.407844 -0.913052 -0.000000 -1 14
96.465981 95.566376 4.000000 0.019022 0.999819 0.000000 -0.928687 -0.370863 -0.000000 0.824984 -0.565156 -0.000000 -1 17
275.440338 96.427071 4.000000 0.426143 0.904656 0.000000 -0.988928 -0.148399 0.000000 0.595903 -0.803057 -0.000000 -1 18
177.572113 108.547958 4.000000 -0.329470 0.944166 0.000000 -0.606308 -0.795230 -0.000000 0.998113 -0.061396 -0.000000 -1 20
233.439423 114.489830 4.000000 -0.547681 0.836687 0.000000 -0.490970 -0.871177 -0.000000 0.999931 -0.011715 0.000000 -1 21
169.548172 135.574265 4.000000 0.759806 0.650150 0.000000 -0.910781 0.412891 0.000000 0.194116 -0.980979 -0.000000 -1 26
214.000000 146.000000 4.000000 0.978576 0.205886 0.000000 -0.723408 0.690421 0.000000 -0.660496 -0.750829 -0.000000 -1 28
145.587753 150.556091 4.000000 -0.304235 0.952597 0.000000 -0.605766 -0.795643 -0.000000 0.995183 -0.098033 0.000000 -1 29
263.543762 169.540604 4.000000 0.786230 0.617934 0.000000 -0.943419 0.331603 0.000000 0.067243 -0.997737 -0.000000 -1 30
120.422340 171.536377 4.000000 0.446879 0.894594 0.000000 -0.999991 0.004160 0.000000 0.499550 -0.866285 -0.000000 -1 31
14.411002 184.487350 4.000000 0.907216 0.420665 0.000000 -0.821024 0.570893 0.000000 -0.182200 -0.983262 -0.000000 -1 33
239.509521 213.476395 4.000000 0.791876 0.610681 0.000000 -0.945430 0.325825 0.000000 0.101300 -0.994856 -0.000000 -1 37
149.476868 216.440201 4.000000 -0.032882 0.999459 0.000000 -0.887871 -0.460093 -0.000000 0.816711 -0.577048 -0.000000 -1 38
1.567450 233.562637 4.000000 0.360308 0.932833 0.000000 -0.991408 -0.130805 0.000000 0.671921 -0.740623 -0.000000 -1 41
299.551178 236.534256 4.000000 -0.512074 0.858941 0.000000 -0.416332 -0.909213 -0.000000 0.995761 0.091983 -0.000000 -1 43
112.497314 255.497360 4.000000 0.573227 0.819397 0.000000 -0.995164 0.098227 -0.000000 0.455160 -0.890409 -0.000000 -1 44
455.574524 258.545166 4.000000 0.383752 0.923436 0.000000 -0.984602 -0.174812 -0.000000 0.706316 -0.707897 -0.000000 -1 45
0.526266 279.484070 4.000000 0.181110 0.983463 -0.000000 -0.937849 -0.347045 -0.000000 0.820603 -0.571499 -0.000000 -1 47
302.424774 282.571899 4.000000 -0.494840 0.868984 0.000000 -0.591010 -0.806664 -0.000000 0.999999 -0.001534 0.000000 -1 49
43.498402 289.518005 4.000000 0.653557 0.756877 0.000000 -0.982211 0.187783 0.000000 0.327580 -0.944823 -0.000000 -1 51
