211.572372 3.479478 4.000000 0.858430 0.512931 0.000000 -0.923183 0.384360 0.000000 0.033872 -0.999426 -0.000000 -1 2
520.574829 5.474633 4.000000 -0.655516 0.755181 0.000000 -0.215678 -0.976465 -0.000000 0.984947 0.172859 0.000000 -1 3
274.434021 27.542931 4.000000 0.878454 0.477827 0.000000 -0.802837 0.596198 0.000000 -0.129474 -0.991583 -0.000000 -1 9
96.531952 33.515430 4.000000 -0.618894 0.785475 0.000000 -0.355690 -0.934604 -0.000000 0.987981 0.154575 -0.000000 -1 12
156.561249 37.507523 4.000000 -0.198324 0.980137 0.000000 -0.762916 -0.646497 -0.000000 0.959191 -0.282760 -0.000000 -1 13
51.261883 41.295547 4.000000 -0.224782 0.974409 0.000000 -0.737867 -0.674946 0.000000 0.935687 -0.352832 -0.000000 -1 15
218.523529 43.419819 4.000000 0.919122 0.393973 0.000000 -0.864794 0.502126 0.000000 -0.013169 -0.999913 -0.000000 -1 16
301.432983 44.542847 4.000000 -0.433263 0.901267 0.000000 -0.609975 -0.792420 -0.000000 0.998870 -0.047519 0.000000 -1 17
126.447662 49.547085 4.000000 0.504574 0.863369 0.000000 -0.992999 0.118121 0.000000 0.423081 -0.906092 -0.000000 -1 18
233.462769 58.534176 4.000000 0.090103 0.995932 0.000000 -0.928568 -0.371163 -0.000000 0.821647 -0.569997 -0.000000 -1 21
79.488937 60.431332 4.000000 0.157283 0.987553 0.000000 -0.886599 -0.462539 0.000000 0.854114 -0.520086 -0.000000 -1 22
9.457646 62.517872 4.000000 -0.520152 0.854074 0.000000 -0.515500 -0.856890 -0.000000 0.999978 -0.006692 -0.000000 -1 23
286.718872 72.282089 4.000000 -0.006122 0.999981 0.000000 -0.751185 -0.660092 -0.000000 0.930322 -0.366743 -0.000000 -1 26
78.729301 80.321388 4.000000 0.693196 0.720749 0.000000 -0.986984 0.160818 -0.000000 0.255639 -0.966772 -0.000000 -1 28
160.417633 90.449142 4.000000 -0.550972 0.834524 0.000000 -0.575787 -0.817600 -0.000000 0.997695 -0.067858 0.000000 -1 31
494.571930 91.509293 4.000000 0.248155 0.968720 0.000000 -0.936527 -0.350595 -0.000000 0.796810 -0.604230 -0.000000 -1 32
382.549286 100.548004 4.000000 0.691667 0.722216 0.000000 -0.960279 0.279043 0.000000 0.343043 -0.939320 -0.000000 -1 34
5.586637 117.523369 4.000000 -0.560647 0.828055 0.000000 -0.323938 -0.946078 -0.000000 0.986517 0.163658 0.000000 -1 36
166.637177 128.757019 4.000000 -0.272883 0.962047 0.000000 -0.842853 -0.538144 -0.000000 0.969306 -0.245858 0.000000 -1 39
239.445694 128.423233 4.000000 -0.209464 0.977816 0.000000 -0.694130 -0.719850 -0.000000 0.925929 -0.377698 -0.000000 -1 40
34.394680 156.533127 4.000000 0.105092 0.994462 0.000000 -0.930967 -0.365103 -0.000000 0.688752 -0.724997 -0.000000 -1 44
113.553795 173.574432 4.000000 0.927123 0.374757 0.000000 -0.712734 0.701435 0.000000 -0.146526 -0.989207 -0.000000 -1 46
57.546761 178.488647 4.000000 -0.520576 0.853815 0.000000 -0.382620 -0.923906 -0.000000 0.998223 0.059585 0.000000 -1 48
186.412109 180.429581 4.000000 0.912573 0.408914 0.000000 -0.852604 0.522558 0.000000 -0.186741 -0.982409 -0.000000 -1 50
88.737732 182.717239 4.000000 0.292813 0.956170 0.000000 -0.977708 -0.209972 -0.000000 0.743478 -0.668760 -0.000000 -1 51
2.509799 189.581863 4.000000 0.499256 0.866454 0.000000 -0.996508 0.083494 0.000000 0.502294 -0.864697 -0.000000 -1 52
437.418549 195.560760 4.000000 -0.468424 0.883504 0.000000 -0.643494 -0.765451 0.000000 0.998057 -0.062303 -0.000000 -1 55
45.499199 208.493942 4.000000 -0.110611 0.993864 0.000000 -0.802363 -0.596837 -0.000000 0.908842 -0.417140 -0.000000 -1 58
204.443665 210.587555 4.000000 -0.113669 0.993519 0.000000 -0.844309 -0.535857 0.000000 0.928676 -0.370893 -0.000000 -1 59
132.515015 219.512360 4.000000 -0.533893 0.845552 0.000000 -0.485930 -0.873998 -0.000000 0.999823 0.018806 0.000000 -1 60
248.494598 225.431549 4.000000 0.239492 0.970898 0.000000 -0.934524 -0.355901 0.000000 0.698778 -0.715339 -0.000000 -1 61
102.465668 235.464294 4.000000 0.529134 0.848539 0.000000 -0.996867 0.079093 0.000000 0.426096 -0.904678 -0.000000 -1 66
184.495956 249.451584 4.000000 -0.302602 0.953117 0.000000 -0.632494 -0.774566 -0.000000 0.994451 -0.105200 0.000000 -1 69
112.408615 257.501801 4.000000 -0.366679 0.930348 0.000000 -0.672651 -0.739960 -0.000000 0.974387 -0.224878 -0.000000 -1 71
55.424332 258.511780 4.000000 0.734469 0.678642 0.000000 -0.940761 0.339071 -0.000000 0.111289 -0.993788 -0.000000 -1 72
460.546692 259.529694 4.000000 0.388836 0.921307 0.000000 -0.990305 -0.138910 -0.000000 0.661139 -0.750263 -0.000000 -1 73
223.491287 260.517639 4.000000 0.575881 0.817534 0.000000 -0.979400 0.201931 -0.000000 0.352793 -0.935701 -0.000000 -1 74
161.539673 271.457886 4.000000 0.397203 0.917731 0.000000 -0.973258 -0.229713 -0.000000 0.726355 -0.687319 -0.000000 -1 77
253.475174 274.446930 4.000000 0.112451 0.993657 0.000000 -0.904891 -0.425643 -0.000000 0.783093 -0.621904 -0.000000 -1 79
21.578470 286.493927 4.000000 -0.214999 0.976614 0.000000 -0.678704 -0.734412 -0.000000 0.970005 -0.243083 -0.000000 -1 81
171.499954 297.551178 4.000000 -0.624624 0.780926 0.000000 -0.382315 -0.924032 0.000000 0.977193 0.212355 0.000000 -1 83
64.589752 298.513519 4.000000 0.000778 1.000000 0.000000 -0.702738 -0.711449 -0.000000 0.840893 -0.541202 -0.000000 -1 84
