526.513855 5.527810 4.000000 -0.655933 0.754819 0.000000 -0.298440 -0.954428 -0.000000 0.971674 0.236324 0.000000 -1 1
158.416443 16.508270 4.000000 0.612389 0.790556 0.000000 -0.985479 0.169796 -0.000000 0.267368 -0.963594 -0.000000 -1 6
299.593597 16.499968 4.000000 -0.465333 0.885136 0.000000 -0.444776 -0.895642 -0.000000 0.999900 0.014114 0.000000 -1 7
252.435501 24.423485 4.000000 0.126241 0.992000 0.000000 -0.915852 -0.401517 -0.000000 0.769636 -0.638482 -0.000000 -1 8
98.552414 27.487637 4.000000 -0.711443 0.702743 0.000000 -0.159978 -0.987121 -0.000000 0.960252 0.279135 0.000000 -1 10
214.302582 40.271244 4.000000 -0.473345 0.880877 0.000000 -0.558135 -0.829750 -0.000000 0.993504 -0.113802 -0.000000 -1 11
92.490883 57.503025 4.000000 0.234930 0.972012 0.000000 -0.961849 -0.273582 0.000000 0.689875 -0.723928 -0.000000 -1 14
597.514038 69.426170 4.000000 -0.870935 0.491398 0.000000 0.197364 -0.980330 -0.000000 0.981899 0.189407 0.000000 -1 17
262.577850 75.513962 4.000000 0.320727 0.947172 0.000000 -0.955793 -0.294039 -0.000000 0.700557 -0.713597 0.000000 -1 20
41.559982 87.479568 4.000000 -0.688552 0.725187 0.000000 -0.232319 -0.972640 0.000000 0.973413 0.229058 -0.000000 -1 22
7.483112 104.458206 4.000000 -0.530396 0.847750 0.000000 -0.436779 -0.899569 0.000000 0.998223 0.059583 0.000000 -1 25
181.466614 106.464294 4.000000 -0.316795 0.948494 0.000000 -0.667893 -0.744257 -0.000000 0.952950 -0.303128 -0.000000 -1 26
291.460632 124.543030 4.000000 0.407811 0.913066 0.000000 -0.998957 0.045651 -0.000000 0.492497 -0.870314 -0.000000 -1 29
267.438293 128.521988 4.000000 -0.347993 0.937497 -0.000000 -0.665903 -0.746038 -0.000000 0.979093 -0.203413 -0.000000 -1 30
97.575951 130.450653 4.000000 0.872029 0.489454 0.000000 -0.878045 0.478579 0.000000 0.112526 -0.993649 -0.000000 -1 31
131.573517 144.470947 4.000000 0.763896 0.645339 0.000000 -0.916122 0.400899 0.000000 0.200673 -0.979658 0.000000 -1 33
143.561325 156.514786 4.000000 -0.304774 0.952425 0.000000 -0.585102 -0.810960 0.000000 0.981342 -0.192272 -0.000000 -1 35
75.548988 173.451065 4.000000 -0.239537 0.970887 0.000000 -0.699687 -0.714450 -0.000000 0.948115 -0.317928 -0.000000 -1 37
126.544594 188.430344 4.000000 -0.646827 0.762637 0.000000 -0.248099 -0.968735 0.000000 0.992753 0.120175 0.000000 -1 41
183.526413 189.558380 4.000000 0.200332 0.979728 0.000000 -0.959754 -0.280842 -0.000000 0.759494 -0.650514 -0.000000 -1 42
14.544136 193.546524 4.000000 -0.593376 0.804925 0.000000 -0.417703 -0.908584 -0.000000 0.993204 0.116383 -0.000000 -1 43
241.318024 193.269669 4.000000 -0.021954 0.999759 0.000000 -0.861227 -0.508221 -0.000000 0.837009 -0.547190 -0.000000 -1 44
181.443527 233.473114 4.000000 -0.228040 0.973652 0.000000 -0.754401 -0.656413 -0.000000 0.934670 -0.355518 -0.000000 -1 48
600.736633 237.304092 4.000000 0.568437 0.822726 0.000000 -0.997948 -0.064022 -0.000000 0.453842 -0.891082 -0.000000 -1 49
297.467377 237.542099 4.000000 -0.590613 0.806955 0.000000 -0.438207 -0.898874 0.000000 0.992940 0.118614 -0.000000 -1 51
110.573410 251.536179 4.000000 0.492213 0.870475 0.000000 -0.998394 -0.056654 0.000000 0.603594 -0.797292 -0.000000 -1 53
455.571625 259.444794 4.000000 0.390655 0.920537 0.000000 -0.969262 -0.246029 -0.000000 0.670741 -0.741692 -0.000000 -1 55
37.529140 262.571503 4.000000 0.842970 0.537961 0.000000 -0.832568 0.553923 0.000000 0.006407 -0.999979 -0.000000 -1 56
599.588135 274.575348 4.000000 0.317262 0.948338 0.000000 -0.970980 -0.239159 -0.000000 0.769307 -0.638879 -0.000000 -1 58
160.277100 283.721375 4.000000 -0.275316 0.961354 0.000000 -0.769443 -0.638716 -0.000000 0.971665 -0.236362 -0.000000 -1 59
52.587990 296.547638 4.000000 -0.337322 0.941389 0.000000 -0.548166 -0.836369 -0.000000 0.999746 -0.022520 0.000000 -1 61
