526.560486 6.541795 4.000000 -0.628057 0.778167 0.000000 -0.268171 -0.963371 -0.000000 0.971745 0.236033 0.000000 -1 1
216.279373 31.281370 4.000000 0.235998 0.971754 0.000000 -0.953586 -0.301120 -0.000000 0.650626 -0.759399 -0.000000 -1 6
176.468323 39.595211 4.000000 -0.624187 0.781275 0.000000 -0.470951 -0.882159 -0.000000 0.975697 0.219126 0.000000 -1 7
98.560249 46.491688 4.000000 0.768712 0.639595 0.000000 -0.963879 0.266341 0.000000 0.368006 -0.929824 -0.000000 -1 8
56.271637 53.287659 4.000000 0.633097 0.774072 0.000000 -0.990695 0.136101 0.000000 0.312742 -0.949838 -0.000000 -1 10
241.424210 63.453320 4.000000 -0.737362 0.675498 0.000000 -0.343083 -0.939305 -0.000000 0.972027 0.234868 0.000000 -1 13
61.324833 67.755760 4.000000 0.988433 0.151659 -0.000000 -0.696730 0.717334 0.000000 -0.620218 -0.784430 0.000000 -1 15
147.557144 80.451721 4.000000 0.803047 0.595916 0.000000 -0.925281 0.379282 0.000000 0.135338 -0.990799 -0.000000 -1 17
216.416962 87.417740 4.000000 0.201906 0.979405 0.000000 -0.936645 -0.350281 0.000000 0.702789 -0.711398 -0.000000 -1 18
90.473900 96.543427 4.000000 0.124459 0.992225 0.000000 -0.944993 -0.327091 -0.000000 0.773089 -0.634298 -0.000000 -1 21
280.566162 105.539757 4.000000 0.307918 0.951413 0.000000 -0.974090 -0.226163 0.000000 0.715558 -0.698553 -0.000000 -1 22
180.735565 112.314377 4.000000 -0.095853 0.995395 0.000000 -0.766176 -0.642631 -0.000000 0.923301 -0.384078 -0.000000 -1 25
120.433929 120.494057 4.000000 -0.045491 0.998965 0.000000 -0.950747 -0.309968 -0.000000 0.815489 -0.578773 0.000000 -1 26
13.518990 127.426590 4.000000 -0.676734 0.736228 0.000000 -0.290999 -0.956723 -0.000000 0.992560 0.121754 0.000000 -1 27
84.415474 141.528839 4.000000 -0.674634 0.738153 0.000000 -0.426116 -0.904669 -0.000000 0.976189 0.216920 0.000000 -1 29
14.269857 181.294632 4.000000 -0.770228 0.637769 0.000000 -0.243269 -0.969959 -0.000000 0.953523 0.301319 0.000000 -1 32
220.472549 197.505142 4.000000 -0.759705 0.650268 0.000000 -0.264990 -0.964251 -0.000000 0.953684 0.300810 0.000000 -1 34
116.560684 206.483780 4.000000 -0.224316 0.974516 0.000000 -0.660410 -0.750905 -0.000000 0.970008 -0.243074 -0.000000 -1 36
242.535538 211.512054 4.000000 0.372561 0.928008 0.000000 -0.986731 -0.162365 -0.000000 0.660909 -0.750466 -0.000000 -1 37
103.693741 226.267548 4.000000 0.765523 0.643409 0.000000 -0.979594 0.200986 0.000000 0.222811 -0.974862 -0.000000 -1 40
3.503244 233.456131 4.000000 0.376711 0.926331 0.000000 -0.981658 -0.190652 0.000000 0.626082 -0.779757 -0.000000 -1 44
173.741333 244.299454 4.000000 -0.498865 0.866680 0.000000 -0.369880 -0.929080 -0.000000 0.999477 0.032333 0.000000 -1 48
112.418037 250.507751 4.000000 -0.319000 0.947755 0.000000 -0.747939 -0.663767 -0.000000 0.969084 -0.246732 -0.000000 -1 49
47.434322 254.502518 4.000000 0.016026 0.999872 0.000000 -0.901728 -0.432304 -0.000000 0.836281 -0.548300 -0.000000 -1 50
209.691040 255.268463 4.000000 0.588790 0.808286 0.000000 -0.999596 -0.028422 -0.000000 0.477584 -0.878586 -0.000000 -1 52
455.578674 258.463867 4.000000 0.396898 0.917863 0.000000 -0.972570 -0.232611 -0.000000 0.685264 -0.728295 -0.000000 -1 54
255.426285 263.512360 4.000000 -0.281282 0.959625 0.000000 -0.774640 -0.632402 -0.000000 0.959632 -0.281258 -0.000000 -1 55
591.517944 266.427521 4.000000 -0.036340 0.999339 0.000000 -0.801558 -0.597917 -0.000000 0.888823 -0.458251 0.000000 -1 56
300.489777 272.513000 4.000000 0.939482 0.342597 -0.000000 -0.774967 0.632002 0.000000 -0.198043 -0.980193 0.000000 -1 57
163.484558 286.521637 4.000000 -0.231325 0.972876 0.000000 -0.765139 -0.643865 -0.000000 0.959692 -0.281053 -0.000000 -1 60
83.510788 292.422333 4.000000 0.674324 0.738436 0.000000 -0.996070 0.088566 0.000000 0.235235 -0.971938 -0.000000 -1 61
