193.296738 5.271877 4.000000 -0.437410 0.899262 0.000000 -0.611373 -0.791343 0.000000 0.978450 -0.206484 -0.000000 -1 2
527.574707 7.519279 4.000000 -0.633611 0.773652 0.000000 -0.238962 -0.971029 0.000000 0.977285 0.211929 0.000000 -1 3
8.460518 22.550774 4.000000 0.948227 0.317594 0.000000 -0.666454 0.745546 0.000000 -0.281456 -0.959574 -0.000000 -1 4
78.404373 22.504177 4.000000 0.031813 0.999494 0.000000 -0.920846 -0.389927 -0.000000 0.789975 -0.613140 -0.000000 -1 5
158.561783 24.569666 4.000000 0.642936 0.765920 0.000000 -0.996975 0.077718 0.000000 0.610771 -0.791808 -0.000000 -1 7
230.558884 31.413231 4.000000 0.243023 0.970021 0.000000 -0.912734 -0.408555 -0.000000 0.771526 -0.636197 -0.000000 -1 10
180.578964 44.513691 4.000000 -0.503326 0.864097 0.000000 -0.468498 -0.883465 -0.000000 0.999039 0.043836 0.000000 -1 12
130.459763 45.446815 4.000000 -0.234181 0.972193 0.000000 -0.758242 -0.651973 -0.000000 0.942201 -0.335048 -0.000000 -1 13
14.451868 79.514336 4.000000 0.889888 0.456179 0.000000 -0.823421 0.567431 0.000000 -0.111324 -0.993784 -0.000000 -1 19
126.434219 82.544258 4.000000 0.649880 0.760037 0.000000 -0.973704 0.227815 -0.000000 0.266679 -0.963785 -0.000000 -1 20
200.394806 84.430519 4.000000 0.016205 0.999869 0.000000 -0.842153 -0.539239 0.000000 0.755943 -0.654638 -0.000000 -1 21
235.587463 95.592575 4.000000 0.192610 0.981275 0.000000 -0.904975 -0.425465 -0.000000 0.881060 -0.473005 -0.000000 -1 22
97.437233 106.417694 4.000000 0.118777 0.992921 0.000000 -0.893542 -0.448979 -0.000000 0.762814 -0.646618 -0.000000 -1 24
159.591125 118.565414 4.000000 0.052068 0.998644 0.000000 -0.849557 -0.527496 -0.000000 0.933047 -0.359755 -0.000000 -1 26
37.410362 119.455818 4.000000 -0.032533 0.999471 0.000000 -0.855943 -0.517070 -0.000000 0.820183 -0.572101 -0.000000 -1 27
270.479645 126.583611 4.000000 0.920909 0.389778 0.000000 -0.721346 0.692574 0.000000 -0.254524 -0.967066 -0.000000 -1 31
87.558350 136.558411 4.000000 0.343316 0.939220 0.000000 -0.967883 -0.251403 -0.000000 0.770680 -0.637223 -0.000000 -1 32
197.421310 165.511414 4.000000 0.955051 0.296441 0.000000 -0.286422 0.958104 0.000000 -0.494827 -0.868991 -0.000000 -1 35
273.420746 166.564072 4.000000 0.846938 0.531692 0.000000 -0.806343 0.591448 0.000000 -0.039814 -0.999207 0.000000 -1 36
1.463675 169.490921 4.000000 0.374643 0.927169 0.000000 -0.992414 -0.122945 0.000000 0.573656 -0.819097 -0.000000 -1 37
150.545502 185.497528 4.000000 -0.591376 0.806396 0.000000 -0.355502 -0.934675 -0.000000 0.992051 0.125836 0.000000 -1 41
245.482986 186.502487 4.000000 0.549320 0.835612 0.000000 -0.996505 0.083534 0.000000 0.411918 -0.911221 -0.000000 -1 42
299.580383 198.476364 4.000000 -0.420075 0.907489 0.000000 -0.480963 -0.876741 -0.000000 0.998746 -0.050061 -0.000000 -1 44
100.418411 201.494720 4.000000 -0.422688 0.906275 0.000000 -0.686674 -0.726965 0.000000 0.987476 -0.157767 -0.000000 -1 46
28.413727 210.561478 4.000000 0.282860 0.959161 0.000000 -0.991328 -0.131412 -0.000000 0.668884 -0.743367 -0.000000 -1 47
128.507584 222.475418 4.000000 0.225614 0.974217 0.000000 -0.945491 -0.325648 0.000000 0.730247 -0.683183 -0.000000 -1 48
195.514282 235.402847 4.000000 -0.381865 0.924218 0.000000 -0.714164 -0.699979 -0.000000 0.948508 -0.316752 -0.000000 -1 55
226.578415 242.462433 4.000000 0.874320 0.485349 0.000000 -0.897891 0.440218 0.000000 0.154551 -0.987985 -0.000000 -1 57
135.554016 246.580307 4.000000 -0.455720 0.890123 0.000000 -0.562606 -0.826725 -0.000000 0.999709 0.024111 0.000000 -1 58
600.473145 248.573837 4.000000 0.361080 0.932535 0.000000 -0.999176 0.040578 0.000000 0.546541 -0.837432 -0.000000 -1 59
456.569305 257.568359 4.000000 0.361246 0.932471 0.000000 -0.986193 -0.165600 0.000000 0.717543 -0.696515 -0.000000 -1 60
297.435791 258.550110 4.000000 -0.577264 0.816557 0.000000 -0.453655 -0.891177 -0.000000 0.998775 0.049489 0.000000 -1 61
175.471191 262.588715 4.000000 0.714720 0.699411 0.000000 -0.923566 0.383438 0.000000 0.205462 -0.978665 -0.000000 -1 64
264.494965 281.430145 4.000000 0.853278 0.521456 0.000000 -0.933874 0.357601 0.000000 0.107074 -0.994251 -0.000000 -1 67
