47.423973 300.427948 4.000000 -0.192459 0.981305 0.000000 -0.742961 -0.669335 0.000000 0.889773 -0.456403 -0.000000 -1 1
527.416870 7.426809 4.000000 -0.728934 0.684584 0.000000 -0.373142 -0.927774 0.000000 0.985336 0.170628 0.000000 -1 3
212.523651 32.464363 4.000000 0.332461 0.943117 0.000000 -0.976505 -0.215495 -0.000000 0.634956 -0.772548 -0.000000 -1 6
142.539352 34.565041 4.000000 0.947239 0.320529 0.000000 -0.700568 0.713586 0.000000 -0.251620 -0.967826 -0.000000 -1 7
283.428284 52.456398 4.000000 -0.029555 0.999563 0.000000 -0.853480 -0.521125 -0.000000 0.890540 -0.454905 -0.000000 -1 9
246.445587 64.439888 4.000000 -0.704369 0.709834 0.000000 -0.498004 -0.867175 -0.000000 0.995014 0.099738 0.000000 -1 12
91.532707 101.420074 4.000000 -0.183821 0.982960 0.000000 -0.749067 -0.662494 -0.000000 0.910420 -0.413686 -0.000000 -1 13
181.483612 114.424110 4.000000 0.089771 0.995962 0.000000 -0.880700 -0.473675 0.000000 0.780575 -0.625062 -0.000000 -1 14
117.540710 122.470367 4.000000 0.265668 0.964065 0.000000 -0.955847 -0.293866 -0.000000 0.711377 -0.702811 -0.000000 -1 15
11.446722 123.568329 4.000000 0.947060 0.321058 0.000000 -0.688759 0.724991 0.000000 -0.290358 -0.956918 -0.000000 -1 16
264.511017 139.451431 4.000000 0.909703 0.415258 0.000000 -0.878233 0.478233 0.000000 0.117972 -0.993017 -0.000000 -1 19
166.587479 167.460526 4.000000 -0.713208 0.700953 0.000000 -0.117944 -0.993020 -0.000000 0.943623 0.331021 0.000000 -1 25
14.487218 179.452927 4.000000 -0.640415 0.768029 0.000000 -0.360515 -0.932753 -0.000000 0.994959 0.100281 0.000000 -1 27
218.288879 196.272812 4.000000 -0.831037 0.556217 0.000000 -0.158686 -0.987329 -0.000000 0.936215 0.351428 0.000000 -1 29
191.489273 199.415070 4.000000 -0.198811 0.980038 0.000000 -0.734019 -0.679129 -0.000000 0.902984 -0.429674 -0.000000 -1 30
114.487968 204.533066 4.000000 -0.555163 0.831741 0.000000 -0.445850 -0.895108 -0.000000 0.981080 0.193605 0.000000 -1 31
244.725357 208.693634 4.000000 0.391476 0.920188 0.000000 -0.988126 -0.153647 0.000000 0.691952 -0.721943 -0.000000 -1 32
161.568909 221.435913 4.000000 0.375545 0.926804 0.000000 -0.987241 -0.159232 0.000000 0.652470 -0.757815 0.000000 -1 36
107.424789 227.432205 4.000000 0.871666 0.490100 0.000000 -0.936791 0.349889 0.000000 -0.077021 -0.997029 -0.000000 -1 38
1.713489 232.725037 4.000000 0.306711 0.951803 0.000000 -0.984370 -0.176115 -0.000000 0.772065 -0.635543 -0.000000 -1 40
172.472656 247.524704 4.000000 -0.248294 0.968685 0.000000 -0.713856 -0.700293 -0.000000 0.957234 -0.289316 0.000000 -1 43
44.722862 248.712830 4.000000 0.334064 0.942550 0.000000 -0.983804 -0.179250 -0.000000 0.738409 -0.674353 -0.000000 -1 44
208.496384 251.468613 4.000000 0.421794 0.906692 0.000000 -0.990076 -0.140534 0.000000 0.562065 -0.827093 -0.000000 -1 47
128.464844 253.445877 4.000000 -0.536396 0.843967 0.000000 -0.502547 -0.864550 -0.000000 0.985431 -0.170074 0.000000 -1 48
456.427277 258.451294 4.000000 0.275661 0.961255 0.000000 -0.973425 -0.229005 -0.000000 0.607701 -0.794166 -0.000000 -1 49
85.518425 265.399048 4.000000 0.369222 0.929341 0.000000 -0.958912 -0.283702 -0.000000 0.686553 -0.727080 -0.000000 -1 50
300.501648 270.517120 4.000000 -0.595046 0.803692 0.000000 -0.375242 -0.926927 -0.000000 0.983137 0.182872 -0.000000 -1 51
287.269348 290.732635 4.000000 0.012227 0.999925 0.000000 -0.933272 -0.359171 0.000000 0.840545 -0.541742 -0.000000 -1 56
84.443924 293.439453 4.000000 0.433106 0.901343 0.000000 -0.989026 -0.147743 -0.000000 0.477028 -0.878888 -0.000000 -1 58
