527.543945 7.554605 4.000000 -0.629578 0.776937 0.000000 -0.287103 -0.957900 -0.000000 0.966361 0.257189 0.000000 -1 1
267.519989 22.436522 4.000000 0.781420 0.624005 0.000000 -0.925262 0.379328 0.000000 0.130168 -0.991492 0.000000 -1 3
175.602432 32.517967 4.000000 -0.669402 0.742901 0.000000 -0.093640 -0.995606 -0.000000 0.947521 0.319693 0.000000 -1 6
137.436478 46.474396 4.000000 0.929592 0.368589 0.000000 -0.794140 0.607735 0.000000 -0.216264 -0.976335 -0.000000 -1 8
125.419067 85.456635 4.000000 0.188293 0.982113 0.000000 -0.961521 -0.274732 -0.000000 0.686074 -0.727531 -0.000000 -1 11
232.720200 95.713020 4.000000 0.086624 0.996241 0.000000 -0.899065 -0.437815 -0.000000 0.865165 -0.501487 -0.000000 -1 12
90.552483 103.426582 4.000000 -0.422330 0.906442 0.000000 -0.515626 -0.856814 0.000000 0.989123 -0.147088 -0.000000 -1 13
182.555328 113.467476 4.000000 0.751863 0.659320 0.000000 -0.976501 0.215513 0.000000 0.285263 -0.958449 -0.000000 -1 14
58.278156 131.268311 4.000000 0.665719 0.746202 0.000000 -0.988231 0.152972 0.000000 0.273194 -0.961959 -0.000000 -1 18
230.472397 136.436081 4.000000 -0.483564 0.875309 0.000000 -0.574563 -0.818460 0.000000 0.976809 -0.214112 -0.000000 -1 19
262.535004 141.447571 4.000000 0.635334 0.772238 0.000000 -0.992495 0.122289 0.000000 0.380326 -0.924852 -0.000000 -1 21
159.700638 147.694870 4.000000 0.166202 0.986092 0.000000 -0.999277 -0.038011 -0.000000 0.752558 -0.658526 0.000000 -1 24
274.586273 169.450760 4.000000 -0.218308 0.975880 0.000000 -0.648713 -0.761033 -0.000000 0.967836 -0.251582 -0.000000 -1 28
85.490036 173.494186 4.000000 0.608386 0.793641 0.000000 -0.991584 0.129468 0.000000 0.376021 -0.926611 -0.000000 -1 29
225.553055 176.408813 4.000000 -0.496605 0.867977 0.000000 -0.581473 -0.813566 -0.000000 0.993212 -0.116314 0.000000 -1 30
266.538910 187.495132 4.000000 0.883309 0.468790 0.000000 -0.851848 0.523789 0.000000 0.037754 -0.999287 -0.000000 -1 33
154.697067 188.709229 4.000000 0.970392 0.241537 0.000000 -0.698502 0.715608 0.000000 -0.086715 -0.996233 -0.000000 -1 34
300.546661 192.543747 4.000000 -0.210614 0.977569 0.000000 -0.652682 -0.757632 -0.000000 0.996158 -0.087570 -0.000000 -1 36
108.533241 196.572433 4.000000 -0.000669 1.000000 0.000000 -0.911417 -0.411485 -0.000000 0.877489 -0.479597 -0.000000 -1 37
10.514143 207.482437 4.000000 0.347409 0.937714 0.000000 -0.969106 -0.246645 0.000000 0.652245 -0.758009 -0.000000 -1 40
252.543945 208.513855 4.000000 -0.001899 0.999998 0.000000 -0.841133 -0.540828 -0.000000 0.890368 -0.455242 -0.000000 -1 41
158.586029 214.520523 4.000000 0.525674 0.850686 0.000000 -0.998901 0.046863 0.000000 0.536553 -0.843867 -0.000000 -1 43
103.319817 220.278809 4.000000 -0.839432 0.543464 -0.000000 -0.038785 -0.999248 -0.000000 0.936299 0.351204 0.000000 -1 44
134.446396 232.503174 4.000000 0.014130 0.999900 0.000000 -0.802692 -0.596393 -0.000000 0.704711 -0.709495 -0.000000 -1 48
39.473988 236.586990 4.000000 -0.598343 0.801240 0.000000 -0.325669 -0.945484 -0.000000 0.968313 0.249739 0.000000 -1 50
231.592789 240.510376 4.000000 0.944059 0.329775 0.000000 -0.412900 0.910776 0.000000 -0.283305 -0.959030 -0.000000 -1 53
67.471901 257.439087 4.000000 -0.610719 0.791847 0.000000 -0.336705 -0.941610 -0.000000 0.998349 0.057432 0.000000 -1 57
456.497894 258.433228 4.000000 0.333965 0.942585 0.000000 -0.962971 -0.269606 -0.000000 0.629740 -0.776806 -0.000000 -1 58
210.546631 261.472656 4.000000 0.274796 0.961503 0.000000 -0.959772 -0.280782 -0.000000 0.661874 -0.749615 0.000000 -1 59
171.509232 269.529938 4.000000 -0.638756 0.769409 0.000000 -0.082504 -0.996591 -0.000000 0.994121 0.108277 -0.000000 -1 60
142.445328 274.434875 4.000000 0.459614 0.888119 0.000000 -0.998039 -0.062597 0.000000 0.458633 -0.888626 -0.000000 -1 62
263.478577 281.526276 4.000000 0.920343 0.391113 0.000000 -0.780002 0.625777 0.000000 -0.102102 -0.994774 -0.000000 -1 65
232.497757 285.524994 4.000000 0.349669 0.936873 0.000000 -0.997097 -0.076144 0.000000 0.609623 -0.792691 -0.000000 -1 66
296.458038 285.562500 4.000000 -0.214141 0.976803 0.000000 -0.823278 -0.567639 -0.000000 0.963485 -0.267761 -0.000000 -1 67
158.558334 291.436035 4.000000 -0.323581 0.946200 0.000000 -0.553092 -0.833120 0.000000 0.958662 -0.284548 -0.000000 -1 68
50.585423 299.486328 4.000000 -0.615042 0.788494 0.000000 -0.265207 -0.964192 -0.000000 0.990190 0.139730 0.000000 -1 71
