226.499313 0.537230 4.000000 0.936882 0.349647 0.000000 -0.720045 0.693928 0.000000 -0.204938 -0.978775 -0.000000 -1 1
90.273331 3.713217 4.000000 0.917035 0.398806 0.000000 -0.721635 0.692274 0.000000 -0.242523 -0.970146 -0.000000 -1 2
522.529785 5.555102 4.000000 -0.623904 0.781501 0.000000 -0.311067 -0.950388 -0.000000 0.969036 0.246921 0.000000 -1 3
197.563507 8.452807 4.000000 0.157290 0.987552 0.000000 -0.903394 -0.428811 -0.000000 0.784173 -0.620543 -0.000000 -1 4
267.513641 21.421991 4.000000 0.813381 0.581732 0.000000 -0.953626 0.300995 0.000000 0.152031 -0.988376 -0.000000 -1 6
301.571014 39.541534 4.000000 -0.339755 0.940514 0.000000 -0.534476 -0.845184 -0.000000 0.999327 -0.036688 0.000000 -1 8
214.712250 43.328346 4.000000 0.448450 0.893808 0.000000 -0.980986 -0.194080 0.000000 0.475810 -0.879548 -0.000000 -1 10
119.264450 50.319439 4.000000 0.918719 0.394913 0.000000 -0.798652 0.601793 0.000000 -0.155016 -0.987912 -0.000000 -1 13
276.605743 59.494129 4.000000 -0.431194 0.902259 0.000000 -0.292585 -0.956240 -0.000000 0.960938 0.276765 0.000000 -1 16
151.420837 78.536720 4.000000 -0.108575 0.994088 0.000000 -0.892412 -0.451222 0.000000 0.874370 -0.485259 -0.000000 -1 18
18.432076 88.514206 4.000000 0.810557 0.585659 0.000000 -0.940353 0.340199 0.000000 -0.065504 -0.997852 -0.000000 -1 19
198.544769 94.567955 4.000000 0.907435 0.420193 0.000000 -0.729806 0.683654 0.000000 -0.135396 -0.990791 -0.000000 -1 20
491.536469 96.541389 4.000000 0.220928 0.975290 0.000000 -0.956689 -0.291112 -0.000000 0.776602 -0.629992 -0.000000 -1 21
87.446953 101.499413 4.000000 0.851664 0.524089 0.000000 -0.909904 0.414818 0.000000 -0.041867 -0.999123 -0.000000 -1 23
256.560852 118.553520 4.000000 0.279739 0.960076 0.000000 -0.948756 -0.316011 -0.000000 0.784098 -0.620637 -0.000000 -1 26
129.521698 136.467743 4.000000 -0.657390 0.753551 0.000000 -0.235572 -0.971857 -0.000000 0.976393 0.216002 0.000000 -1 29
45.430199 137.540939 4.000000 -0.098622 0.995125 0.000000 -0.875545 -0.483136 -0.000000 0.912671 -0.408695 -0.000000 -1 30
95.438377 156.574020 4.000000 0.839484 0.543384 0.000000 -0.837327 0.546703 0.000000 -0.071923 -0.997410 -0.000000 -1 33
279.300079 158.259430 4.000000 0.849156 0.528143 0.000000 -0.930923 0.365216 0.000000 0.037787 -0.999286 -0.000000 -1 34
51.549793 193.471161 4.000000 -0.047185 0.998886 0.000000 -0.854915 -0.518769 -0.000000 0.911610 -0.411055 0.000000 -1 36
434.438660 196.503784 4.000000 -0.399149 0.916886 0.000000 -0.672514 -0.740085 -0.000000 0.984153 -0.177319 -0.000000 -1 37
128.586716 209.533981 4.000000 -0.244668 0.969607 0.000000 -0.644884 -0.764281 -0.000000 0.992594 -0.121480 0.000000 -1 40
82.421158 227.532837 4.000000 -0.352945 0.935644 0.000000 -0.707984 -0.706229 -0.000000 0.982096 -0.188383 -0.000000 -1 44
180.451340 235.490494 4.000000 0.900310 0.435250 0.000000 -0.834388 0.551178 0.000000 -0.129818 -0.991538 -0.000000 -1 45
122.538124 243.410248 4.000000 0.628804 0.777564 0.000000 -0.999914 0.013142 0.000000 0.386792 -0.922167 -0.000000 -1 47
164.684921 249.280197 4.000000 0.204653 0.978835 0.000000 -0.919043 -0.394157 -0.000000 0.769927 -0.638132 -0.000000 -1 49
258.262543 256.321106 4.000000 -0.428722 0.903436 0.000000 -0.511416 -0.859333 0.000000 0.955589 -0.294703 -0.000000 -1 52
458.516846 259.577057 4.000000 0.343884 0.939012 0.000000 -0.997033 -0.076975 -0.000000 0.656629 -0.754214 -0.000000 -1 54
198.419556 270.430817 4.000000 -0.325066 0.945691 0.000000 -0.665271 -0.746602 0.000000 0.983118 -0.182974 -0.000000 -1 56
293.482971 270.429077 4.000000 -0.825819 0.563935 0.000000 -0.202509 -0.979280 -0.000000 0.942545 0.334079 0.000000 -1 57
35.413589 284.480408 4.000000 -0.405773 0.913974 0.000000 -0.700793 -0.713364 -0.000000 0.984347 -0.176244 -0.000000 -1 61
