527.559509 7.556375 4.000000 -0.622947 0.782264 0.000000 -0.274193 -0.961675 0.000000 0.966659 0.256067 0.000000 -1 1
194.547256 10.389821 4.000000 -0.454503 0.890745 0.000000 -0.582663 -0.812714 -0.000000 0.971940 -0.235229 -0.000000 -1 2
267.426483 23.421268 4.000000 0.778215 0.627998 0.000000 -0.951809 0.306691 0.000000 0.070639 -0.997502 -0.000000 -1 3
14.433794 34.482719 4.000000 -0.742888 0.669416 0.000000 -0.378815 -0.925473 -0.000000 0.974707 0.223485 0.000000 -1 5
134.577698 46.547379 4.000000 0.890770 0.454454 0.000000 -0.768012 0.640436 0.000000 -0.057670 -0.998336 -0.000000 -1 7
262.409027 63.488773 4.000000 0.735486 0.677540 0.000000 -0.802093 0.597200 0.000000 -0.003571 -0.999994 0.000000 -1 10
124.552689 83.590202 4.000000 0.380342 0.924846 0.000000 -0.998636 -0.052204 0.000000 0.645194 -0.764018 -0.000000 -1 13
18.498831 89.448761 4.000000 0.876514 0.481376 0.000000 -0.947307 0.320326 0.000000 -0.186297 -0.982493 0.000000 -1 14
234.458008 96.464661 4.000000 0.026994 0.999636 0.000000 -0.885804 -0.464059 -0.000000 0.811526 -0.584316 -0.000000 -1 16
92.460014 103.528984 4.000000 -0.422200 0.906503 0.000000 -0.621906 -0.783092 -0.000000 0.993148 -0.116862 0.000000 -1 17
182.467377 111.520363 4.000000 0.762790 0.646646 0.000000 -0.955047 0.296455 0.000000 0.159391 -0.987216 -0.000000 -1 18
58.590794 129.436066 4.000000 0.698195 0.715907 0.000000 -0.936800 0.349864 0.000000 0.377151 -0.926152 -0.000000 -1 20
260.586151 142.465500 4.000000 0.569897 0.821716 0.000000 -0.999447 0.033254 0.000000 0.519226 -0.854637 -0.000000 -1 24
158.469269 150.529129 4.000000 0.216763 0.976224 0.000000 -0.984654 -0.174518 -0.000000 0.670389 -0.742010 -0.000000 -1 26
273.466553 169.457001 4.000000 -0.395226 0.918584 0.000000 -0.647864 -0.761756 -0.000000 0.986623 -0.163017 0.000000 -1 29
85.443047 173.577499 4.000000 0.419487 0.907762 0.000000 -0.998184 0.060241 0.000000 0.511971 -0.859002 -0.000000 -1 30
224.494186 176.496582 4.000000 -0.421973 0.906608 0.000000 -0.640227 -0.768186 -0.000000 0.992929 -0.118710 0.000000 -1 31
155.487930 187.434570 4.000000 -0.725629 0.688086 0.000000 -0.229220 -0.973375 -0.000000 0.982997 0.183621 0.000000 -1 37
267.523590 188.553513 4.000000 0.909712 0.415240 0.000000 -0.814167 0.580630 0.000000 -0.071571 -0.997436 0.000000 -1 38
302.487091 195.439758 4.000000 -0.361010 0.932562 0.000000 -0.606234 -0.795286 -0.000000 0.978173 -0.207792 -0.000000 -1 39
105.479530 198.575867 4.000000 -0.081548 0.996669 0.000000 -0.885736 -0.464189 -0.000000 0.901678 -0.432408 0.000000 -1 40
11.448699 207.443207 4.000000 0.320910 0.947110 0.000000 -0.963314 -0.268378 -0.000000 0.627250 -0.778818 0.000000 -1 41
251.578415 208.531143 4.000000 0.020415 0.999792 0.000000 -0.827135 -0.562004 -0.000000 0.904773 -0.425893 -0.000000 -1 42
104.546242 219.439758 4.000000 0.902483 0.430725 0.000000 -0.867897 0.496744 0.000000 0.064124 -0.997942 -0.000000 -1 45
135.561234 228.505219 4.000000 0.235464 0.971883 0.000000 -0.940860 -0.338797 0.000000 0.713269 -0.700891 -0.000000 -1 47
233.476257 245.462952 4.000000 -0.619918 0.784666 0.000000 -0.326691 -0.945131 -0.000000 0.981285 0.192561 0.000000 -1 50
65.587479 258.527100 4.000000 -0.605955 0.795499 0.000000 -0.207666 -0.978200 -0.000000 0.991380 0.131020 0.000000 -1 53
456.511078 258.428833 4.000000 0.342086 0.939669 0.000000 -0.960942 -0.276750 -0.000000 0.634149 -0.773210 -0.000000 -1 54
175.278961 265.280365 4.000000 -0.752465 0.658632 0.000000 -0.265076 -0.964227 -0.000000 0.977984 0.208682 0.000000 -1 56
142.454681 276.505066 4.000000 0.414268 0.910155 0.000000 -0.999045 -0.043688 0.000000 0.529755 -0.848151 -0.000000 -1 58
262.510529 280.573151 4.000000 0.915068 0.403299 0.000000 -0.728902 0.684618 0.000000 -0.093190 -0.995648 -0.000000 -1 59
233.462692 286.511902 4.000000 0.404994 0.914319 0.000000 -0.999640 -0.026841 -0.000000 0.537158 -0.843481 -0.000000 -1 60
296.547882 286.591248 4.000000 -0.173899 0.984764 0.000000 -0.779154 -0.626832 0.000000 0.984212 -0.176994 0.000000 -1 61
55.490616 299.528992 4.000000 0.917198 0.398431 -0.000000 -0.773167 0.634202 0.000000 -0.174169 -0.984716 -0.000000 -1 68
