526.481506 5.491853 4.000000 -0.679781 0.733415 0.000000 -0.319640 -0.947539 0.000000 0.978454 0.206463 0.000000 -1 1
159.561523 15.564778 4.000000 0.533660 0.845699 0.000000 -0.997819 0.066011 0.000000 0.510832 -0.859680 -0.000000 -1 3
299.559418 17.579144 4.000000 -0.359560 0.933122 0.000000 -0.538931 -0.842350 -0.000000 0.999603 0.028163 0.000000 -1 4
51.410252 32.562046 4.000000 -0.163550 0.986535 0.000000 -0.855333 -0.518079 -0.000000 0.883425 -0.468573 -0.000000 -1 8
11.450789 46.421772 4.000000 -0.379004 0.925395 0.000000 -0.768581 -0.639753 -0.000000 0.948670 -0.316267 -0.000000 -1 10
76.554451 55.610744 4.000000 -0.394432 0.918925 0.000000 -0.680981 -0.732301 -0.000000 0.999425 -0.033921 -0.000000 -1 12
209.511475 72.512894 4.000000 0.773625 0.633644 0.000000 -0.935887 0.352301 0.000000 0.220095 -0.975478 -0.000000 -1 15
43.473072 78.592049 4.000000 -0.283250 0.959046 0.000000 -0.796220 -0.605008 -0.000000 0.968836 -0.247704 -0.000000 -1 16
135.586075 105.482872 4.000000 -0.634737 0.772728 0.000000 -0.222855 -0.974852 0.000000 0.986314 0.164879 0.000000 -1 19
242.568024 111.445694 4.000000 0.896881 0.442271 -0.000000 -0.860703 0.509107 0.000000 0.001364 -0.999999 0.000000 -1 21
18.421900 115.507317 4.000000 0.914875 0.403738 0.000000 -0.830948 0.556350 0.000000 -0.241529 -0.970394 -0.000000 -1 22
291.420013 115.522888 4.000000 0.353924 0.935274 0.000000 -0.999678 -0.025364 0.000000 0.536179 -0.844104 -0.000000 -1 23
100.499275 127.543442 4.000000 0.923500 0.383599 0.000000 -0.732137 0.681157 0.000000 -0.181975 -0.983303 -0.000000 -1 27
200.566132 128.511215 4.000000 0.807586 0.589750 0.000000 -0.933910 0.357507 0.000000 0.232608 -0.972571 -0.000000 -1 28
12.268488 150.685974 4.000000 0.756114 0.654440 0.000000 -0.906324 0.422584 0.000000 0.048713 -0.998813 -0.000000 -1 30
127.418175 182.491531 4.000000 -0.663317 0.748339 0.000000 -0.417144 -0.908841 -0.000000 0.988083 0.153919 0.000000 -1 33
184.435928 188.514725 4.000000 0.203175 0.979142 0.000000 -0.967188 -0.254063 -0.000000 0.679386 -0.733781 -0.000000 -1 34
81.428085 205.563812 4.000000 0.647165 0.762350 0.000000 -0.969710 0.244261 0.000000 0.267702 -0.963502 -0.000000 -1 37
115.500824 205.547562 4.000000 0.277993 0.960583 0.000000 -0.970599 -0.240704 -0.000000 0.726357 -0.687317 -0.000000 -1 38
182.430084 232.410889 4.000000 -0.339527 0.940596 0.000000 -0.675601 -0.737267 0.000000 0.955449 -0.295156 -0.000000 -1 43
296.447113 238.580048 4.000000 -0.575741 0.817632 0.000000 -0.476229 -0.879321 -0.000000 0.990538 0.137238 0.000000 -1 45
244.437790 239.465134 4.000000 -0.719255 0.694747 0.000000 -0.478459 -0.878110 -0.000000 0.989888 0.141848 0.000000 -1 46
107.488953 245.500748 4.000000 0.406763 0.913534 0.000000 -0.999204 -0.039892 0.000000 0.607147 -0.794589 -0.000000 -1 48
36.417595 259.488831 4.000000 -0.678498 0.734603 0.000000 -0.440426 -0.897789 -0.000000 0.985737 0.168296 0.000000 -1 50
455.542725 259.472748 4.000000 0.369689 0.929156 0.000000 -0.976468 -0.215661 0.000000 0.662000 -0.749504 -0.000000 -1 51
233.274811 262.724884 4.000000 0.111511 0.993763 0.000000 -0.955566 -0.294777 -0.000000 0.780725 -0.624875 -0.000000 -1 52
0.453249 273.475891 4.000000 0.287275 0.957848 0.000000 -0.983424 -0.181323 0.000000 0.649708 -0.760183 -0.000000 -1 55
161.547928 287.529938 4.000000 -0.357555 0.933892 0.000000 -0.570047 -0.821612 0.000000 0.996512 -0.083446 -0.000000 -1 57
268.736908 290.292572 4.000000 -0.313866 0.949467 0.000000 -0.551592 -0.834114 -0.000000 0.988371 -0.152062 -0.000000 -1 58
