522.470276 5.559007 4.000000 -0.652451 0.757831 0.000000 -0.348869 -0.937172 -0.000000 0.965244 0.261350 0.000000 -1 3
48.473728 14.552384 4.000000 0.288411 0.957507 0.000000 -0.975441 -0.220263 -0.000000 0.840633 -0.541606 -0.000000 -1 4
269.493683 18.445433 4.000000 -0.744353 0.667786 0.000000 -0.249035 -0.968495 0.000000 0.973102 0.230375 0.000000 -1 6
10.448429 36.540070 4.000000 -0.606765 0.794882 0.000000 -0.419579 -0.907719 -0.000000 0.990173 0.139846 -0.000000 -1 11
299.477142 38.561398 4.000000 0.954000 0.299808 0.000000 -0.727472 0.686137 0.000000 -0.252502 -0.967596 -0.000000 -1 12
191.512558 40.437252 4.000000 0.366640 0.930363 0.000000 -0.969348 -0.245690 -0.000000 0.664184 -0.747569 -0.000000 -1 13
116.475349 48.577686 4.000000 -0.540202 0.841536 0.000000 -0.455061 -0.890460 -0.000000 0.986472 0.163929 0.000000 -1 14
155.288925 48.728210 4.000000 0.799480 0.600692 0.000000 -0.898948 0.438055 0.000000 0.079242 -0.996855 -0.000000 -1 15
190.512726 56.527157 4.000000 -0.609308 0.792934 0.000000 -0.408720 -0.912660 -0.000000 0.988817 0.149131 0.000000 -1 16
244.464828 83.587822 4.000000 0.600606 0.799545 0.000000 -0.971241 0.238099 0.000000 0.347076 -0.937837 -0.000000 -1 19
301.537628 90.530037 4.000000 -0.362606 0.931943 0.000000 -0.550534 -0.834813 -0.000000 0.999821 -0.018899 0.000000 -1 21
200.440872 95.425102 4.000000 -0.548778 0.835968 0.000000 -0.517630 -0.855604 -0.000000 0.999089 -0.042664 0.000000 -1 23
492.459534 95.467934 4.000000 0.160041 0.987110 0.000000 -0.941169 -0.337937 -0.000000 0.728963 -0.684553 -0.000000 -1 24
597.537048 105.435982 4.000000 -0.060967 0.998140 0.000000 -0.803815 -0.594879 0.000000 0.859025 -0.511933 -0.000000 -1 28
193.456284 116.413910 4.000000 0.596588 0.802548 0.000000 -0.999963 -0.008590 0.000000 0.384239 -0.923234 -0.000000 -1 30
254.448425 116.524521 4.000000 0.231540 0.972825 0.000000 -0.973214 -0.229899 0.000000 0.730983 -0.682396 -0.000000 -1 31
160.669174 141.748520 4.000000 -0.203499 0.979075 0.000000 -0.827061 -0.562111 -0.000000 0.968840 -0.247686 -0.000000 -1 34
182.543549 152.576401 4.000000 0.412017 0.911176 0.000000 -0.998082 -0.061906 0.000000 0.668236 -0.743950 -0.000000 -1 36
51.470226 154.423660 4.000000 -0.402142 0.915577 0.000000 -0.571621 -0.820518 -0.000000 0.964601 -0.263715 0.000000 -1 37
96.287895 159.271149 4.000000 -0.847369 0.531004 0.000000 -0.176632 -0.984277 -0.000000 0.936301 0.351198 0.000000 -1 39
294.761932 183.344635 4.000000 0.224828 0.974398 0.000000 -0.891169 -0.453672 -0.000000 0.685501 -0.728072 -0.000000 -1 41
0.534299 190.459076 4.000000 0.563713 0.825971 0.000000 -0.999710 0.024082 0.000000 0.456693 -0.889624 -0.000000 -1 42
434.546417 196.438965 4.000000 -0.345980 0.938242 0.000000 -0.579201 -0.815185 -0.000000 0.976644 -0.214865 0.000000 -1 45
48.516129 207.419601 4.000000 0.203295 0.979118 0.000000 -0.942644 -0.333799 -0.000000 0.718046 -0.695995 -0.000000 -1 47
127.543198 210.592880 4.000000 -0.099786 0.995009 0.000000 -0.806468 -0.591278 -0.000000 0.962774 -0.270309 -0.000000 -1 49
215.497772 219.544830 4.000000 0.524569 0.851368 0.000000 -0.999862 0.016630 0.000000 0.565296 -0.824888 -0.000000 -1 51
79.569237 232.506729 4.000000 0.196356 0.980533 -0.000000 -0.931346 -0.364136 -0.000000 0.817598 -0.575789 -0.000000 -1 55
191.501648 240.429352 4.000000 -0.772026 0.635591 0.000000 -0.594102 -0.804390 -0.000000 0.998852 0.047908 0.000000 -1 57
229.462036 243.519852 4.000000 -0.660580 0.750756 0.000000 -0.415783 -0.909464 -0.000000 0.981282 0.192577 -0.000000 -1 59
2.441332 255.467819 4.000000 0.712612 0.701558 0.000000 -0.976083 0.217399 -0.000000 0.223243 -0.974763 -0.000000 -1 60
459.422180 260.414825 4.000000 0.328791 0.944403 0.000000 -0.969916 -0.243440 -0.000000 0.545797 -0.837918 -0.000000 -1 61
78.457474 262.583160 4.000000 0.954715 0.297523 0.000000 -0.703458 0.710737 0.000000 -0.207426 -0.978251 -0.000000 -1 62
298.523041 270.448639 4.000000 -0.428139 0.903713 0.000000 -0.512073 -0.858942 -0.000000 0.993219 -0.116255 0.000000 -1 65
38.573494 277.533630 4.000000 0.279551 0.960131 0.000000 -1.000000 0.000197 0.000000 0.693460 -0.720496 -0.000000 -1 67
164.436951 293.462006 4.000000 0.511681 0.859175 0.000000 -0.999607 -0.028021 0.000000 0.414867 -0.909882 0.000000 -1 69
