196.514481 300.473694 4.000000 0.549862 0.835256 0.000000 -0.997422 -0.071753 -0.000000 0.330430 -0.943830 -0.000000 -1 1
527.442749 7.456955 4.000000 -0.708954 0.705254 0.000000 -0.353271 -0.935521 -0.000000 0.982753 0.184924 0.000000 -1 3
230.585983 13.549550 4.000000 -0.520258 0.854009 0.000000 -0.342688 -0.939449 -0.000000 0.979024 0.203743 0.000000 -1 5
69.531174 32.525455 4.000000 0.797034 0.603934 0.000000 -0.792665 0.609658 0.000000 0.019230 -0.999815 -0.000000 -1 8
211.573196 32.512802 4.000000 0.386211 0.922410 0.000000 -0.987673 -0.156533 -0.000000 0.654821 -0.755784 -0.000000 -1 9
141.564362 36.491253 4.000000 -0.769283 0.638908 0.000000 -0.122294 -0.992494 -0.000000 0.945646 0.325197 0.000000 -1 11
86.782623 50.372234 4.000000 0.109908 0.993942 0.000000 -0.724500 -0.689275 -0.000000 0.731058 -0.682315 -0.000000 -1 13
285.561310 56.495659 4.000000 -0.019383 0.999812 0.000000 -0.797655 -0.603114 -0.000000 0.920637 -0.390420 -0.000000 -1 14
189.477921 80.465546 4.000000 -0.611044 0.791597 0.000000 -0.255192 -0.966891 -0.000000 0.999627 -0.027316 0.000000 -1 16
241.535858 87.492279 4.000000 0.104210 0.994555 0.000000 -0.985264 -0.171041 -0.000000 0.785467 -0.618904 -0.000000 -1 19
90.518646 102.581383 4.000000 -0.270324 0.962769 0.000000 -0.712794 -0.701374 -0.000000 0.989169 -0.146780 0.000000 -1 21
181.414749 115.421654 4.000000 0.176258 0.984344 0.000000 -0.929827 -0.367998 -0.000000 0.687584 -0.726105 -0.000000 -1 24
10.732593 122.704353 4.000000 0.947509 0.319729 0.000000 -0.678386 0.734705 0.000000 -0.187735 -0.982220 -0.000000 -1 26
118.412552 122.520111 4.000000 0.180156 0.983638 0.000000 -0.974850 -0.222860 -0.000000 0.663976 -0.747754 -0.000000 -1 27
59.456501 129.544220 4.000000 0.461062 0.887368 0.000000 -0.977770 0.209682 0.000000 0.411859 -0.911248 -0.000000 -1 28
265.580322 139.415222 4.000000 0.879075 0.476684 0.000000 -0.919865 0.392235 0.000000 0.227950 -0.973673 -0.000000 -1 29
166.446915 163.470932 4.000000 0.877129 0.480256 0.000000 -0.764199 0.644980 0.000000 -0.143485 -0.989653 -0.000000 -1 32
13.443453 177.580093 4.000000 -0.486013 0.873952 0.000000 -0.585648 -0.810565 -0.000000 0.999923 -0.012396 0.000000 -1 36
217.564713 195.540085 4.000000 0.896076 0.443901 0.000000 -0.805748 0.592259 0.000000 -0.026837 -0.999640 -0.000000 -1 39
192.416412 199.420929 4.000000 -0.195386 0.980726 0.000000 -0.777044 -0.629447 0.000000 0.897125 -0.441777 -0.000000 -1 40
247.417755 208.573914 4.000000 0.455512 0.890230 0.000000 -0.994686 0.102958 0.000000 0.493338 -0.869838 -0.000000 -1 41
160.480484 221.561905 4.000000 0.279454 0.960159 0.000000 -0.993952 -0.109814 0.000000 0.689843 -0.723959 -0.000000 -1 44
43.722675 244.700226 4.000000 0.676396 0.736538 0.000000 -0.972994 0.230830 0.000000 0.362228 -0.932090 0.000000 -1 47
208.436951 250.495682 4.000000 0.325632 0.945497 0.000000 -0.987761 -0.155977 -0.000000 0.579529 -0.814952 -0.000000 -1 48
456.438843 258.451050 4.000000 0.284730 0.958608 0.000000 -0.972035 -0.234836 -0.000000 0.611998 -0.790859 -0.000000 -1 49
87.417862 264.571136 4.000000 0.247628 0.968855 0.000000 -0.994586 -0.103913 -0.000000 0.671864 -0.740675 -0.000000 -1 50
298.475464 273.434021 4.000000 -0.453290 0.891363 0.000000 -0.506406 -0.862295 -0.000000 0.995800 -0.091560 -0.000000 -1 52
203.441330 278.529572 4.000000 -0.338281 0.941045 0.000000 -0.629653 -0.776877 -0.000000 0.999965 -0.008401 -0.000000 -1 54
105.446701 292.523590 4.000000 -0.222698 0.974888 0.000000 -0.657572 -0.753392 -0.000000 0.935200 -0.354121 -0.000000 -1 59
288.594543 293.480530 4.000000 0.086756 0.996230 0.000000 -0.842521 -0.538663 -0.000000 0.869393 -0.494122 -0.000000 -1 60
47.421497 299.507996 4.000000 -0.295387 0.955378 0.000000 -0.724634 -0.689134 0.000000 0.947649 -0.319313 -0.000000 -1 61
