58.584587 7.502115 4.000000 0.810349 0.585947 0.000000 -0.691115 0.722745 0.000000 -0.006309 -0.999980 0.000000 -1 2
195.481644 7.468279 4.000000 -0.043202 0.999066 0.000000 -0.823055 -0.567962 -0.000000 0.883428 -0.468567 0.000000 -1 3
528.416321 7.578311 4.000000 0.957441 0.288628 -0.000000 -0.683998 0.729484 0.000000 -0.372944 -0.927854 -0.000000 -1 4
76.431656 21.516291 4.000000 -0.129440 0.991587 0.000000 -0.818655 -0.574285 -0.000000 0.920441 -0.390881 -0.000000 -1 5
300.541565 27.537409 4.000000 -0.496301 0.868150 0.000000 -0.440136 -0.897931 -0.000000 0.993665 0.112383 0.000000 -1 9
273.437653 44.442947 4.000000 -0.463233 0.886237 0.000000 -0.611295 -0.791403 -0.000000 0.989029 -0.147720 -0.000000 -1 14
127.433693 78.560616 4.000000 0.750675 0.660671 0.000000 -0.927939 0.372733 0.000000 0.127885 -0.991789 -0.000000 -1 16
194.559296 80.429214 4.000000 -0.154701 0.987961 0.000000 -0.626816 -0.779167 -0.000000 0.925082 -0.379767 -0.000000 -1 17
234.437500 94.584274 4.000000 0.171143 0.985246 0.000000 -0.981059 -0.193709 -0.000000 0.739289 -0.673389 0.000000 -1 19
169.288681 99.259560 4.000000 0.912327 0.409463 0.000000 -0.882225 0.470829 0.000000 -0.056000 -0.998431 -0.000000 -1 20
63.563457 111.560791 4.000000 0.805633 0.592414 0.000000 -0.855493 0.517815 0.000000 0.117438 -0.993080 -0.000000 -1 22
103.489502 111.472801 4.000000 0.675477 0.737381 0.000000 -0.982995 0.183634 0.000000 0.322009 -0.946737 -0.000000 -1 23
160.298264 117.275154 4.000000 0.492143 0.870515 0.000000 -0.997171 -0.075170 -0.000000 0.480807 -0.876826 -0.000000 -1 26
234.557495 118.410423 4.000000 -0.839310 0.543653 0.000000 -0.046434 -0.998921 -0.000000 0.942383 0.334535 0.000000 -1 27
302.722961 119.278137 4.000000 -0.331720 0.943378 0.000000 -0.601045 -0.799215 -0.000000 0.978956 -0.204072 -0.000000 -1 28
275.425323 125.444077 4.000000 -0.197597 0.980283 0.000000 -0.795584 -0.605843 0.000000 0.907078 -0.420963 -0.000000 -1 30
127.465546 132.399033 4.000000 -0.826391 0.563097 0.000000 -0.372411 -0.928068 -0.000000 0.990336 0.138689 0.000000 -1 32
86.467926 136.460648 4.000000 0.133228 0.991085 0.000000 -0.923726 -0.383054 -0.000000 0.760947 -0.648814 -0.000000 -1 34
44.491875 146.481064 4.000000 -0.519110 0.854707 0.000000 -0.447500 -0.894284 0.000000 0.994783 -0.102019 -0.000000 -1 36
1.518477 166.583893 4.000000 0.401463 0.915875 0.000000 -0.999999 -0.001576 -0.000000 0.605289 -0.796006 -0.000000 -1 37
201.481689 172.464859 4.000000 -0.417970 0.908461 0.000000 -0.601428 -0.798927 -0.000000 0.993238 -0.116095 -0.000000 -1 39
150.477234 183.531677 4.000000 -0.549661 0.835388 0.000000 -0.475969 -0.879462 0.000000 0.997224 0.074459 -0.000000 -1 41
250.286011 187.699387 4.000000 0.785460 0.618912 0.000000 -0.925957 0.377630 0.000000 0.105812 -0.994386 0.000000 -1 42
104.484421 192.404663 4.000000 -0.098836 0.995104 0.000000 -0.786492 -0.617600 0.000000 0.910044 -0.414511 -0.000000 -1 43
32.478420 210.539856 4.000000 0.279012 0.960288 0.000000 -0.988368 -0.152081 0.000000 0.670789 -0.741648 -0.000000 -1 47
116.484093 220.471176 4.000000 0.905943 0.423400 0.000000 -0.825660 0.564167 0.000000 -0.080232 -0.996776 0.000000 -1 50
76.481468 221.521042 4.000000 0.071585 0.997434 0.000000 -0.912362 -0.409384 0.000000 0.855726 -0.517429 -0.000000 -1 51
226.476776 243.428879 4.000000 0.722111 0.691778 0.000000 -0.978895 0.204363 0.000000 0.234327 -0.972158 -0.000000 -1 56
131.537445 247.433853 4.000000 -0.495923 0.868367 0.000000 -0.498466 -0.866909 -0.000000 0.998440 -0.055829 -0.000000 -1 60
0.539904 248.521667 4.000000 0.488369 0.872637 0.000000 -0.999927 0.012051 0.000000 0.511186 -0.859470 -0.000000 -1 61
301.452209 251.435043 4.000000 -0.717990 0.696053 0.000000 -0.303871 -0.952713 -0.000000 0.987752 0.156031 0.000000 -1 62
457.422852 257.528595 4.000000 0.230948 0.972966 0.000000 -0.987563 -0.157224 0.000000 0.642435 -0.766340 -0.000000 -1 63
38.222736 290.348358 4.000000 -0.213783 0.976881 0.000000 -0.664145 -0.747603 0.000000 0.806989 -0.590567 -0.000000 -1 66
218.565094 295.501678 4.000000 0.714690 0.699441 0.000000 -0.967799 0.251723 0.000000 0.298297 -0.954473 -0.000000 -1 67
