522.439392 5.537519 4.000000 -0.680654 0.732605 0.000000 -0.368648 -0.929569 -0.000000 0.970314 0.241850 0.000000 -1 1
54.579674 14.508489 4.000000 0.388803 0.921321 0.000000 -0.978765 -0.204984 -0.000000 0.708536 -0.705675 -0.000000 -1 2
272.482971 15.411617 4.000000 -0.685590 0.727988 0.000000 -0.330149 -0.943929 -0.000000 0.996886 0.078856 0.000000 -1 4
10.556135 36.483681 4.000000 -0.588853 0.808240 0.000000 -0.337418 -0.941355 -0.000000 0.995277 0.097077 0.000000 -1 9
181.558914 39.574696 4.000000 0.340765 0.940149 -0.000000 -0.944070 -0.329745 -0.000000 0.818935 -0.573886 -0.000000 -1 10
298.417542 41.588322 4.000000 0.958246 0.285946 0.000000 -0.713792 0.700357 0.000000 -0.304827 -0.952408 -0.000000 -1 11
117.474197 47.585747 4.000000 -0.532286 0.846565 0.000000 -0.478971 -0.877831 -0.000000 0.989147 0.146930 0.000000 -1 12
152.437347 51.501175 4.000000 0.604177 0.796850 0.000000 -0.991341 0.131312 0.000000 0.306749 -0.951790 -0.000000 -1 13
64.456749 60.472214 4.000000 0.775071 0.631875 -0.000000 -0.917989 0.396605 0.000000 0.111895 -0.993720 0.000000 -1 14
81.531639 73.553406 4.000000 0.238219 0.971212 0.000000 -0.958987 -0.283450 0.000000 0.663334 -0.748323 -0.000000 -1 17
244.290009 83.268593 4.000000 0.541290 0.840836 0.000000 -0.999823 -0.018794 -0.000000 0.420994 -0.907063 0.000000 -1 20
492.511993 94.528877 4.000000 0.190603 0.981667 0.000000 -0.953273 -0.302109 -0.000000 0.769967 -0.638083 -0.000000 -1 22
41.417358 96.451996 4.000000 -0.282064 0.959396 0.000000 -0.758759 -0.651371 -0.000000 0.928042 -0.372476 -0.000000 -1 23
202.464005 97.550453 4.000000 -0.606400 0.795160 0.000000 -0.549569 -0.835449 -0.000000 0.998312 0.058075 0.000000 -1 24
188.495560 115.404610 4.000000 0.603643 0.797255 0.000000 -0.964208 -0.265147 0.000000 0.783972 -0.620796 -0.000000 -1 28
236.287628 129.700333 4.000000 -0.526574 0.850129 0.000000 -0.593833 -0.804588 -0.000000 0.999909 0.013500 0.000000 -1 31
54.515621 150.574112 4.000000 -0.372830 0.927900 0.000000 -0.598349 -0.801236 -0.000000 0.999603 -0.028163 0.000000 -1 33
182.492554 151.523010 4.000000 0.514954 0.857218 0.000000 -0.996171 0.087426 0.000000 0.488325 -0.872662 -0.000000 -1 34
93.495750 161.418411 4.000000 -0.790400 0.612591 -0.000000 -0.124576 -0.992210 -0.000000 0.973761 0.227573 0.000000 -1 37
293.519135 176.470123 4.000000 0.411145 0.911570 0.000000 -0.993582 -0.113116 0.000000 0.554957 -0.831879 -0.000000 -1 39
1.396138 190.457413 4.000000 0.514077 0.857744 0.000000 -0.999748 0.022462 0.000000 0.337732 -0.941242 -0.000000 -1 41
435.415894 196.426041 4.000000 -0.443047 0.896498 0.000000 -0.639783 -0.768555 -0.000000 0.977158 -0.212513 -0.000000 -1 44
48.544273 205.502472 4.000000 0.465052 0.885283 0.000000 -0.999489 -0.031957 -0.000000 0.549790 -0.835303 -0.000000 -1 45
126.538734 208.471771 4.000000 -0.236338 0.971671 0.000000 -0.661703 -0.749766 -0.000000 0.965734 -0.259535 0.000000 -1 46
171.468185 223.411530 4.000000 0.873715 0.486439 0.000000 -0.908223 0.418487 0.000000 0.024849 -0.999691 0.000000 -1 47
80.445366 233.551544 4.000000 0.072721 0.997352 0.000000 -0.958142 -0.286293 -0.000000 0.787378 -0.616470 -0.000000 -1 51
229.535950 243.459488 4.000000 -0.751652 0.659560 0.000000 -0.215566 -0.976489 -0.000000 0.962697 0.270582 0.000000 -1 54
600.558838 258.460083 4.000000 0.602972 0.797763 0.000000 -0.998287 0.058503 0.000000 0.435020 -0.900421 -0.000000 -1 55
459.454010 260.420319 4.000000 0.347548 0.937662 0.000000 -0.969742 -0.244132 -0.000000 0.567479 -0.823388 -0.000000 -1 56
299.489716 271.539856 4.000000 -0.439476 0.898254 0.000000 -0.529500 -0.848310 0.000000 0.999793 -0.020351 -0.000000 -1 58
111.565285 295.585815 4.000000 0.827437 0.561559 0.000000 -0.902383 0.430934 0.000000 -0.008793 -0.999961 -0.000000 -1 63
166.490723 297.587799 4.000000 0.739132 0.673560 0.000000 -0.913081 0.407778 0.000000 0.166623 -0.986021 -0.000000 -1 64
