524.425476 4.531406 4.000000 -0.672386 0.740201 0.000000 -0.408168 -0.912907 -0.000000 0.978153 0.207888 -0.000000 -1 2
264.410400 7.543667 4.000000 -0.603465 0.797390 0.000000 -0.464798 -0.885417 -0.000000 0.988027 0.154278 0.000000 -1 3
90.457100 12.480888 4.000000 0.405442 0.914121 0.000000 -0.995479 -0.094978 0.000000 0.561051 -0.827781 -0.000000 -1 6
212.301331 14.288260 4.000000 0.849000 0.528393 0.000000 -0.913038 0.407874 -0.000000 0.073733 -0.997278 -0.000000 -1 8
133.565781 19.519011 4.000000 0.697224 0.716853 0.000000 -0.995238 0.097474 -0.000000 0.504304 -0.863526 -0.000000 -1 9
302.501404 37.523491 4.000000 -0.638363 0.769736 0.000000 -0.337581 -0.941297 -0.000000 0.977577 0.210580 0.000000 -1 12
175.490295 45.524010 4.000000 0.933238 0.359258 0.000000 -0.765856 0.643013 0.000000 -0.185956 -0.982558 0.000000 -1 14
104.420013 48.527222 4.000000 -0.326641 0.945149 0.000000 -0.761640 -0.648000 -0.000000 0.966131 -0.258053 -0.000000 -1 15
1.397829 57.483253 4.000000 0.574168 0.818738 0.000000 -0.999887 0.015019 0.000000 0.272808 -0.962068 -0.000000 -1 16
159.483749 72.508858 4.000000 0.424708 0.905330 0.000000 -0.994086 -0.108598 0.000000 0.582572 -0.812779 -0.000000 -1 19
61.732315 89.282097 4.000000 0.180058 0.983656 0.000000 -0.879049 -0.476732 -0.000000 0.789711 -0.613478 -0.000000 -1 22
187.565338 93.597771 4.000000 -0.483644 0.875265 0.000000 -0.492235 -0.870463 -0.000000 0.994359 0.106066 0.000000 -1 24
27.725000 95.311348 4.000000 0.579237 0.815159 0.000000 -0.999944 -0.010548 0.000000 0.473379 -0.880859 0.000000 -1 25
117.467560 102.496185 4.000000 0.184427 0.982846 0.000000 -0.955092 -0.296309 -0.000000 0.729960 -0.683490 -0.000000 -1 26
490.442139 102.574028 4.000000 0.126650 0.991947 0.000000 -0.980122 -0.198394 -0.000000 0.741180 -0.671306 -0.000000 -1 27
168.521652 110.589653 4.000000 0.553925 0.832566 0.000000 -0.999981 0.006130 0.000000 0.627674 -0.778476 -0.000000 -1 29
252.562561 121.564720 4.000000 -0.471058 0.882102 0.000000 -0.509477 -0.860485 -0.000000 0.997726 0.067394 0.000000 -1 31
205.481689 128.427658 4.000000 -0.451832 0.892103 0.000000 -0.594940 -0.803770 -0.000000 0.984841 -0.173459 -0.000000 -1 35
48.480530 139.456894 4.000000 -0.014407 0.999896 0.000000 -0.842987 -0.537933 -0.000000 0.849683 -0.527294 -0.000000 -1 37
281.566132 153.458282 4.000000 -0.395133 0.918624 0.000000 -0.545498 -0.838112 -0.000000 0.993284 -0.115700 0.000000 -1 39
138.362228 157.264969 4.000000 -0.898170 0.439649 0.000000 0.109247 -0.994015 -0.000000 0.919798 0.392391 0.000000 -1 40
115.540451 182.578125 4.000000 -0.472990 0.881068 0.000000 -0.476801 -0.879011 -0.000000 0.994694 0.102880 -0.000000 -1 43
245.556473 187.585907 4.000000 0.818272 0.574831 0.000000 -0.911596 0.411087 0.000000 0.065802 -0.997833 -0.000000 -1 44
432.510529 198.485840 4.000000 -0.293498 0.955960 0.000000 -0.670182 -0.742197 -0.000000 0.973258 -0.229713 -0.000000 -1 47
13.545439 209.528915 4.000000 0.772632 0.634854 0.000000 -0.933061 0.359719 0.000000 0.100942 -0.994892 0.000000 -1 48
258.427185 215.505188 4.000000 0.037051 0.999313 0.000000 -0.916097 -0.400957 -0.000000 0.818099 -0.575077 -0.000000 -1 49
103.462990 228.456299 4.000000 0.143524 0.989647 0.000000 -0.928160 -0.372182 -0.000000 0.732096 -0.681201 0.000000 -1 53
45.449474 236.577682 4.000000 0.847757 0.530385 0.000000 -0.826321 0.563200 0.000000 -0.062046 -0.998073 -0.000000 -1 54
72.524887 252.500305 4.000000 0.136049 0.990702 0.000000 -0.976375 -0.216082 0.000000 0.741887 -0.670525 -0.000000 -1 57
457.473206 260.428894 4.000000 0.359119 0.933292 0.000000 -0.972564 -0.232638 -0.000000 0.581799 -0.813333 -0.000000 -1 59
196.273834 265.292633 4.000000 -0.468649 0.883384 0.000000 -0.558381 -0.829584 -0.000000 0.992575 -0.121637 -0.000000 -1 60
10.281205 271.265381 4.000000 -0.851245 0.524768 0.000000 -0.178079 -0.984016 -0.000000 0.932626 0.360844 0.000000 -1 61
51.433907 285.463257 4.000000 -0.700765 0.713392 0.000000 -0.319531 -0.947576 0.000000 0.968253 0.249974 0.000000 -1 66
236.532974 290.535797 4.000000 -0.056616 0.998396 0.000000 -0.821266 -0.570546 -0.000000 0.874839 -0.484414 -0.000000 -1 67
