526.467285 3.563332 4.000000 -0.645276 0.763950 0.000000 -0.359268 -0.933235 -0.000000 0.966239 0.257649 0.000000 -1 2
182.550430 4.493763 4.000000 -0.269254 0.963069 0.000000 -0.776080 -0.630634 -0.000000 0.947167 -0.320741 -0.000000 -1 3
62.548691 25.512821 4.000000 -0.030787 0.999526 0.000000 -0.827973 -0.560768 -0.000000 0.914722 -0.404084 -0.000000 -1 6
286.526825 47.573944 4.000000 -0.163370 0.986565 0.000000 -0.739895 -0.672722 -0.000000 0.978638 -0.205589 -0.000000 -1 10
215.514252 51.457378 4.000000 -0.220063 0.975486 0.000000 -0.633797 -0.773499 -0.000000 0.909596 -0.415493 -0.000000 -1 12
118.575935 63.502331 4.000000 -0.149811 0.988715 0.000000 -0.716913 -0.697163 -0.000000 0.958072 -0.286527 -0.000000 -1 14
22.284210 67.727249 4.000000 -0.447769 0.894149 0.000000 -0.613962 -0.789336 -0.000000 0.999780 -0.020968 0.000000 -1 15
57.436623 88.562271 4.000000 0.411448 0.911433 -0.000000 -0.999983 -0.005831 0.000000 0.533245 -0.845961 -0.000000 -1 17
205.507523 98.436806 4.000000 -0.385862 0.922556 0.000000 -0.567834 -0.823143 -0.000000 0.980367 -0.197181 0.000000 -1 18
238.440964 117.438278 4.000000 -0.765677 0.643226 0.000000 -0.225903 -0.974150 -0.000000 0.967277 0.253722 0.000000 -1 22
97.711258 121.715134 4.000000 0.919822 0.392336 0.000000 -0.741598 0.670844 0.000000 -0.145474 -0.989362 -0.000000 -1 24
209.514679 133.495056 4.000000 0.286694 0.958022 0.000000 -0.984849 -0.173414 0.000000 0.640959 -0.767575 -0.000000 -1 25
143.452560 141.518799 4.000000 0.864664 0.502350 0.000000 -0.861240 0.508198 0.000000 -0.064681 -0.997906 -0.000000 -1 26
120.542984 168.549927 4.000000 -0.156884 0.987617 -0.000000 -0.959729 -0.280929 -0.000000 0.771736 -0.635943 -0.000000 -1 31
76.583519 169.455643 4.000000 -0.209233 0.977866 0.000000 -0.675006 -0.737813 -0.000000 0.950514 -0.310683 -0.000000 -1 32
226.457077 172.448822 4.000000 -0.201791 0.979429 0.000000 -0.904698 -0.426054 -0.000000 0.856823 -0.515610 -0.000000 -1 34
260.697449 182.712051 4.000000 0.784788 0.619764 0.000000 -0.928469 0.371411 0.000000 0.275849 -0.961201 0.000000 -1 35
10.442735 203.456085 4.000000 -0.786192 0.617982 0.000000 -0.211975 -0.977275 -0.000000 0.946730 0.322029 0.000000 -1 38
181.593704 227.533264 4.000000 -0.359942 0.932975 0.000000 -0.472368 -0.881401 -0.000000 0.997898 -0.064812 0.000000 -1 40
263.274689 230.727493 4.000000 0.796445 0.604711 -0.000000 -0.873953 0.486011 0.000000 0.039570 -0.999217 -0.000000 -1 41
42.502785 250.519440 4.000000 -0.064787 0.997899 0.000000 -0.809446 -0.587194 -0.000000 0.954038 -0.299686 0.000000 -1 45
154.439240 250.552689 4.000000 0.387080 0.922046 0.000000 -0.995570 -0.094019 0.000000 0.494782 -0.869017 -0.000000 -1 46
456.428650 259.501007 4.000000 0.268648 0.963238 0.000000 -0.986312 -0.164889 0.000000 0.615796 -0.787906 -0.000000 -1 48
236.530502 260.497040 4.000000 -0.139608 0.990207 0.000000 -0.751629 -0.659586 -0.000000 0.936276 -0.351264 -0.000000 -1 49
112.504486 265.562073 4.000000 0.706621 0.707593 0.000000 -0.954597 0.297900 0.000000 0.255752 -0.966742 -0.000000 -1 51
41.497849 275.455872 4.000000 0.862712 0.505695 0.000000 -0.900342 0.435184 0.000000 0.016973 -0.999856 -0.000000 -1 52
158.270050 277.272614 4.000000 -0.565003 0.825089 0.000000 -0.504886 -0.863186 0.000000 0.999940 -0.010972 -0.000000 -1 53
596.488281 277.484711 4.000000 0.251974 0.967734 0.000000 -0.951571 -0.307430 0.000000 0.716993 -0.697080 -0.000000 -1 54
249.488297 295.568970 4.000000 0.608173 0.793804 0.000000 -0.939176 0.343435 0.000000 0.288297 -0.957541 -0.000000 -1 58
