521.426147 5.464684 4.000000 -0.724379 0.689402 0.000000 -0.365926 -0.930644 -0.000000 0.978564 0.205941 0.000000 -1 1
273.549408 27.567419 4.000000 0.919986 0.391952 0.000000 -0.677923 0.735133 0.000000 -0.158482 -0.987362 -0.000000 -1 8
97.425529 33.468201 4.000000 -0.665581 0.746325 0.000000 -0.438592 -0.898686 -0.000000 0.991696 0.128607 -0.000000 -1 9
155.445267 37.569279 4.000000 -0.336902 0.941540 0.000000 -0.762730 -0.646717 -0.000000 0.969394 -0.245509 -0.000000 -1 11
50.557709 40.491325 4.000000 -0.194946 0.980814 0.000000 -0.673185 -0.739474 0.000000 0.968066 -0.250696 -0.000000 -1 13
218.312134 43.267548 4.000000 0.897022 0.441986 0.000000 -0.883167 0.469059 0.000000 -0.038628 -0.999254 -0.000000 -1 14
301.433258 45.466530 4.000000 -0.460585 0.887615 0.000000 -0.582738 -0.812660 0.000000 0.994427 -0.105429 -0.000000 -1 15
127.270515 50.292854 4.000000 0.447273 0.894398 0.000000 -0.998307 -0.058161 -0.000000 0.457821 -0.889045 -0.000000 -1 17
233.450775 58.514481 4.000000 0.060296 0.998181 0.000000 -0.917360 -0.398059 -0.000000 0.818803 -0.574075 -0.000000 -1 19
81.433922 61.495647 4.000000 0.083569 0.996502 0.000000 -0.928563 -0.371175 0.000000 0.821668 -0.569966 -0.000000 -1 20
9.505628 62.579288 4.000000 -0.424193 0.905572 0.000000 -0.538069 -0.842901 -0.000000 0.999893 0.014607 -0.000000 -1 21
289.440155 75.433510 4.000000 -0.197113 0.980381 0.000000 -0.702120 -0.712059 0.000000 0.917206 -0.398412 -0.000000 -1 24
160.277802 91.274521 4.000000 -0.557257 0.830340 0.000000 -0.544205 -0.838952 -0.000000 0.997672 -0.068199 0.000000 -1 27
494.553772 91.533524 4.000000 0.221414 0.975180 0.000000 -0.944875 -0.327430 -0.000000 0.796522 -0.604610 0.000000 -1 28
382.573303 100.525681 4.000000 0.715611 0.698499 0.000000 -0.964670 0.263461 0.000000 0.367394 -0.930065 -0.000000 -1 30
5.493878 115.444405 4.000000 -0.545819 0.837903 0.000000 -0.409322 -0.912390 -0.000000 0.997990 0.063364 0.000000 -1 32
239.417648 127.442825 4.000000 -0.124908 0.992168 0.000000 -0.758369 -0.651825 -0.000000 0.907719 -0.419578 -0.000000 -1 36
165.480988 129.442398 4.000000 -0.240936 0.970541 0.000000 -0.799635 -0.600487 -0.000000 0.924988 -0.379997 -0.000000 -1 37
33.581913 155.507584 4.000000 0.184948 0.982748 0.000000 -0.895455 -0.445152 -0.000000 0.799449 -0.600734 0.000000 -1 40
113.517189 173.538467 4.000000 0.948885 0.315623 0.000000 -0.710068 0.704133 0.000000 -0.212067 -0.977255 -0.000000 -1 42
56.584873 180.482376 4.000000 -0.360089 0.932918 0.000000 -0.494880 -0.868961 -0.000000 0.994475 -0.104976 0.000000 -1 43
186.432053 180.450012 4.000000 0.896279 0.443490 0.000000 -0.854600 0.519286 0.000000 -0.135202 -0.990818 -0.000000 -1 44
90.522285 181.504105 4.000000 0.225232 0.974305 0.000000 -0.983737 -0.179614 -0.000000 0.697796 -0.716297 -0.000000 -1 45
2.421279 189.570297 4.000000 0.447633 0.894218 0.000000 -0.997407 0.071967 0.000000 0.464694 -0.885471 -0.000000 -1 50
436.575592 195.562241 4.000000 -0.320944 0.947098 0.000000 -0.568794 -0.822480 -0.000000 0.999539 -0.030365 0.000000 -1 51
45.527100 209.425430 4.000000 -0.086327 0.996267 0.000000 -0.779320 -0.626627 -0.000000 0.882038 -0.471177 -0.000000 -1 54
203.401215 210.490509 4.000000 -0.191318 0.981528 0.000000 -0.801836 -0.597544 0.000000 0.907429 -0.420205 -0.000000 -1 55
131.421555 219.573212 4.000000 -0.598882 0.800837 0.000000 -0.553092 -0.833120 -0.000000 0.997680 0.068078 0.000000 -1 56
248.465714 224.579865 4.000000 0.161429 0.986884 0.000000 -0.968662 -0.248384 -0.000000 0.762188 -0.647356 -0.000000 -1 58
101.534744 234.585724 4.000000 0.525999 0.850485 0.000000 -0.983718 0.179719 0.000000 0.505476 -0.862841 -0.000000 -1 61
187.727676 252.318909 4.000000 -0.436391 0.899757 0.000000 -0.507270 -0.861787 -0.000000 0.999667 0.025825 0.000000 -1 66
5.272338 253.342453 4.000000 0.215840 0.976429 0.000000 -0.996533 0.083194 0.000000 0.332141 -0.943230 0.000000 -1 67
111.560371 256.486511 4.000000 -0.317068 0.948403 0.000000 -0.570923 -0.821004 -0.000000 0.988394 -0.151911 0.000000 -1 69
54.479401 258.482697 4.000000 0.759666 0.650313 0.000000 -0.940412 0.340037 -0.000000 0.145862 -0.989305 -0.000000 -1 70
460.539978 259.533234 4.000000 0.381422 0.924401 0.000000 -0.990892 -0.134656 -0.000000 0.659349 -0.751837 -0.000000 -1 71
222.560913 262.461395 4.000000 0.609568 0.792734 0.000000 -0.992029 0.126013 0.000000 0.417867 -0.908508 -0.000000 -1 72
161.526901 270.491364 4.000000 0.335893 0.941900 0.000000 -0.970702 -0.240287 -0.000000 0.729163 -0.684340 -0.000000 -1 75
253.409851 274.503448 4.000000 0.144076 0.989567 0.000000 -0.958806 -0.284063 -0.000000 0.722090 -0.691799 -0.000000 -1 78
21.420078 287.568634 4.000000 -0.327372 0.944895 0.000000 -0.755767 -0.654841 -0.000000 0.970558 -0.240869 -0.000000 -1 79
133.618179 290.221039 4.000000 -0.732607 0.680652 -0.000000 -0.531452 -0.847088 -0.000000 0.994825 0.101607 0.000000 -1 81
65.277481 295.315247 4.000000 -0.147742 0.989026 0.000000 -0.735174 -0.677878 -0.000000 0.887027 -0.461718 -0.000000 -1 83
171.453873 298.412689 4.000000 -0.661250 0.750166 0.000000 -0.398326 -0.917244 -0.000000 0.995755 0.092039 0.000000 -1 84
