526.480774 5.484779 4.000000 -0.682052 0.731304 0.000000 -0.319646 -0.947537 0.000000 0.979879 0.199591 0.000000 -1 1
159.586960 15.568291 4.000000 0.536494 0.843904 0.000000 -0.999062 0.043309 0.000000 0.540762 -0.841176 -0.000000 -1 2
300.502991 18.466101 4.000000 -0.400313 0.916378 -0.000000 -0.576957 -0.816775 -0.000000 0.988024 -0.154297 0.000000 -1 5
52.456047 30.549765 4.000000 -0.179763 0.983710 0.000000 -0.829676 -0.558245 0.000000 0.920605 -0.390495 -0.000000 -1 8
77.500626 57.592880 4.000000 -0.300566 0.953761 0.000000 -0.737363 -0.675497 -0.000000 0.980817 -0.194931 -0.000000 -1 10
210.434082 72.562859 4.000000 0.730786 0.682607 0.000000 -0.937870 0.346987 0.000000 0.196997 -0.980404 -0.000000 -1 13
233.512497 76.399902 4.000000 0.054306 0.998524 0.000000 -0.825688 -0.564128 0.000000 0.869655 -0.493660 -0.000000 -1 14
43.707973 77.742371 4.000000 -0.115663 0.993289 0.000000 -0.822687 -0.568495 -0.000000 0.954737 -0.297452 -0.000000 -1 15
136.446396 105.418648 4.000000 -0.721592 0.692318 0.000000 -0.275585 -0.961277 -0.000000 0.983918 0.178620 0.000000 -1 20
241.452072 110.533974 4.000000 0.845616 0.533791 0.000000 -0.868865 0.495048 0.000000 -0.050771 -0.998710 -0.000000 -1 21
290.575562 114.531433 4.000000 0.456552 0.889697 0.000000 -0.999509 -0.031339 0.000000 0.612251 -0.790664 -0.000000 -1 22
19.569075 116.471680 4.000000 -0.822642 0.568560 0.000000 -0.094651 -0.995511 -0.000000 0.943475 0.331444 -0.000000 -1 23
100.550270 126.586586 4.000000 0.936149 0.351604 0.000000 -0.656793 0.754071 0.000000 -0.233892 -0.972263 -0.000000 -1 27
202.324265 129.733826 4.000000 0.687818 0.725883 0.000000 -0.955897 0.293703 0.000000 0.271359 -0.962478 -0.000000 -1 28
13.519821 153.413437 4.000000 0.872647 0.488351 0.000000 -0.909164 0.416437 0.000000 0.017097 -0.999854 -0.000000 -1 30
127.432991 182.467453 4.000000 -0.660852 0.750517 0.000000 -0.403440 -0.915006 -0.000000 0.990947 0.134251 0.000000 -1 33
183.732056 188.298721 4.000000 0.284865 0.958568 0.000000 -0.940984 -0.338452 -0.000000 0.703562 -0.710634 -0.000000 -1 34
82.517303 205.469360 4.000000 0.641635 0.767010 0.000000 -0.991514 0.130001 0.000000 0.375872 -0.926672 -0.000000 -1 37
116.498634 205.575531 4.000000 0.243995 0.969777 0.000000 -0.970381 -0.241581 -0.000000 0.743806 -0.668396 -0.000000 -1 38
182.409515 232.451691 4.000000 -0.363066 0.931763 0.000000 -0.705503 -0.708707 0.000000 0.964726 -0.263256 -0.000000 -1 44
296.410645 239.418976 4.000000 -0.624931 0.780680 0.000000 -0.486052 -0.873930 -0.000000 0.999893 0.014648 0.000000 -1 45
105.449142 245.476181 4.000000 0.323462 0.946241 0.000000 -0.991169 -0.132604 -0.000000 0.619696 -0.784842 -0.000000 -1 46
36.463356 259.404907 4.000000 -0.644474 0.764626 0.000000 -0.414907 -0.909864 -0.000000 0.998963 0.045536 0.000000 -1 48
455.541229 259.480469 4.000000 0.368791 0.929512 0.000000 -0.977832 -0.209390 -0.000000 0.664243 -0.747517 -0.000000 -1 49
234.489410 263.458527 4.000000 0.124130 0.992266 0.000000 -0.907667 -0.419691 -0.000000 0.792810 -0.609469 0.000000 -1 50
0.496853 273.468811 4.000000 0.323133 0.946354 0.000000 -0.982548 -0.186011 -0.000000 0.655575 -0.755130 -0.000000 -1 53
161.582321 287.438385 4.000000 -0.400693 0.916212 0.000000 -0.473262 -0.880922 -0.000000 0.993686 -0.112198 -0.000000 -1 55
268.503174 288.549103 4.000000 -0.284137 0.958784 0.000000 -0.644526 -0.764583 -0.000000 0.998555 -0.053739 -0.000000 -1 56
