524.509888 3.574723 4.000000 -0.597163 0.802120 0.000000 -0.358933 -0.933363 -0.000000 0.968769 0.247966 0.000000 -1 1
257.582886 9.483150 4.000000 -0.367648 0.929965 0.000000 -0.533473 -0.845817 -0.000000 0.997003 -0.077361 0.000000 -1 3
98.579575 18.515842 4.000000 0.144579 0.989493 0.000000 -0.889470 -0.456993 -0.000000 0.855144 -0.518390 -0.000000 -1 5
176.489227 22.537947 4.000000 0.517173 0.855881 0.000000 -0.995730 0.092310 0.000000 0.501629 -0.865083 -0.000000 -1 6
301.411621 37.519905 4.000000 -0.473511 0.880788 0.000000 -0.579366 -0.815067 -0.000000 0.999282 -0.037893 0.000000 -1 9
3.406752 48.451855 4.000000 0.727009 0.686628 0.000000 -0.978159 0.207859 -0.000000 0.166271 -0.986080 -0.000000 -1 12
282.536774 53.467979 4.000000 -0.485729 0.874109 0.000000 -0.414093 -0.910234 -0.000000 0.998331 0.057749 0.000000 -1 14
237.500305 61.527611 4.000000 -0.288246 0.957556 0.000000 -0.674662 -0.738127 -0.000000 0.989200 -0.146570 0.000000 -1 16
28.584179 85.429436 4.000000 0.490571 0.871401 0.000000 -0.987434 -0.158031 -0.000000 0.625759 -0.780017 -0.000000 -1 17
53.446915 92.473442 4.000000 0.226715 0.973961 0.000000 -0.974627 -0.223834 -0.000000 0.657242 -0.753680 -0.000000 -1 19
116.527672 105.515923 4.000000 0.037320 0.999303 0.000000 -0.878911 -0.476985 0.000000 0.848746 -0.528802 -0.000000 -1 21
300.591370 107.564392 4.000000 -0.400425 0.916330 0.000000 -0.449203 -0.893430 -0.000000 0.996679 0.081435 0.000000 -1 22
227.575562 114.445183 4.000000 0.834600 0.550857 0.000000 -0.898576 0.438818 0.000000 0.164417 -0.986391 -0.000000 -1 24
209.411301 132.487473 4.000000 -0.105698 0.994398 0.000000 -0.861877 -0.507117 -0.000000 0.866215 -0.499671 -0.000000 -1 27
53.504566 140.440475 4.000000 -0.245657 0.969357 0.000000 -0.696533 -0.717525 -0.000000 0.945333 -0.326107 -0.000000 -1 28
111.566788 183.558029 4.000000 -0.475509 0.879711 0.000000 -0.452148 -0.891943 -0.000000 0.996770 0.080313 0.000000 -1 32
237.489502 185.519287 4.000000 0.519953 0.854195 0.000000 -0.998451 0.055646 0.000000 0.453241 -0.891388 -0.000000 -1 33
301.498688 186.440338 4.000000 -0.286044 0.958217 0.000000 -0.686113 -0.727495 0.000000 0.951012 -0.309155 -0.000000 -1 34
431.583221 199.550690 4.000000 -0.183615 0.982998 0.000000 -0.679425 -0.733745 -0.000000 0.985981 -0.166858 -0.000000 -1 38
57.705963 205.718414 4.000000 0.247899 0.968786 0.000000 -0.976452 -0.215734 0.000000 0.730477 -0.682937 -0.000000 -1 39
162.491776 210.490692 4.000000 0.683444 0.730003 0.000000 -0.982999 0.183608 0.000000 0.274051 -0.961715 -0.000000 -1 40
255.587875 220.490814 4.000000 -0.033723 0.999431 0.000000 -0.805733 -0.592279 -0.000000 0.891935 -0.452163 -0.000000 -1 42
49.482857 232.429245 4.000000 0.826591 0.562802 0.000000 -0.937539 0.347882 0.000000 0.101612 -0.994824 -0.000000 -1 44
69.455009 253.512283 4.000000 -0.275077 0.961422 0.000000 -0.760850 -0.648928 -0.000000 0.953601 -0.301074 -0.000000 -1 47
457.417480 259.576050 4.000000 0.252733 0.967536 0.000000 -0.997429 -0.071658 -0.000000 0.622716 -0.782448 -0.000000 -1 50
253.507874 266.458038 4.000000 -0.573587 0.819144 0.000000 -0.727418 -0.686194 -0.000000 0.997092 -0.076210 0.000000 -1 52
50.520878 283.523407 4.000000 0.824438 0.565952 0.000000 -0.827882 0.560902 0.000000 0.028356 -0.999598 -0.000000 -1 55
232.432281 286.511932 4.000000 0.184135 0.982901 0.000000 -0.961987 -0.273095 -0.000000 0.719486 -0.694507 -0.000000 -1 56
11.564397 287.400726 4.000000 -0.297753 0.954643 0.000000 -0.641461 -0.767155 -0.000000 0.938678 -0.344794 -0.000000 -1 58
139.555374 299.587524 4.000000 -0.512136 0.858904 0.000000 -0.480957 -0.876744 0.000000 0.987927 0.154920 0.000000 -1 60
