524.574097 3.489371 4.000000 -0.603544 0.797329 0.000000 -0.275623 -0.961266 -0.000000 0.990422 0.138073 0.000000 -1 1
42.462372 25.434399 4.000000 -0.642230 0.766512 0.000000 -0.415781 -0.909465 -0.000000 0.998776 0.049454 0.000000 -1 5
150.413849 34.470802 4.000000 -0.592646 0.805463 0.000000 -0.425305 -0.905050 -0.000000 0.999251 0.038707 0.000000 -1 8
299.524994 43.473980 4.000000 -0.316229 0.948683 0.000000 -0.637929 -0.770096 -0.000000 0.982864 -0.184334 -0.000000 -1 9
236.575150 61.585468 4.000000 0.000614 1.000000 0.000000 -0.843639 -0.536910 -0.000000 0.936855 -0.349718 -0.000000 -1 11
76.459564 64.463058 4.000000 -0.674320 0.738439 0.000000 -0.432134 -0.901809 -0.000000 0.992221 0.124489 0.000000 -1 12
48.581676 86.502731 4.000000 0.423811 0.905750 0.000000 -0.984069 -0.177785 0.000000 0.691186 -0.722677 0.000000 -1 15
143.594574 88.559601 4.000000 0.930833 0.365445 -0.000000 -0.694646 0.719352 0.000000 -0.134287 -0.990943 -0.000000 -1 17
251.732010 88.715843 4.000000 0.900821 0.434191 0.000000 -0.762162 0.647386 0.000000 -0.106159 -0.994349 -0.000000 -1 18
9.414630 100.423393 4.000000 -0.590487 0.807047 0.000000 -0.542088 -0.840322 -0.000000 0.999394 -0.034809 0.000000 -1 21
118.513130 106.454025 4.000000 0.166092 0.986110 0.000000 -0.906646 -0.421892 0.000000 0.776800 -0.629747 -0.000000 -1 23
301.530701 108.522316 4.000000 -0.478265 0.878216 0.000000 -0.494356 -0.869260 0.000000 0.998644 0.052064 0.000000 -1 24
185.730896 115.713417 4.000000 0.706094 0.708118 0.000000 -0.938654 0.344859 0.000000 0.281098 -0.959679 -0.000000 -1 27
223.507523 116.469803 4.000000 0.900494 0.434868 0.000000 -0.834804 0.550547 0.000000 -0.055208 -0.998475 0.000000 -1 28
270.441986 121.418083 4.000000 -0.147138 0.989116 0.000000 -0.755955 -0.654623 -0.000000 0.925838 -0.377921 -0.000000 -1 30
9.501158 133.535858 4.000000 -0.673525 0.739164 0.000000 -0.300900 -0.953656 -0.000000 0.972422 0.233229 -0.000000 -1 31
55.420769 140.575836 4.000000 -0.185472 0.982650 0.000000 -0.845227 -0.534408 -0.000000 0.928601 -0.371080 0.000000 -1 33
244.492615 157.421371 4.000000 -0.284026 0.958816 0.000000 -0.668853 -0.743395 0.000000 0.962630 -0.270820 -0.000000 -1 36
192.401657 178.468262 4.000000 -0.291078 0.956699 0.000000 -0.686645 -0.726993 -0.000000 0.932375 -0.361491 -0.000000 -1 38
116.513657 184.552582 4.000000 0.949966 0.312352 0.000000 -0.692897 0.721036 0.000000 -0.215983 -0.976397 -0.000000 -1 41
278.436493 199.533539 4.000000 -0.013369 0.999911 0.000000 -0.897834 -0.440335 -0.000000 0.877814 -0.479002 -0.000000 -1 43
431.487396 201.481613 4.000000 -0.277500 0.960726 0.000000 -0.704652 -0.709553 -0.000000 0.961216 -0.275796 0.000000 -1 44
11.458324 212.570038 4.000000 0.908141 0.418665 0.000000 -0.744526 0.667593 0.000000 -0.180419 -0.983590 0.000000 -1 46
141.435379 213.567337 4.000000 -0.424806 0.905284 0.000000 -0.552916 -0.833237 -0.000000 0.999438 0.033537 0.000000 -1 47
104.469757 222.475037 4.000000 -0.303189 0.952930 0.000000 -0.763342 -0.645994 -0.000000 0.936226 -0.351398 -0.000000 -1 51
272.521210 235.399460 4.000000 0.842575 0.538579 0.000000 -0.945319 0.326147 0.000000 0.176979 -0.984215 -0.000000 -1 53
210.419418 239.452759 4.000000 0.299495 0.954098 0.000000 -0.988505 -0.151191 0.000000 0.573421 -0.819261 -0.000000 -1 54
164.552429 242.528229 4.000000 -0.198826 0.980035 0.000000 -0.656227 -0.754564 -0.000000 0.990192 -0.139711 -0.000000 -1 55
64.561028 259.410706 4.000000 0.049942 0.998752 0.000000 -0.840153 -0.542350 -0.000000 0.833013 -0.553253 -0.000000 -1 58
456.522552 259.554413 4.000000 0.351458 0.936204 0.000000 -0.993013 -0.118009 0.000000 0.661798 -0.749682 -0.000000 -1 60
200.737839 287.711884 4.000000 -0.511413 0.859335 0.000000 -0.371509 -0.928429 -0.000000 0.985539 0.169448 0.000000 -1 62
72.576630 294.519287 4.000000 -0.674944 0.737869 0.000000 -0.188527 -0.982068 -0.000000 0.979651 0.200707 0.000000 -1 64
