263.439850 1.447346 4.000000 0.936409 0.350912 -0.000000 -0.807797 0.589461 0.000000 -0.224124 -0.974561 -0.000000 -1 1
525.565430 3.514925 4.000000 -0.607977 0.793955 0.000000 -0.286595 -0.958052 -0.000000 0.984389 0.176006 0.000000 -1 2
163.419006 5.511541 4.000000 -0.366675 0.930349 0.000000 -0.637828 -0.770179 -0.000000 0.995251 -0.097338 0.000000 -1 3
38.492943 27.471144 4.000000 0.906188 0.422874 0.000000 -0.828403 0.560133 0.000000 -0.053866 -0.998548 0.000000 -1 7
183.410156 45.438255 4.000000 -0.519704 0.854346 0.000000 -0.556775 -0.830663 0.000000 0.999603 -0.028167 -0.000000 -1 12
8.430458 50.463905 4.000000 -0.760492 0.649347 0.000000 -0.198526 -0.980096 -0.000000 0.947368 0.320147 0.000000 -1 13
108.531487 51.442642 4.000000 -0.512047 0.858957 0.000000 -0.461517 -0.887131 -0.000000 0.995257 -0.097282 -0.000000 -1 14
243.443146 69.449715 4.000000 0.513196 0.858271 0.000000 -0.999944 0.010588 0.000000 0.425970 -0.904737 -0.000000 -1 17
294.725403 79.670181 4.000000 -0.020387 0.999792 0.000000 -0.893119 -0.449821 -0.000000 0.832820 -0.553544 -0.000000 -1 19
253.512344 85.479538 4.000000 -0.472608 0.881273 0.000000 -0.499685 -0.866207 -0.000000 0.999203 -0.039921 -0.000000 -1 22
142.483322 86.536285 4.000000 0.821639 0.570009 0.000000 -0.875862 0.482562 0.000000 0.063979 -0.997951 -0.000000 -1 23
52.561966 89.497581 4.000000 0.242401 0.970176 0.000000 -0.929111 -0.369801 -0.000000 0.776243 -0.630434 -0.000000 -1 24
266.502930 119.505806 4.000000 0.933468 0.358662 0.000000 -0.794986 0.606627 0.000000 -0.148575 -0.988901 -0.000000 -1 29
189.734146 120.285439 4.000000 0.688966 0.724793 0.000000 -0.991021 0.133705 0.000000 0.368970 -0.929441 -0.000000 -1 30
26.504192 121.539467 4.000000 0.542543 0.840028 0.000000 -0.989113 0.147155 0.000000 0.471738 -0.881739 -0.000000 -1 31
96.735992 124.700226 4.000000 -0.571666 0.820486 0.000000 -0.332918 -0.942956 -0.000000 0.981836 0.189731 0.000000 -1 32
595.471619 129.479385 4.000000 0.863921 0.503628 0.000000 -0.897425 0.441168 0.000000 -0.008499 -0.999964 -0.000000 -1 33
82.594185 133.471542 4.000000 0.461801 0.886983 0.000000 -0.989262 -0.146156 -0.000000 0.635002 -0.772510 -0.000000 -1 34
300.454041 151.557007 4.000000 -0.608665 0.793427 0.000000 -0.470632 -0.882330 -0.000000 0.990537 0.137243 0.000000 -1 39
223.465652 157.499359 4.000000 0.786293 0.617854 -0.000000 -0.966272 0.257524 0.000000 0.222758 -0.974874 -0.000000 -1 40
187.420792 161.454910 4.000000 0.032093 0.999485 0.000000 -0.905504 -0.424339 -0.000000 0.829029 -0.559205 -0.000000 -1 42
234.513855 161.550720 4.000000 0.448186 0.893941 0.000000 -0.999189 -0.040255 0.000000 0.571305 -0.820738 -0.000000 -1 43
125.549568 163.410324 4.000000 -0.767217 0.641388 0.000000 -0.179120 -0.983827 -0.000000 0.970967 0.239213 0.000000 -1 44
303.429352 201.540176 4.000000 -0.379766 0.925083 0.000000 -0.675417 -0.737436 -0.000000 0.990404 -0.138202 0.000000 -1 49
249.603775 208.493774 4.000000 -0.016969 0.999856 0.000000 -0.777692 -0.628645 -0.000000 0.894559 -0.446950 -0.000000 -1 50
174.432297 228.482803 4.000000 -0.650096 0.759852 0.000000 -0.410015 -0.912079 -0.000000 0.990898 0.134614 0.000000 -1 54
212.451843 233.482178 4.000000 0.416159 0.909292 0.000000 -0.997718 -0.067518 -0.000000 0.516628 -0.856210 -0.000000 -1 56
239.487228 256.433044 4.000000 -0.307701 0.951483 0.000000 -0.673065 -0.739583 -0.000000 0.960974 -0.276637 0.000000 -1 59
456.451172 259.558380 4.000000 0.281985 0.959419 0.000000 -0.994374 -0.105928 0.000000 0.639176 -0.769060 -0.000000 -1 60
166.581558 274.544922 4.000000 0.458408 0.888742 0.000000 -0.997026 -0.077070 0.000000 0.586012 -0.810302 -0.000000 -1 62
599.543640 281.437012 4.000000 0.586710 0.809797 0.000000 -0.999362 -0.035715 -0.000000 0.456375 -0.889787 -0.000000 -1 63
277.486206 283.598633 4.000000 0.070648 0.997501 0.000000 -0.903644 -0.428284 0.000000 0.911764 -0.410714 -0.000000 -1 64
73.579224 294.579437 4.000000 -0.201523 0.979484 0.000000 -0.711805 -0.702377 0.000000 0.984686 -0.174337 0.000000 -1 65
