294.540070 0.581835 4.000000 0.939376 0.342889 0.000000 -0.755930 0.654653 0.000000 -0.195904 -0.980623 -0.000000 -1 2
523.572693 4.541814 4.000000 -0.595125 0.803633 0.000000 -0.289250 -0.957254 -0.000000 0.979391 0.201974 0.000000 -1 3
264.289459 5.266743 4.000000 -0.313695 0.949524 0.000000 -0.713772 -0.700378 -0.000000 0.965728 -0.259555 0.000000 -1 5
88.474304 11.552552 4.000000 0.370523 0.928823 0.000000 -0.996392 -0.084864 0.000000 0.648568 -0.761156 -0.000000 -1 6
12.415583 19.541122 4.000000 0.799193 0.601075 0.000000 -0.857056 0.515223 0.000000 -0.048820 -0.998808 -0.000000 -1 10
265.483673 24.444742 4.000000 -0.673056 0.739591 0.000000 -0.309888 -0.950773 -0.000000 0.994795 0.101893 0.000000 -1 11
226.414261 29.572792 4.000000 -0.239649 0.970860 0.000000 -0.867166 -0.498019 0.000000 0.932790 -0.360420 -0.000000 -1 13
302.544250 37.512554 4.000000 -0.624735 0.780837 0.000000 -0.286882 -0.957966 -0.000000 0.980793 0.195051 0.000000 -1 18
87.561447 41.587173 4.000000 0.722127 0.691761 0.000000 -0.958384 0.285482 0.000000 0.330960 -0.943645 -0.000000 -1 19
172.503525 46.460251 4.000000 -0.764964 0.644073 0.000000 -0.155368 -0.987857 -0.000000 0.958739 0.284287 0.000000 -1 20
106.485474 48.520451 4.000000 -0.053025 0.998593 0.000000 -0.853465 -0.521150 -0.000000 0.895092 -0.445882 -0.000000 -1 21
256.522736 62.497784 4.000000 0.081814 0.996648 0.000000 -0.930259 -0.366903 -0.000000 0.793089 -0.609106 -0.000000 -1 23
44.704868 70.736710 4.000000 -0.509537 0.860449 0.000000 -0.484148 -0.874986 -0.000000 0.992652 0.121007 -0.000000 -1 25
158.515289 74.519211 4.000000 0.213440 0.976956 0.000000 -0.948653 -0.316318 -0.000000 0.729852 -0.683605 -0.000000 -1 26
104.419701 80.424042 4.000000 0.929923 0.367755 0.000000 -0.887961 0.459919 0.000000 -0.240274 -0.970705 -0.000000 -1 29
66.436935 89.486626 4.000000 0.093837 0.995588 0.000000 -0.918468 -0.395496 -0.000000 0.761719 -0.647908 -0.000000 -1 32
189.560684 94.454414 4.000000 -0.628317 0.777957 0.000000 -0.335668 -0.941980 -0.000000 0.996430 0.084420 0.000000 -1 33
119.565620 100.523354 4.000000 0.312881 0.949792 0.000000 -0.964189 -0.265216 -0.000000 0.750237 -0.661169 -0.000000 -1 34
490.462158 101.464867 4.000000 0.180713 0.983536 0.000000 -0.947576 -0.319531 -0.000000 0.710823 -0.703371 -0.000000 -1 35
30.504734 103.495949 4.000000 0.534340 0.845270 0.000000 -0.980601 -0.196013 -0.000000 0.166476 -0.986045 -0.000000 -1 36
252.690552 121.743683 4.000000 -0.515724 0.856755 0.000000 -0.490724 -0.871315 -0.000000 0.989703 0.143138 0.000000 -1 41
205.465042 130.584152 4.000000 0.887184 0.461416 0.000000 -0.769916 0.638146 0.000000 -0.253429 -0.967354 -0.000000 -1 42
45.545418 136.491348 4.000000 0.223111 0.974793 0.000000 -0.943261 -0.332051 -0.000000 0.748964 -0.662611 0.000000 -1 43
281.293762 150.735168 4.000000 -0.275710 0.961241 0.000000 -0.755895 -0.654693 -0.000000 0.986625 -0.163008 0.000000 -1 46
114.596832 183.507812 4.000000 -0.562540 0.826770 0.000000 -0.303078 -0.952966 -0.000000 0.993192 0.116488 0.000000 -1 49
432.540833 198.441772 4.000000 -0.290715 0.956810 0.000000 -0.633081 -0.774086 -0.000000 0.964169 -0.265287 -0.000000 -1 50
258.552216 215.477005 4.000000 0.196636 0.980477 0.000000 -0.914771 -0.403974 -0.000000 0.803712 -0.595019 -0.000000 -1 52
103.519653 227.475189 4.000000 0.190766 0.981636 0.000000 -0.935869 -0.352349 -0.000000 0.741266 -0.671211 -0.000000 -1 54
46.454494 235.576813 4.000000 0.869073 0.494683 0.000000 -0.821891 0.569645 0.000000 -0.099866 -0.995001 -0.000000 -1 55
182.493286 238.484955 4.000000 0.898937 0.438079 0.000000 -0.803098 0.595847 0.000000 -0.113928 -0.993489 -0.000000 -1 57
457.494720 260.433014 4.000000 0.370152 0.928971 0.000000 -0.973948 -0.226772 -0.000000 0.597184 -0.802104 -0.000000 -1 62
200.268478 262.704102 4.000000 -0.277199 0.960813 0.000000 -0.750992 -0.660312 -0.000000 0.954383 -0.298586 -0.000000 -1 63
45.441547 283.510345 4.000000 -0.599533 0.800350 0.000000 -0.446034 -0.895016 -0.000000 0.989959 0.141358 0.000000 -1 65
163.262802 294.346893 4.000000 -0.275613 0.961269 0.000000 -0.745024 -0.667037 -0.000000 0.901374 -0.433042 -0.000000 -1 67
