198.462891 3.430416 4.000000 -0.217112 0.976147 0.000000 -0.957914 -0.287055 -0.000000 0.823650 -0.567099 -0.000000 -1 2
230.491440 5.500915 4.000000 -0.724072 0.689725 0.000000 -0.192766 -0.981245 0.000000 0.976018 0.217691 0.000000 -1 3
522.484436 5.566125 4.000000 -0.640265 0.768155 -0.000000 -0.341717 -0.939803 -0.000000 0.963052 0.269316 0.000000 -1 4
267.564880 20.446415 4.000000 0.924990 0.379991 0.000000 -0.816410 0.577472 0.000000 -0.028441 -0.999595 -0.000000 -1 7
9.521188 36.569408 4.000000 -0.555267 0.831672 0.000000 -0.386264 -0.922388 -0.000000 0.985943 0.167081 0.000000 -1 10
301.420288 37.503410 4.000000 -0.738528 0.674223 0.000000 -0.335640 -0.941990 0.000000 0.965312 0.261101 0.000000 -1 11
193.460464 40.496101 4.000000 0.187498 0.982265 0.000000 -0.956750 -0.290912 -0.000000 0.793324 -0.608800 -0.000000 -1 14
63.553825 47.514229 4.000000 -0.289841 0.957075 0.000000 -0.702515 -0.711669 -0.000000 0.980927 -0.194377 0.000000 -1 16
156.488220 48.446228 4.000000 0.896486 0.443072 0.000000 -0.879268 0.476328 0.000000 -0.031044 -0.999518 -0.000000 -1 17
116.589767 49.434116 4.000000 -0.586818 0.809719 0.000000 -0.280532 -0.959845 -0.000000 0.996548 0.083018 -0.000000 -1 18
190.554611 56.426361 4.000000 -0.685491 0.728081 0.000000 -0.261397 -0.965231 -0.000000 0.987003 0.160699 0.000000 -1 19
243.485672 84.430855 4.000000 0.658361 0.752703 0.000000 -0.993225 0.116205 0.000000 0.309969 -0.950747 -0.000000 -1 21
303.477142 92.571320 4.000000 -0.430874 0.902412 0.000000 -0.614046 -0.789270 -0.000000 0.999996 0.002792 -0.000000 -1 26
200.506531 94.580353 4.000000 -0.545704 0.837978 0.000000 -0.446766 -0.894651 -0.000000 0.987371 0.158426 0.000000 -1 27
492.437897 95.531624 4.000000 0.124191 0.992258 0.000000 -0.963721 -0.266911 -0.000000 0.743729 -0.668482 -0.000000 -1 29
190.000000 116.419563 4.000000 0.831464 0.555579 0.000000 -0.995188 0.097983 0.000000 0.595652 -0.803243 -0.000000 -1 30
255.563629 117.432526 4.000000 0.243952 0.969787 0.000000 -0.909914 -0.414796 -0.000000 0.776814 -0.629730 -0.000000 -1 32
132.475159 134.439423 4.000000 -0.836769 0.547557 0.000000 -0.073163 -0.997320 -0.000000 0.954491 0.298241 0.000000 -1 34
160.532639 141.546112 4.000000 -0.192330 0.981330 0.000000 -0.793909 -0.608036 0.000000 0.964592 -0.263745 0.000000 -1 36
183.503311 151.442078 4.000000 0.312225 0.950008 0.000000 -0.967066 -0.254527 -0.000000 0.693048 -0.720891 -0.000000 -1 39
96.428047 158.417603 4.000000 0.926605 0.376035 0.000000 -0.865618 0.500705 0.000000 -0.184275 -0.982875 -0.000000 -1 40
1.408870 190.463669 4.000000 0.545410 0.838169 0.000000 -0.999216 0.039595 0.000000 0.353470 -0.935446 -0.000000 -1 43
434.520630 196.450500 4.000000 -0.356296 0.934373 0.000000 -0.601642 -0.798766 -0.000000 0.978246 -0.207447 0.000000 -1 45
47.495010 208.582672 4.000000 0.155932 0.987768 0.000000 -0.976056 -0.217520 -0.000000 0.784136 -0.620588 -0.000000 -1 46
128.581802 210.526596 4.000000 -0.108477 0.994099 0.000000 -0.750622 -0.660732 -0.000000 0.967486 -0.252924 -0.000000 -1 48
80.434700 231.463074 4.000000 0.018170 0.999835 0.000000 -0.902414 -0.430869 -0.000000 0.816543 -0.577285 -0.000000 -1 51
184.496628 238.453857 4.000000 -0.779648 0.626218 0.000000 -0.275795 -0.961216 -0.000000 0.973254 0.229734 0.000000 -1 53
119.477631 242.397751 4.000000 0.659359 0.751828 0.000000 -0.999969 0.007917 0.000000 0.455630 -0.890169 -0.000000 -1 55
230.585648 242.505722 4.000000 -0.558330 0.829619 0.000000 -0.370377 -0.928881 -0.000000 0.993372 0.114942 -0.000000 -1 56
458.584442 259.589325 4.000000 0.413335 0.910579 0.000000 -0.995485 -0.094924 0.000000 0.690045 -0.723766 -0.000000 -1 60
79.693985 261.726776 4.000000 0.952230 0.305382 0.000000 -0.692850 0.721081 0.000000 -0.186584 -0.982439 0.000000 -1 61
298.539337 269.569122 4.000000 -0.378843 0.925461 0.000000 -0.547756 -0.836638 -0.000000 0.999962 0.008678 0.000000 -1 62
36.516357 281.509094 4.000000 0.146537 0.989205 0.000000 -0.960917 -0.276837 0.000000 0.756813 -0.653632 -0.000000 -1 63
163.523621 293.509216 4.000000 0.548490 0.836157 0.000000 -0.999968 0.007975 0.000000 0.507085 -0.861896 -0.000000 -1 67
