524.540649 3.522511 4.000000 -0.608834 0.793298 0.000000 -0.320046 -0.947402 -0.000000 0.983750 0.179542 0.000000 -1 1
104.565857 16.402914 4.000000 -0.037503 0.999296 0.000000 -0.804136 -0.594446 -0.000000 0.867056 -0.498210 0.000000 -1 3
40.561165 27.513573 4.000000 -0.539964 0.841688 0.000000 -0.347116 -0.937822 -0.000000 0.998229 0.059481 0.000000 -1 5
153.502319 35.495319 4.000000 -0.257006 0.966410 0.000000 -0.613700 -0.789539 -0.000000 0.965686 -0.259712 -0.000000 -1 7
298.463470 40.430641 4.000000 -0.372173 0.928163 0.000000 -0.634897 -0.772596 0.000000 0.978036 -0.208435 -0.000000 -1 8
236.502670 60.585842 4.000000 -0.209727 0.977760 0.000000 -0.769694 -0.638413 -0.000000 0.977079 -0.212879 -0.000000 -1 10
50.560703 88.470009 4.000000 0.346009 0.938231 0.000000 -0.969359 -0.245647 -0.000000 0.683677 -0.729785 -0.000000 -1 13
140.516876 92.574768 4.000000 0.848932 0.528503 0.000000 -0.779125 0.626868 0.000000 -0.078616 -0.996905 -0.000000 -1 16
118.441139 105.516144 4.000000 0.059281 0.998241 0.000000 -0.925366 -0.379074 0.000000 0.786997 -0.616957 -0.000000 -1 17
300.495575 107.536049 4.000000 -0.613824 0.789443 0.000000 -0.358600 -0.933491 0.000000 0.982003 0.188863 0.000000 -1 18
185.470871 114.560692 4.000000 0.688697 0.725050 0.000000 -0.904334 0.426824 0.000000 0.165683 -0.986179 -0.000000 -1 20
226.464920 115.590286 4.000000 0.805430 0.592690 0.000000 -0.845295 0.534300 0.000000 0.021612 -0.999766 -0.000000 -1 21
11.588263 136.518295 4.000000 0.931829 0.362898 0.000000 -0.772246 0.635323 0.000000 -0.061524 -0.998106 -0.000000 -1 23
55.466965 141.497131 4.000000 -0.144069 0.989568 0.000000 -0.808666 -0.588268 0.000000 0.918132 -0.396274 0.000000 -1 25
113.497887 184.415436 4.000000 -0.698276 0.715829 0.000000 -0.270969 -0.962588 -0.000000 0.989149 0.146914 0.000000 -1 30
236.479553 184.536270 4.000000 0.488955 0.872309 0.000000 -0.999247 0.038790 0.000000 0.462724 -0.886503 -0.000000 -1 31
54.557106 187.597168 4.000000 0.385274 0.922802 0.000000 -0.982623 -0.185611 -0.000000 0.807209 -0.590266 0.000000 -1 32
431.524506 200.530060 4.000000 -0.238315 0.971188 0.000000 -0.702721 -0.711465 -0.000000 0.976718 -0.214525 0.000000 -1 33
163.455811 211.500137 4.000000 0.661018 0.750370 0.000000 -0.978615 0.205703 0.000000 0.246971 -0.969023 -0.000000 -1 36
12.423727 216.465759 4.000000 -0.761246 0.648464 0.000000 -0.302786 -0.953058 -0.000000 0.962639 0.270788 0.000000 -1 37
141.421768 216.505173 4.000000 -0.210371 0.977622 0.000000 -0.774527 -0.632541 -0.000000 0.946562 -0.322522 -0.000000 -1 39
103.522995 227.415695 4.000000 -0.032763 0.999463 0.000000 -0.857985 -0.513675 -0.000000 0.861949 -0.506995 -0.000000 -1 42
266.477478 235.546463 4.000000 0.888760 0.458373 0.000000 -0.877336 0.479877 0.000000 0.144920 -0.989443 -0.000000 -1 43
210.565720 236.455032 4.000000 0.397919 0.917421 0.000000 -0.999347 -0.036136 -0.000000 0.584236 -0.811584 -0.000000 -1 45
65.407951 253.556839 4.000000 -0.325618 0.945501 0.000000 -0.750356 -0.661034 -0.000000 0.961528 -0.274707 -0.000000 -1 49
456.554871 259.559021 4.000000 0.382692 0.923876 0.000000 -0.992325 -0.123660 -0.000000 0.676489 -0.736453 -0.000000 -1 50
201.427353 283.472382 4.000000 -0.612516 0.790459 0.000000 -0.370963 -0.928648 0.000000 0.965835 0.259159 0.000000 -1 52
224.561920 285.562225 4.000000 0.221652 0.975126 0.000000 -0.913770 -0.406233 -0.000000 0.880515 -0.474018 -0.000000 -1 53
