521.499756 5.461663 4.000000 -0.685134 0.728417 0.000000 -0.291042 -0.956710 -0.000000 0.984325 0.176362 0.000000 -1 1
270.480591 21.529774 4.000000 0.852383 0.522917 0.000000 -0.882886 0.469587 0.000000 0.053325 -0.998577 -0.000000 -1 3
214.508896 38.542053 4.000000 0.858475 0.512856 0.000000 -0.829253 0.558874 0.000000 -0.023052 -0.999734 -0.000000 -1 6
151.490402 43.463512 4.000000 0.888769 0.458355 0.000000 -0.859034 0.511918 0.000000 -0.028061 -0.999606 -0.000000 -1 8
298.467896 47.426693 4.000000 -0.513473 0.858105 0.000000 -0.486402 -0.873735 -0.000000 0.997156 -0.075370 -0.000000 -1 9
124.495773 51.473885 4.000000 -0.071705 0.997426 0.000000 -0.815638 -0.578562 -0.000000 0.881604 -0.471991 0.000000 -1 11
38.519901 52.473255 4.000000 0.753855 0.657041 0.000000 -0.933145 0.359501 0.000000 0.154258 -0.988031 -0.000000 -1 12
85.502846 60.501152 4.000000 0.414715 0.909951 0.000000 -0.995750 -0.092099 -0.000000 0.593025 -0.805184 -0.000000 -1 13
10.484530 82.522110 4.000000 0.535493 0.844539 0.000000 -0.997221 -0.074497 0.000000 0.283172 -0.959069 -0.000000 -1 16
162.420547 86.544510 4.000000 -0.429343 0.903141 0.000000 -0.654001 -0.756494 -0.000000 0.991160 -0.132673 -0.000000 -1 19
493.577118 92.521988 4.000000 0.258258 0.966076 0.000000 -0.940522 -0.339733 -0.000000 0.801056 -0.598589 -0.000000 -1 23
241.452164 94.507492 4.000000 -0.160698 0.987004 0.000000 -0.823700 -0.567026 -0.000000 0.906024 -0.423226 0.000000 -1 24
40.564117 99.587456 4.000000 0.959957 0.280147 0.000000 -0.566740 0.823897 0.000000 -0.337900 -0.941182 -0.000000 -1 26
384.476807 99.481018 4.000000 0.693135 0.720808 0.000000 -0.977120 0.212689 0.000000 0.266301 -0.963890 -0.000000 -1 27
282.487305 109.437897 4.000000 0.328412 0.944534 0.000000 -0.964304 -0.264798 -0.000000 0.679204 -0.733949 -0.000000 -1 28
26.425522 115.478897 4.000000 0.213979 0.976838 0.000000 -0.969341 -0.245720 -0.000000 0.644725 -0.764415 -0.000000 -1 29
213.403809 117.498085 4.000000 0.516237 0.856446 0.000000 -0.981596 0.190967 0.000000 0.311611 -0.950210 -0.000000 -1 30
165.539108 151.594315 4.000000 0.806929 0.590648 0.000000 -0.907073 0.420973 0.000000 0.174247 -0.984702 -0.000000 -1 36
281.489960 166.466919 4.000000 0.713370 0.700788 0.000000 -0.982373 0.186929 0.000000 0.344498 -0.938787 -0.000000 -1 38
238.300613 171.273865 4.000000 0.459385 0.888237 0.000000 -0.997921 -0.064448 -0.000000 0.497881 -0.867245 -0.000000 -1 39
111.578789 174.526947 4.000000 0.948430 0.316988 0.000000 -0.731314 0.682041 0.000000 -0.174661 -0.984629 -0.000000 -1 40
190.470917 178.564682 4.000000 0.500976 0.865461 0.000000 -0.994551 0.104249 0.000000 0.475037 -0.879966 -0.000000 -1 41
600.489685 189.569763 4.000000 0.427669 0.903935 0.000000 -0.997889 0.064943 0.000000 0.512451 -0.858716 -0.000000 -1 43
436.477509 195.553879 4.000000 -0.394892 0.918728 0.000000 -0.626814 -0.779169 -0.000000 0.997288 -0.073604 0.000000 -1 45
52.499683 211.403793 4.000000 -0.618124 0.786081 0.000000 -0.374921 -0.927057 0.000000 0.999925 0.012223 -0.000000 -1 48
129.425140 217.505585 4.000000 -0.506969 0.861964 0.000000 -0.579706 -0.814826 -0.000000 0.998727 -0.050442 -0.000000 -1 50
285.436035 219.578934 4.000000 0.748513 0.663120 0.000000 -0.939277 0.343159 0.000000 0.289237 -0.957258 -0.000000 -1 52
249.427765 226.501770 4.000000 0.060999 0.998138 0.000000 -0.931048 -0.364896 -0.000000 0.782548 -0.622590 -0.000000 -1 53
57.487946 256.483643 4.000000 0.680082 0.733136 0.000000 -0.970990 0.239120 0.000000 0.248662 -0.968590 -0.000000 -1 57
107.534355 259.541321 4.000000 -0.312551 0.949901 0.000000 -0.626280 -0.779598 -0.000000 0.988936 -0.148346 -0.000000 -1 58
460.472504 259.531433 4.000000 0.321639 0.946862 0.000000 -0.992495 -0.122287 0.000000 0.627579 -0.778553 -0.000000 -1 59
600.593018 260.485596 4.000000 0.551808 0.833971 0.000000 -0.999962 0.008759 -0.000000 0.529814 -0.848114 -0.000000 -1 60
87.266632 287.296356 4.000000 0.674804 0.737997 0.000000 -0.978538 0.206065 -0.000000 0.186763 -0.982405 0.000000 -1 65
171.295013 299.279419 4.000000 -0.632187 0.774816 0.000000 -0.405675 -0.914017 -0.000000 0.994014 0.109254 0.000000 -1 68
