205.570175 2.564256 4.000000 0.751694 0.659512 0.000000 -0.929953 0.367680 0.000000 0.226628 -0.973981 -0.000000 -1 1
520.538330 5.510437 4.000000 -0.662793 0.748802 0.000000 -0.260229 -0.965547 -0.000000 0.974652 0.223725 0.000000 -1 2
273.509277 27.415009 4.000000 0.779731 0.626115 0.000000 -0.968269 0.249909 0.000000 0.188717 -0.982032 -0.000000 -1 6
95.554329 31.448868 4.000000 -0.628005 0.778210 0.000000 -0.301567 -0.953445 -0.000000 0.994728 0.102545 0.000000 -1 8
299.406097 40.471508 4.000000 -0.500134 0.865948 0.000000 -0.571132 -0.820858 -0.000000 0.999999 -0.001378 0.000000 -1 11
50.458687 42.519455 4.000000 -0.050556 0.998721 0.000000 -0.843957 -0.536410 0.000000 0.901961 -0.431818 -0.000000 -1 12
219.492676 42.423092 4.000000 -0.841968 0.539528 0.000000 -0.112494 -0.993652 -0.000000 0.941144 0.338006 0.000000 -1 13
120.552849 50.474743 4.000000 0.786581 0.617487 0.000000 -0.944320 0.329030 0.000000 0.255921 -0.966698 -0.000000 -1 14
230.451431 57.587833 4.000000 0.200788 0.979635 0.000000 -0.977535 -0.210774 -0.000000 0.837506 -0.546429 -0.000000 -1 18
9.523777 61.561302 4.000000 -0.537922 0.842995 0.000000 -0.454758 -0.890615 -0.000000 0.995426 0.095537 0.000000 -1 19
151.414139 64.490318 4.000000 0.642593 0.766207 0.000000 -0.979392 0.201966 0.000000 0.217474 -0.976066 -0.000000 -1 20
75.504105 81.542160 4.000000 0.621828 0.783154 0.000000 -0.966893 0.255183 0.000000 0.281436 -0.959580 -0.000000 -1 22
163.275024 88.720184 4.000000 -0.271732 0.962373 0.000000 -0.772297 -0.635262 -0.000000 0.965830 -0.259176 -0.000000 -1 25
226.540527 90.424225 4.000000 0.926485 0.376332 -0.000000 -0.890239 0.455494 0.000000 -0.082695 -0.996575 -0.000000 -1 26
495.474701 91.440628 4.000000 0.157178 0.987570 0.000000 -0.921705 -0.387892 0.000000 0.735722 -0.677284 -0.000000 -1 27
382.467438 101.450706 4.000000 0.695949 0.718091 0.000000 -0.984107 0.177576 0.000000 0.246237 -0.969210 -0.000000 -1 30
106.560768 102.455887 4.000000 0.404724 0.914439 0.000000 -0.995780 -0.091776 -0.000000 0.617830 -0.786312 -0.000000 -1 31
195.437973 105.440102 4.000000 0.269289 0.963060 0.000000 -0.952798 -0.303605 -0.000000 0.710447 -0.703750 -0.000000 -1 33
159.521164 109.560455 4.000000 0.815336 0.578988 0.000000 -0.933061 0.359719 0.000000 0.086097 -0.996287 -0.000000 -1 37
6.548631 121.434799 4.000000 -0.697793 0.716300 0.000000 -0.252120 -0.967696 -0.000000 0.985840 0.167690 0.000000 -1 38
240.517105 128.430450 4.000000 -0.308360 0.951270 0.000000 -0.609968 -0.792426 -0.000000 0.969742 -0.244133 0.000000 -1 40
114.493202 175.589218 4.000000 0.922667 0.385599 0.000000 -0.723359 0.690472 0.000000 -0.139830 -0.990176 -0.000000 -1 46
59.431923 176.523239 4.000000 -0.658117 0.752915 0.000000 -0.377562 -0.925984 -0.000000 0.979529 0.201305 0.000000 -1 47
186.504288 179.594131 4.000000 0.915455 0.402421 0.000000 -0.717770 0.696281 0.000000 -0.228702 -0.973496 -0.000000 -1 48
88.466721 183.470596 4.000000 0.236914 0.971531 0.000000 -0.980100 -0.198503 -0.000000 0.647354 -0.762190 -0.000000 -1 49
3.514166 190.521561 4.000000 0.530500 0.847685 0.000000 -0.999941 0.010854 0.000000 0.476256 -0.879307 -0.000000 -1 50
437.466980 195.554886 4.000000 -0.426367 0.904550 0.000000 -0.612023 -0.790840 -0.000000 0.998782 -0.049346 -0.000000 -1 53
46.379646 209.534897 4.000000 -0.165990 0.986127 0.000000 -0.801559 -0.597915 -0.000000 0.834522 -0.550974 -0.000000 -1 54
205.517441 212.478470 4.000000 -0.037023 0.999314 0.000000 -0.814800 -0.579742 -0.000000 0.894083 -0.447901 -0.000000 -1 55
136.272202 219.279007 4.000000 -0.531658 0.846959 0.000000 -0.534079 -0.845435 -0.000000 0.998354 -0.057361 -0.000000 -1 59
27.509321 224.550690 4.000000 0.467864 0.883800 0.000000 -0.999994 0.003332 0.000000 0.492296 -0.870428 -0.000000 -1 60
248.495102 225.416855 4.000000 0.337190 0.941437 0.000000 -0.957501 -0.288429 0.000000 0.607643 -0.794211 -0.000000 -1 61
56.473446 258.431976 4.000000 0.702985 0.711205 0.000000 -0.983791 0.179320 0.000000 0.232082 -0.972696 -0.000000 -1 68
111.465523 259.473511 4.000000 -0.153394 0.988165 0.000000 -0.740008 -0.672598 -0.000000 0.925069 -0.379799 0.000000 -1 69
460.567230 259.509521 4.000000 0.413712 0.910408 0.000000 -0.987519 -0.157497 -0.000000 0.667386 -0.744712 -0.000000 -1 70
290.597626 267.549896 4.000000 0.813235 0.581935 0.000000 -0.900813 0.434207 0.000000 0.162256 -0.986749 -0.000000 -1 71
256.457214 272.489075 4.000000 -0.072882 0.997341 0.000000 -0.858459 -0.512881 -0.000000 0.886368 -0.462982 -0.000000 -1 72
23.722507 283.706635 4.000000 -0.232918 0.972497 0.000000 -0.686435 -0.727191 -0.000000 0.980519 -0.196425 -0.000000 -1 74
171.491608 297.531921 4.000000 -0.616347 0.787475 0.000000 -0.390907 -0.920430 -0.000000 0.984019 0.178064 0.000000 -1 78
