526.486938 5.502025 4.000000 -0.675383 0.737467 0.000000 -0.316068 -0.948737 0.000000 0.976503 0.215504 0.000000 -1 3
159.514969 16.426054 4.000000 0.576699 0.816956 0.000000 -0.999997 0.002463 0.000000 0.421857 -0.906662 -0.000000 -1 5
299.404144 17.502380 4.000000 -0.557550 0.830143 0.000000 -0.552437 -0.833555 -0.000000 0.999995 0.003005 -0.000000 -1 6
249.345963 20.751766 4.000000 0.251100 0.967961 0.000000 -0.971380 -0.237529 0.000000 0.807379 -0.590034 -0.000000 -1 7
99.522377 21.535351 4.000000 0.776966 0.629543 0.000000 -0.866887 0.498505 0.000000 0.114601 -0.993412 -0.000000 -1 8
5.550684 43.605171 4.000000 -0.252404 0.967622 0.000000 -0.715868 -0.698236 -0.000000 0.991478 -0.130271 -0.000000 -1 11
207.539337 72.500603 4.000000 0.808978 0.587839 0.000000 -0.911691 0.410876 -0.000000 0.183449 -0.983029 -0.000000 -1 15
43.434105 81.407280 4.000000 -0.450282 0.892886 0.000000 -0.639346 -0.768919 0.000000 0.973690 -0.227878 -0.000000 -1 16
134.457047 107.563805 4.000000 -0.645730 0.763566 0.000000 -0.328867 -0.944376 0.000000 0.977981 0.208693 0.000000 -1 19
243.487671 113.584267 4.000000 0.916369 0.400334 0.000000 -0.826442 0.563022 0.000000 -0.381950 -0.924183 -0.000000 -1 22
14.534103 114.407394 4.000000 -0.782493 0.622660 0.000000 -0.151951 -0.988388 0.000000 0.968654 0.248414 0.000000 -1 23
291.471039 117.501205 4.000000 0.407117 0.913376 0.000000 -0.999609 -0.027956 0.000000 0.534156 -0.845386 -0.000000 -1 24
100.417458 129.417755 4.000000 0.871270 0.490804 0.000000 -0.891129 0.453750 0.000000 -0.078472 -0.996916 -0.000000 -1 25
126.551140 183.474548 4.000000 -0.645678 0.763610 0.000000 -0.277014 -0.960866 -0.000000 0.988016 0.154351 0.000000 -1 29
184.431442 189.440460 4.000000 0.225347 0.974279 0.000000 -0.953013 -0.302929 -0.000000 0.650188 -0.759773 0.000000 -1 30
77.471611 205.574585 4.000000 0.806271 0.591546 0.000000 -0.899390 0.437147 0.000000 0.080620 -0.996745 -0.000000 -1 32
182.459122 232.440308 4.000000 -0.306682 0.951812 0.000000 -0.680222 -0.733006 -0.000000 0.955394 -0.295333 -0.000000 -1 36
296.507874 238.474030 4.000000 -0.608247 0.793748 0.000000 -0.387671 -0.921798 -0.000000 0.996609 0.082281 0.000000 -1 37
243.582458 239.577591 4.000000 -0.562310 0.826926 0.000000 -0.431828 -0.901956 -0.000000 0.987712 0.156284 0.000000 -1 39
110.509583 248.528091 4.000000 0.570628 0.821208 0.000000 -0.990527 0.137319 0.000000 0.454239 -0.890880 -0.000000 -1 40
455.547882 259.460846 4.000000 0.375214 0.926938 0.000000 -0.974049 -0.226336 0.000000 0.660055 -0.751217 -0.000000 -1 43
35.495419 260.536133 4.000000 0.945882 0.324510 0.000000 -0.715682 0.698426 0.000000 -0.254871 -0.966975 -0.000000 -1 44
230.695511 262.257568 4.000000 0.493967 0.869481 0.000000 -0.976053 -0.217533 0.000000 0.655338 -0.755335 -0.000000 -1 46
600.587097 273.515198 4.000000 0.384503 0.923124 0.000000 -0.982065 -0.188543 0.000000 0.710381 -0.703817 -0.000000 -1 49
135.663330 278.275208 4.000000 0.633483 0.773757 0.000000 -0.998007 0.063106 0.000000 0.288147 -0.957586 -0.000000 -1 50
160.496353 287.495972 4.000000 -0.251792 0.967781 0.000000 -0.727240 -0.686384 -0.000000 0.962867 -0.269977 -0.000000 -1 51
268.533356 290.583771 4.000000 -0.259185 0.965828 -0.000000 -0.647607 -0.761975 -0.000000 0.997644 -0.068596 0.000000 -1 53
