193.552139 4.482527 4.000000 -0.343996 0.938971 0.000000 -0.601637 -0.798770 0.000000 0.983806 -0.179235 -0.000000 -1 2
278.434418 4.502328 4.000000 0.009076 0.999959 0.000000 -0.887717 -0.460389 0.000000 0.879544 -0.475817 -0.000000 -1 3
527.575378 7.521013 4.000000 -0.633314 0.773895 0.000000 -0.239003 -0.971019 0.000000 0.976849 0.213931 -0.000000 -1 4
7.561769 19.550835 4.000000 0.919428 0.393259 0.000000 -0.613108 0.789999 0.000000 -0.192252 -0.981346 -0.000000 -1 6
296.492065 21.494238 4.000000 -0.345706 0.938343 0.000000 -0.537596 -0.843203 0.000000 0.997540 0.070104 0.000000 -1 7
78.460228 22.510439 4.000000 0.057853 0.998325 0.000000 -0.899786 -0.436332 -0.000000 0.816179 -0.577799 -0.000000 -1 8
230.538757 31.439329 4.000000 0.231959 0.972726 0.000000 -0.923639 -0.383265 -0.000000 0.768875 -0.639399 -0.000000 -1 12
182.510223 44.613148 4.000000 -0.534279 0.845308 0.000000 -0.594575 -0.804040 -0.000000 0.993149 0.116858 0.000000 -1 13
130.491623 45.421673 4.000000 -0.076205 0.997092 0.000000 -0.826307 -0.563219 -0.000000 0.883116 -0.469154 -0.000000 -1 14
14.432275 77.578232 4.000000 0.868756 0.495241 0.000000 -0.799091 0.601211 0.000000 -0.116930 -0.993140 -0.000000 -1 20
126.478348 81.593681 4.000000 0.657489 0.753464 0.000000 -0.953674 0.300842 0.000000 0.298301 -0.954472 0.000000 -1 21
199.411346 83.503372 4.000000 0.019298 0.999814 0.000000 -0.880686 -0.473700 0.000000 0.796439 -0.604719 0.000000 -1 22
235.499542 96.418343 4.000000 0.165618 0.986190 0.000000 -0.891344 -0.453328 0.000000 0.781064 -0.624451 -0.000000 -1 24
96.573280 107.534843 4.000000 0.334035 0.942561 0.000000 -0.951787 -0.306758 -0.000000 0.771205 -0.636587 -0.000000 -1 25
37.414219 119.438667 4.000000 -0.012230 0.999925 0.000000 -0.855613 -0.517616 -0.000000 0.818286 -0.574812 -0.000000 -1 27
159.579910 119.417641 4.000000 0.066468 0.997789 0.000000 -0.846562 -0.532290 -0.000000 0.856380 -0.516346 0.000000 -1 28
270.418518 126.443329 4.000000 -0.754792 0.655964 0.000000 -0.323572 -0.946204 0.000000 0.964922 0.262537 0.000000 -1 32
88.468086 137.405045 4.000000 0.253471 0.967343 0.000000 -0.927466 -0.373907 0.000000 0.713965 -0.700181 -0.000000 -1 33
272.000000 165.000000 4.000000 0.620215 0.784432 0.000000 -0.745904 0.666054 0.000000 0.156619 -0.987659 -0.000000 -1 36
1.283635 168.721176 4.000000 0.338966 0.940799 0.000000 -0.998873 -0.047471 0.000000 0.597072 -0.802187 -0.000000 -1 38
199.535172 170.493790 4.000000 -0.394375 0.918950 0.000000 -0.504174 -0.863602 0.000000 0.999613 0.027812 0.000000 -1 39
150.715164 185.273926 4.000000 -0.606492 0.795089 0.000000 -0.328284 -0.944579 -0.000000 0.997777 0.066647 -0.000000 -1 42
246.428345 186.506134 4.000000 0.577183 0.816615 0.000000 -0.992566 0.121707 0.000000 0.327632 -0.944806 -0.000000 -1 43
299.497314 198.560684 4.000000 -0.398059 0.917360 0.000000 -0.610629 -0.791917 0.000000 0.999788 -0.020604 -0.000000 -1 45
99.544243 201.422348 4.000000 -0.375793 0.926704 0.000000 -0.577155 -0.816634 -0.000000 0.983302 -0.181981 -0.000000 -1 47
28.559381 210.532379 4.000000 0.372187 0.928158 0.000000 -0.981964 -0.189068 -0.000000 0.720160 -0.693808 -0.000000 -1 48
127.271317 222.719971 4.000000 -0.092478 0.995715 0.000000 -0.889220 -0.457481 0.000000 0.880447 -0.474145 -0.000000 -1 50
195.542740 236.435760 4.000000 -0.347487 0.937685 0.000000 -0.657701 -0.753279 -0.000000 0.966724 -0.255821 -0.000000 -1 56
225.573486 242.509979 4.000000 0.844930 0.534877 0.000000 -0.894801 0.446465 0.000000 0.158353 -0.987383 -0.000000 -1 58
133.500824 247.479568 4.000000 -0.457978 0.888963 0.000000 -0.602642 -0.798012 0.000000 0.995173 -0.098140 -0.000000 -1 59
600.477112 249.437241 4.000000 0.444649 0.895705 0.000000 -0.995062 -0.099259 0.000000 0.478624 -0.878020 -0.000000 -1 60
298.468536 257.472717 4.000000 -0.555610 0.831443 0.000000 -0.454112 -0.890945 -0.000000 0.999865 -0.016454 0.000000 -1 62
456.574036 257.563446 4.000000 0.367976 0.929835 0.000000 -0.984999 -0.172562 0.000000 0.718958 -0.695054 -0.000000 -1 63
173.552383 262.542023 4.000000 0.748022 0.663674 0.000000 -0.943009 0.332768 0.000000 0.286044 -0.958216 -0.000000 -1 65
263.427124 281.481964 4.000000 0.758885 0.651224 0.000000 -0.961578 0.274533 0.000000 0.151544 -0.988451 -0.000000 -1 68
