524.453674 4.498827 4.000000 -0.664002 0.747731 0.000000 -0.381129 -0.924522 -0.000000 0.984254 0.176759 0.000000 -1 1
261.470581 11.459104 4.000000 -0.646452 0.762954 0.000000 -0.341762 -0.939787 -0.000000 0.980968 0.194167 0.000000 -1 3
95.449280 13.562386 4.000000 0.318466 0.947934 0.000000 -0.998672 -0.051513 0.000000 0.604366 -0.796707 -0.000000 -1 4
133.482681 21.408983 4.000000 0.792472 0.609908 0.000000 -0.954316 0.298798 -0.000000 0.173523 -0.984830 -0.000000 -1 6
172.512680 21.449787 4.000000 0.520612 0.853794 0.000000 -0.994976 -0.100116 -0.000000 0.663595 -0.748092 -0.000000 -1 7
302.527374 36.531849 4.000000 -0.646814 0.762648 0.000000 -0.298746 -0.954333 -0.000000 0.971086 0.238730 0.000000 -1 12
599.533081 53.469189 4.000000 0.559262 0.828991 0.000000 -0.999859 0.016814 0.000000 0.449480 -0.893290 -0.000000 -1 13
153.483582 70.585953 4.000000 0.317086 0.948397 0.000000 -0.975966 -0.217924 0.000000 0.760421 -0.649430 -0.000000 -1 16
58.569904 89.542793 4.000000 0.141548 0.989931 0.000000 -0.887440 -0.460923 -0.000000 0.846833 -0.531859 -0.000000 -1 18
30.411005 90.527260 4.000000 0.357281 0.933997 0.000000 -0.995440 -0.095390 0.000000 0.532407 -0.846489 -0.000000 -1 19
113.559074 104.421974 4.000000 -0.011512 0.999934 0.000000 -0.827668 -0.561218 -0.000000 0.859622 -0.510931 -0.000000 -1 21
228.515457 107.459259 4.000000 0.830883 0.556447 0.000000 -0.930042 0.367454 0.000000 0.151558 -0.988448 -0.000000 -1 22
169.444260 111.482506 4.000000 0.491640 0.870799 0.000000 -0.998684 -0.051283 -0.000000 0.521290 -0.853379 -0.000000 -1 23
206.501938 127.471367 4.000000 -0.319659 0.947533 0.000000 -0.685997 -0.727605 -0.000000 0.969041 -0.246901 -0.000000 -1 26
51.470535 139.549057 4.000000 -0.186596 0.982437 0.000000 -0.793192 -0.608972 -0.000000 0.945596 -0.325344 -0.000000 -1 29
107.498245 141.489868 4.000000 0.911558 0.411171 0.000000 -0.855114 0.518439 -0.000000 -0.115431 -0.993316 -0.000000 -1 30
180.542374 152.549316 4.000000 0.486377 0.873749 0.000000 -0.998026 -0.062797 0.000000 0.663005 -0.748615 -0.000000 -1 33
139.567596 158.586212 4.000000 0.852266 0.523108 0.000000 -0.826903 0.562344 0.000000 0.083920 -0.996472 -0.000000 -1 36
277.498871 159.415741 4.000000 -0.659715 0.751516 0.000000 -0.325970 -0.945380 -0.000000 0.998599 0.052909 0.000000 -1 37
214.515457 171.373535 4.000000 -0.533873 0.845564 0.000000 -0.633608 -0.773654 0.000000 0.983511 -0.180849 -0.000000 -1 39
114.489159 180.581024 4.000000 -0.422965 0.906146 0.000000 -0.583796 -0.811900 -0.000000 0.999931 0.011724 -0.000000 -1 42
300.449402 183.582764 4.000000 -0.199103 0.979979 0.000000 -0.793996 -0.607923 -0.000000 0.976083 -0.217399 -0.000000 -1 43
242.445602 186.507797 4.000000 0.706283 0.707930 0.000000 -0.963215 0.268734 0.000000 0.186122 -0.982527 -0.000000 -1 44
432.468353 198.558136 4.000000 -0.302271 0.953222 0.000000 -0.718204 -0.695833 -0.000000 0.982936 -0.183949 0.000000 -1 45
57.476246 208.445297 4.000000 0.153505 0.988148 0.000000 -0.898856 -0.438244 0.000000 0.684226 -0.729270 -0.000000 -1 47
167.523163 210.540909 4.000000 0.712593 0.701578 0.000000 -0.961200 0.275853 0.000000 0.306017 -0.952026 -0.000000 -1 48
256.542969 215.442368 4.000000 0.020804 0.999784 0.000000 -0.826913 -0.562330 -0.000000 0.853588 -0.520949 -0.000000 -1 51
101.532707 232.451508 4.000000 0.038864 0.999245 0.000000 -0.834006 -0.551756 -0.000000 0.838219 -0.545334 -0.000000 -1 54
44.553650 235.513840 4.000000 0.889400 0.457129 0.000000 -0.817331 0.576168 0.000000 0.004501 -0.999990 -0.000000 -1 56
108.286629 253.265945 4.000000 -0.838644 0.544680 0.000000 -0.174459 -0.984664 -0.000000 0.947972 0.318353 0.000000 -1 60
69.445099 255.446121 4.000000 -0.047796 0.998857 0.000000 -0.872940 -0.487828 -0.000000 0.828183 -0.560458 -0.000000 -1 61
135.525848 258.513153 4.000000 0.087101 0.996199 0.000000 -0.954994 -0.296624 -0.000000 0.802318 -0.596897 -0.000000 -1 62
457.450409 260.417847 4.000000 0.348313 0.937378 0.000000 -0.968762 -0.247993 -0.000000 0.561206 -0.827676 -0.000000 -1 64
52.453026 286.506561 4.000000 0.930207 0.367034 0.000000 -0.769420 0.638743 0.000000 -0.173862 -0.984770 -0.000000 -1 68
235.573257 288.420013 4.000000 0.210417 0.977612 0.000000 -0.898908 -0.438138 -0.000000 0.769937 -0.638119 0.000000 -1 70
