524.436279 4.523284 4.000000 -0.666857 0.745186 0.000000 -0.397960 -0.917403 0.000000 0.979968 0.199155 0.000000 -1 1
262.538086 9.510639 4.000000 -0.594445 0.804136 0.000000 -0.333291 -0.942824 -0.000000 0.981140 0.193297 0.000000 -1 3
92.438736 12.593544 4.000000 0.351411 0.936221 0.000000 -0.999753 0.022206 0.000000 0.565271 -0.824906 -0.000000 -1 4
134.578430 21.509624 4.000000 0.770624 0.637290 0.000000 -0.942917 0.333028 0.000000 0.303264 -0.952907 -0.000000 -1 6
302.504303 37.476425 4.000000 -0.665137 0.746721 0.000000 -0.313622 -0.949548 -0.000000 0.984541 0.175153 0.000000 -1 8
179.450348 46.416828 4.000000 0.810463 0.585789 0.000000 -0.957242 0.289289 0.000000 0.029183 -0.999574 -0.000000 -1 10
101.592903 51.467030 4.000000 -0.231125 0.972924 0.000000 -0.479749 -0.877406 0.000000 0.986415 0.164273 0.000000 -1 12
600.427246 54.534512 4.000000 0.491503 0.870876 0.000000 -0.997842 0.065656 0.000000 0.397339 -0.917672 -0.000000 -1 14
156.548370 72.419655 4.000000 0.445355 0.895354 0.000000 -0.973556 -0.228448 -0.000000 0.599069 -0.800697 -0.000000 -1 17
60.481777 89.490540 4.000000 0.108030 0.994148 0.000000 -0.904003 -0.427526 -0.000000 0.784134 -0.620591 -0.000000 -1 19
189.539963 92.591034 4.000000 -0.468974 0.883212 0.000000 -0.544644 -0.838667 -0.000000 0.997125 0.075770 0.000000 -1 20
29.467894 93.450073 4.000000 0.522676 0.852532 0.000000 -0.998270 -0.058793 0.000000 0.435872 -0.900008 0.000000 -1 21
114.559761 102.582428 4.000000 0.183327 0.983052 0.000000 -0.947152 -0.320784 -0.000000 0.829537 -0.558452 -0.000000 -1 23
227.449936 106.503227 4.000000 0.809708 0.586833 0.000000 -0.942126 0.335259 -0.000000 0.154111 -0.988054 -0.000000 -1 24
171.486145 111.507034 4.000000 0.499720 0.866187 0.000000 -0.998581 -0.053249 0.000000 0.575596 -0.817734 -0.000000 -1 28
254.522995 120.598335 4.000000 -0.406365 0.913711 0.000000 -0.616446 -0.787398 -0.000000 0.999998 -0.001973 0.000000 -1 29
205.529236 127.467392 4.000000 -0.324986 0.945719 0.000000 -0.676291 -0.736635 -0.000000 0.974750 -0.223300 -0.000000 -1 31
50.409966 139.493011 4.000000 -0.217246 0.976117 0.000000 -0.817602 -0.575784 -0.000000 0.917210 -0.398403 -0.000000 -1 33
280.438446 155.476654 4.000000 -0.532140 0.846656 0.000000 -0.560963 -0.827841 -0.000000 0.998244 -0.059236 0.000000 -1 36
140.490906 157.455994 4.000000 0.869970 0.493105 0.000000 -0.896143 0.443765 0.000000 0.075167 -0.997171 -0.000000 -1 37
114.563988 181.564651 4.000000 -0.391562 0.920152 0.000000 -0.545476 -0.838127 -0.000000 0.999937 0.011251 -0.000000 -1 40
243.504288 186.581970 4.000000 0.741642 0.670796 0.000000 -0.922315 0.386440 0.000000 0.167236 -0.985917 -0.000000 -1 41
432.489014 198.519943 4.000000 -0.298474 0.954418 0.000000 -0.694116 -0.719863 -0.000000 0.978091 -0.208177 0.000000 -1 42
11.420258 203.489944 4.000000 0.745473 0.666535 0.000000 -0.864088 0.503341 0.000000 0.012158 -0.999926 -0.000000 -1 44
168.485062 211.445801 4.000000 0.758143 0.652088 0.000000 -0.976379 0.216065 0.000000 0.289118 -0.957293 -0.000000 -1 47
257.513275 214.574646 4.000000 0.053467 0.998570 0.000000 -0.901587 -0.432597 -0.000000 0.879959 -0.475049 -0.000000 -1 48
103.401169 229.452835 4.000000 0.028009 0.999608 0.000000 -0.910387 -0.413759 -0.000000 0.758808 -0.651314 -0.000000 -1 51
44.516407 236.562561 4.000000 0.883642 0.468163 0.000000 -0.778278 0.627920 0.000000 -0.079925 -0.996801 -0.000000 -1 53
69.537964 254.519409 4.000000 0.101719 0.994813 0.000000 -0.926534 -0.376212 -0.000000 0.813026 -0.582228 -0.000000 -1 56
107.511887 254.458817 4.000000 -0.830384 0.557192 0.000000 -0.040561 -0.999177 -0.000000 0.944716 0.327890 0.000000 -1 57
457.461182 260.423462 4.000000 0.353683 0.935365 0.000000 -0.971132 -0.238541 -0.000000 0.571769 -0.820415 -0.000000 -1 59
9.412012 267.568604 4.000000 0.909502 0.415700 0.000000 -0.765377 0.643583 0.000000 -0.207986 -0.978132 0.000000 -1 60
51.580051 286.424286 4.000000 -0.699395 0.714735 0.000000 -0.137543 -0.990496 -0.000000 0.978050 0.208369 -0.000000 -1 64
236.547516 289.433594 4.000000 0.110189 0.993911 0.000000 -0.871859 -0.489757 -0.000000 0.785419 -0.618964 -0.000000 -1 66
