195.556839 3.560649 4.000000 -0.212707 0.977116 0.000000 -0.713875 -0.700273 -0.000000 0.983354 -0.181701 -0.000000 -1 1
527.578430 7.540039 4.000000 -0.624988 0.780634 0.000000 -0.243342 -0.969941 -0.000000 0.972051 0.234769 -0.000000 -1 3
247.560577 12.536945 4.000000 0.930247 0.366935 0.000000 -0.782233 0.622986 0.000000 -0.203048 -0.979169 0.000000 -1 5
78.471031 22.500149 4.000000 0.024637 0.999696 0.000000 -0.875878 -0.482533 -0.000000 0.835582 -0.549366 -0.000000 -1 7
298.546082 25.495390 4.000000 -0.491510 0.870872 0.000000 -0.433976 -0.900925 -0.000000 0.998029 0.062754 0.000000 -1 9
230.726089 30.724213 4.000000 0.247812 0.968808 0.000000 -0.949453 -0.313908 -0.000000 0.807253 -0.590206 -0.000000 -1 11
269.442688 46.494823 4.000000 0.033515 0.999438 0.000000 -0.915253 -0.402880 0.000000 0.861438 -0.507863 -0.000000 -1 13
14.445165 72.554451 4.000000 0.882961 0.469447 0.000000 -0.737783 0.675038 0.000000 -0.149037 -0.988832 -0.000000 -1 17
126.725410 79.703178 4.000000 0.749698 0.661781 0.000000 -0.951507 0.307626 0.000000 0.285407 -0.958406 -0.000000 -1 19
196.729462 83.285538 4.000000 0.134611 0.990898 0.000000 -0.805887 -0.592069 -0.000000 0.829056 -0.559165 -0.000000 -1 20
234.495743 95.593269 4.000000 0.191737 0.981446 0.000000 -0.965892 -0.258947 0.000000 0.793499 -0.608572 -0.000000 -1 22
64.355042 102.516953 4.000000 0.609636 0.792681 0.000000 -0.808431 0.588591 0.000000 0.034795 -0.999394 -0.000000 -1 24
99.450958 110.562935 4.000000 0.455158 0.890411 0.000000 -0.999993 -0.003740 0.000000 0.553294 -0.832986 -0.000000 -1 25
36.504322 118.539070 4.000000 0.037680 0.999290 0.000000 -0.859790 -0.510648 -0.000000 0.906134 -0.422990 -0.000000 -1 26
159.491959 120.404968 4.000000 0.115821 0.993270 0.000000 -0.892989 -0.450079 -0.000000 0.778975 -0.627055 -0.000000 -1 27
270.560852 125.496338 4.000000 -0.514767 0.857330 0.000000 -0.407438 -0.913233 -0.000000 0.998979 0.045170 -0.000000 -1 31
88.433174 136.539062 4.000000 0.131031 0.991378 0.000000 -0.958952 -0.283568 0.000000 0.769287 -0.638903 -0.000000 -1 33
1.419383 168.434143 4.000000 0.386870 0.922134 0.000000 -0.989241 -0.146296 -0.000000 0.517376 -0.855758 0.000000 -1 35
200.417160 172.452774 4.000000 -0.467577 0.883952 0.000000 -0.592881 -0.805290 -0.000000 0.997510 -0.070524 0.000000 -1 36
151.472916 184.453613 4.000000 -0.619295 0.785159 0.000000 -0.407114 -0.913378 -0.000000 0.996764 0.080385 0.000000 -1 37
247.562469 185.524796 4.000000 0.707107 0.707106 0.000000 -0.968416 0.249342 -0.000000 0.334739 -0.942311 -0.000000 -1 38
100.444153 199.432327 4.000000 -0.452847 0.891588 0.000000 -0.585102 -0.810960 0.000000 0.992695 -0.120655 -0.000000 -1 42
297.559448 199.485794 4.000000 -0.259550 0.965730 0.000000 -0.685989 -0.727612 -0.000000 0.977354 -0.211610 -0.000000 -1 43
30.482164 210.559616 4.000000 0.294178 0.955751 0.000000 -0.991328 -0.131414 -0.000000 0.677620 -0.735412 -0.000000 -1 45
120.575180 222.514511 4.000000 -0.657301 0.753628 0.000000 -0.248574 -0.968613 -0.000000 0.979189 0.202953 0.000000 -1 48
199.354355 238.263901 4.000000 -0.382819 0.923823 0.000000 -0.780164 -0.625575 -0.000000 0.948540 -0.316656 -0.000000 -1 52
225.438522 242.532715 4.000000 0.783421 0.621491 0.000000 -0.918034 0.396502 0.000000 0.076670 -0.997057 -0.000000 -1 55
75.541077 244.536987 4.000000 0.858371 0.513029 0.000000 -0.879391 0.476101 0.000000 -0.014521 -0.999895 -0.000000 -1 56
131.501343 247.498367 4.000000 -0.382283 0.924045 0.000000 -0.651892 -0.758312 0.000000 0.991777 -0.127976 -0.000000 -1 57
600.530640 249.434799 4.000000 0.472745 0.881199 0.000000 -0.995520 -0.094551 0.000000 0.503203 -0.864168 -0.000000 -1 58
299.538452 255.492798 4.000000 -0.513973 0.857806 0.000000 -0.415565 -0.909563 -0.000000 0.999876 0.015743 0.000000 -1 61
456.580078 257.550659 4.000000 0.379138 0.925340 0.000000 -0.982580 -0.185838 -0.000000 0.721190 -0.692738 -0.000000 -1 63
169.530182 261.569824 4.000000 0.881080 0.472968 0.000000 -0.867563 0.497327 0.000000 0.171367 -0.985207 -0.000000 -1 65
222.435669 299.488281 4.000000 0.658748 0.752364 -0.000000 -0.997146 0.075496 0.000000 0.147135 -0.989116 -0.000000 -1 68
