229.585556 3.491835 4.000000 -0.725647 0.688067 0.000000 -0.098319 -0.995155 -0.000000 0.966565 0.256421 -0.000000 -1 1
522.498718 5.570217 4.000000 -0.630378 0.776288 0.000000 -0.334307 -0.942464 -0.000000 0.962131 0.272588 0.000000 -1 2
195.431854 6.556077 4.000000 -0.179473 0.983763 0.000000 -0.904620 -0.426220 -0.000000 0.877118 -0.480276 0.000000 -1 3
267.288239 19.731060 4.000000 0.817111 0.576481 0.000000 -0.867505 0.497428 0.000000 0.008563 -0.999963 -0.000000 -1 5
8.592002 37.465233 4.000000 -0.551886 0.833920 0.000000 -0.312996 -0.949755 -0.000000 0.998402 0.056509 0.000000 -1 9
302.582550 37.461720 4.000000 -0.628024 0.778194 0.000000 -0.266947 -0.963711 0.000000 0.991044 0.133533 0.000000 -1 11
63.278973 47.714508 4.000000 -0.382269 0.924051 0.000000 -0.710998 -0.703194 -0.000000 0.980658 -0.195727 -0.000000 -1 12
118.474976 49.421661 4.000000 -0.724840 0.688917 0.000000 -0.232356 -0.972631 -0.000000 0.975631 0.219419 0.000000 -1 14
156.580093 49.479023 4.000000 -0.690219 0.723601 0.000000 -0.217453 -0.976071 -0.000000 0.974038 0.226383 0.000000 -1 16
191.430511 54.552776 4.000000 -0.667705 0.744426 0.000000 -0.438867 -0.898552 -0.000000 0.970417 0.241435 0.000000 -1 17
242.299362 85.276276 4.000000 0.549135 0.835733 -0.000000 -0.999752 0.022279 0.000000 0.420834 -0.907138 -0.000000 -1 19
302.521851 92.582779 4.000000 -0.675497 0.737363 0.000000 -0.619481 -0.785012 -0.000000 0.994132 0.108171 0.000000 -1 23
200.578079 94.522072 4.000000 -0.672611 0.739996 0.000000 -0.202449 -0.979293 0.000000 0.969739 0.244145 0.000000 -1 24
491.591248 96.413490 4.000000 0.274460 0.961599 0.000000 -0.920399 -0.390980 -0.000000 0.747022 -0.664799 -0.000000 -1 25
256.728699 117.705879 4.000000 0.220805 0.975318 0.000000 -0.920961 -0.389655 -0.000000 0.826355 -0.563149 -0.000000 -1 27
133.439789 133.520630 4.000000 0.939406 0.342807 0.000000 -0.774227 0.632908 0.000000 -0.194165 -0.980969 -0.000000 -1 29
185.570389 150.454895 4.000000 0.252583 0.967575 0.000000 -0.940945 -0.338560 -0.000000 0.761331 -0.648363 -0.000000 -1 32
95.544601 157.458221 4.000000 0.922436 0.386150 -0.000000 -0.842032 0.539427 0.000000 -0.073569 -0.997290 -0.000000 -1 33
235.357697 170.249313 4.000000 0.686875 0.726775 0.000000 -0.994864 0.101219 0.000000 0.411879 -0.911238 -0.000000 -1 35
2.523464 189.572693 4.000000 0.667449 0.744655 0.000000 -0.964090 0.265577 0.000000 0.361359 -0.932427 -0.000000 -1 38
434.491791 196.463440 4.000000 -0.368827 0.929498 0.000000 -0.625244 -0.780430 -0.000000 0.980067 -0.198669 -0.000000 -1 39
129.473511 210.535324 4.000000 -0.261362 0.965241 0.000000 -0.742160 -0.670223 0.000000 0.974733 -0.223374 -0.000000 -1 42
45.455799 211.483917 4.000000 0.182084 0.983283 0.000000 -0.956091 -0.293071 -0.000000 0.711339 -0.702849 -0.000000 -1 43
81.497337 229.554108 4.000000 -0.128219 0.991746 0.000000 -0.819832 -0.572605 -0.000000 0.934230 -0.356672 -0.000000 -1 46
182.505463 237.482880 4.000000 0.938491 0.345302 -0.000000 -0.818076 0.575110 0.000000 -0.156781 -0.987633 -0.000000 -1 49
121.557076 242.431229 4.000000 0.655082 0.755558 0.000000 -0.998750 0.049987 0.000000 0.464448 -0.885600 -0.000000 -1 50
458.562714 259.583679 4.000000 0.390814 0.920470 0.000000 -0.996050 -0.088794 -0.000000 0.676174 -0.736742 0.000000 -1 53
78.477615 261.567963 4.000000 0.956348 0.292232 0.000000 -0.701379 0.712788 0.000000 -0.265039 -0.964238 0.000000 -1 54
101.461754 270.548065 4.000000 0.113332 0.993557 0.000000 -0.976179 -0.216966 0.000000 0.771046 -0.636779 -0.000000 -1 56
298.557892 270.414581 4.000000 -0.511202 0.859461 0.000000 -0.426382 -0.904543 -0.000000 0.994468 -0.105038 0.000000 -1 57
36.504539 283.452881 4.000000 -0.026018 0.999661 0.000000 -0.879493 -0.475911 -0.000000 0.836487 -0.547987 -0.000000 -1 58
162.506836 293.553284 4.000000 0.482002 0.876170 0.000000 -0.999988 -0.004842 0.000000 0.583279 -0.812272 -0.000000 -1 63
