207.522385 2.580023 4.000000 0.766168 0.642640 0.000000 -0.899084 0.437776 0.000000 0.127115 -0.991888 -0.000000 -1 1
520.550476 5.498759 4.000000 -0.660685 0.750663 0.000000 -0.246368 -0.969176 -0.000000 0.978216 0.207590 0.000000 -1 2
274.429871 27.482141 4.000000 0.789003 0.614389 0.000000 -0.932088 0.362231 0.000000 0.055847 -0.998439 0.000000 -1 6
96.434631 32.443993 4.000000 -0.672029 0.740525 0.000000 -0.401948 -0.915662 -0.000000 0.992434 0.122780 0.000000 -1 8
50.515247 42.421406 4.000000 -0.080234 0.996776 0.000000 -0.754389 -0.656427 0.000000 0.896608 -0.442826 -0.000000 -1 11
219.467804 42.581722 4.000000 0.885225 0.465163 0.000000 -0.810909 0.585172 0.000000 -0.105329 -0.994437 -0.000000 -1 12
300.439545 42.456200 4.000000 -0.457378 0.889272 0.000000 -0.559811 -0.828620 -0.000000 0.998164 -0.060572 0.000000 -1 13
122.568977 49.558407 4.000000 0.703179 0.711013 0.000000 -0.954794 0.297267 0.000000 0.349806 -0.936822 -0.000000 -1 14
232.453827 58.456238 4.000000 0.165508 0.986208 0.000000 -0.930948 -0.365152 -0.000000 0.790953 -0.611877 -0.000000 -1 17
9.466612 61.584911 4.000000 -0.542138 0.840289 0.000000 -0.490993 -0.871163 -0.000000 0.994739 0.102438 0.000000 -1 19
151.507767 66.433578 4.000000 0.710768 0.703427 0.000000 -0.979056 0.203593 0.000000 0.216556 -0.976270 -0.000000 -1 20
76.267685 81.695755 4.000000 0.625847 0.779946 0.000000 -0.967999 0.250955 -0.000000 0.213552 -0.976932 -0.000000 -1 22
161.582703 89.413536 4.000000 -0.248844 0.968544 0.000000 -0.628762 -0.777597 -0.000000 0.959699 -0.281031 0.000000 -1 24
495.450165 91.460190 4.000000 0.132448 0.991190 0.000000 -0.932813 -0.360361 0.000000 0.738047 -0.674750 -0.000000 -1 25
382.491486 101.427895 4.000000 0.714020 0.700125 0.000000 -0.987272 0.159040 0.000000 0.256189 -0.966627 0.000000 -1 29
105.520058 102.573013 4.000000 0.445025 0.895518 0.000000 -0.994316 0.106465 0.000000 0.524672 -0.851304 -0.000000 -1 30
194.436737 104.478653 4.000000 0.318151 0.948040 0.000000 -0.972717 -0.231993 -0.000000 0.716385 -0.697705 -0.000000 -1 31
86.529861 118.613403 4.000000 -0.328462 0.944517 0.000000 -0.840486 -0.541834 -0.000000 0.983219 -0.182431 0.000000 -1 35
6.513254 120.496300 4.000000 -0.673583 0.739112 0.000000 -0.310360 -0.950619 -0.000000 0.977794 0.209566 -0.000000 -1 36
240.405304 128.448883 4.000000 -0.361162 0.932503 0.000000 -0.671090 -0.741375 -0.000000 0.968949 -0.247261 0.000000 -1 38
114.443489 175.459686 4.000000 -0.793988 0.607933 0.000000 -0.172146 -0.985071 -0.000000 0.946363 0.323106 0.000000 -1 44
58.541756 176.519836 4.000000 -0.595753 0.803168 0.000000 -0.322296 -0.946639 -0.000000 0.985200 0.171408 0.000000 -1 45
186.306488 179.729721 4.000000 0.914611 0.404336 0.000000 -0.757417 0.652932 0.000000 -0.205361 -0.978686 -0.000000 -1 46
88.279091 184.302994 4.000000 0.224768 0.974412 0.000000 -0.970607 -0.240672 0.000000 0.652189 -0.758056 -0.000000 -1 47
3.457898 190.468369 4.000000 0.527378 0.849631 0.000000 -0.999809 -0.019558 -0.000000 0.426673 -0.904406 -0.000000 -1 48
437.448303 195.556259 4.000000 -0.441542 0.897240 0.000000 -0.622805 -0.782377 -0.000000 0.998506 -0.054638 -0.000000 -1 49
46.423374 208.469177 4.000000 -0.142313 0.989822 0.000000 -0.810650 -0.585532 -0.000000 0.858343 -0.513076 -0.000000 -1 53
205.487488 211.520142 4.000000 -0.075480 0.997147 0.000000 -0.822364 -0.568961 -0.000000 0.910400 -0.413729 -0.000000 -1 54
66.464401 213.512222 4.000000 0.624418 0.781091 0.000000 -0.936732 0.350046 0.000000 0.246265 -0.969202 -0.000000 -1 55
135.489914 219.482559 4.000000 -0.533521 0.845787 0.000000 -0.485399 -0.874293 -0.000000 0.999950 -0.010021 0.000000 -1 57
29.545351 224.515533 4.000000 0.363730 0.931505 0.000000 -0.952612 -0.304188 -0.000000 0.436989 -0.899467 -0.000000 -1 61
248.481323 225.416885 4.000000 0.312812 0.949815 0.000000 -0.954612 -0.297853 0.000000 0.620695 -0.784052 -0.000000 -1 62
104.435738 234.459229 4.000000 0.435924 0.899984 0.000000 -0.997882 0.065056 0.000000 0.413323 -0.910585 -0.000000 -1 66
56.489380 258.516418 4.000000 0.706826 0.707388 0.000000 -0.956669 0.291178 0.000000 0.220875 -0.975302 -0.000000 -1 69
111.516373 259.419617 4.000000 -0.177527 0.984116 0.000000 -0.667697 -0.744433 -0.000000 0.924240 -0.381812 0.000000 -1 70
460.559082 259.517639 4.000000 0.404427 0.914570 0.000000 -0.988657 -0.150188 -0.000000 0.664611 -0.747190 -0.000000 -1 71
291.716095 267.731659 4.000000 0.757591 0.652730 0.000000 -0.933398 0.358842 0.000000 0.172540 -0.985003 -0.000000 -1 73
255.307465 272.731995 4.000000 -0.019618 0.999808 0.000000 -0.902637 -0.430402 -0.000000 0.886015 -0.463656 -0.000000 -1 74
23.461401 284.509277 4.000000 -0.315108 0.949056 0.000000 -0.721061 -0.692872 -0.000000 0.967565 -0.252622 -0.000000 -1 77
171.565018 297.513489 4.000000 -0.620036 0.784574 0.000000 -0.311892 -0.950117 -0.000000 0.982761 0.184879 0.000000 -1 80
