91.437347 3.468627 4.000000 0.940106 0.340882 0.000000 -0.755174 0.655525 0.000000 -0.304288 -0.952580 -0.000000 -1 1
523.439209 5.443264 4.000000 -0.698483 0.715626 0.000000 -0.368883 -0.929476 0.000000 0.988297 0.152539 0.000000 -1 2
300.569031 39.511627 4.000000 -0.390030 0.920802 0.000000 -0.511323 -0.859389 -0.000000 0.998856 -0.047823 0.000000 -1 6
154.419159 40.487877 4.000000 0.075384 0.997155 0.000000 -0.860872 -0.508821 -0.000000 0.680436 -0.732808 -0.000000 -1 7
217.491684 41.503883 4.000000 0.566346 0.824168 0.000000 -0.997746 0.067110 0.000000 0.416463 -0.909153 -0.000000 -1 8
90.427063 42.438801 4.000000 0.771007 0.636827 0.000000 -0.964244 0.265015 0.000000 0.068126 -0.997677 -0.000000 -1 9
44.545059 49.459579 4.000000 0.719871 0.694108 0.000000 -0.964264 0.264944 0.000000 0.263246 -0.964729 -0.000000 -1 11
112.470093 49.422714 4.000000 -0.088220 0.996101 0.000000 -0.796977 -0.604009 -0.000000 0.858102 -0.513480 -0.000000 -1 12
227.557129 60.528751 4.000000 -0.725703 0.688008 0.000000 -0.208186 -0.978089 -0.000000 0.969682 0.244372 0.000000 -1 15
277.712555 70.272057 4.000000 -0.880779 0.473527 0.000000 0.099264 -0.995061 -0.000000 0.876588 0.481242 0.000000 -1 17
146.531509 78.569878 4.000000 -0.314650 0.949208 0.000000 -0.635914 -0.771760 -0.000000 0.996808 -0.079838 -0.000000 -1 19
174.407608 78.445908 4.000000 0.478877 0.877882 0.000000 -0.991171 -0.132588 0.000000 0.280327 -0.959905 -0.000000 -1 20
74.445801 89.553650 4.000000 0.299071 0.954231 0.000000 -0.996335 0.085539 0.000000 0.530434 -0.847727 0.000000 -1 23
47.549385 94.424431 4.000000 -0.550861 0.834597 0.000000 -0.359062 -0.933314 0.000000 0.999485 -0.032093 -0.000000 -1 28
198.475601 96.440552 4.000000 -0.735532 0.677490 0.000000 -0.263145 -0.964756 -0.000000 0.972998 0.230811 0.000000 -1 30
13.494527 97.629272 4.000000 -0.505650 0.862739 0.000000 -0.862442 -0.506156 0.000000 0.990591 -0.136855 0.000000 -1 31
490.579987 98.480309 4.000000 0.289461 0.957190 0.000000 -0.941413 -0.337255 -0.000000 0.768855 -0.639423 -0.000000 -1 33
117.564514 100.461761 4.000000 0.487324 0.873221 0.000000 -0.997389 -0.072218 0.000000 0.584908 -0.811099 -0.000000 -1 34
235.261627 111.712776 4.000000 0.946612 0.322374 0.000000 -0.673147 0.739509 0.000000 -0.295430 -0.955364 -0.000000 -1 35
255.732834 119.290176 4.000000 -0.108744 0.994070 0.000000 -0.756828 -0.653614 -0.000000 0.916788 -0.399375 -0.000000 -1 37
48.481792 134.592682 4.000000 0.131059 0.991374 0.000000 -0.969073 -0.246775 -0.000000 0.819894 -0.572516 -0.000000 -1 41
173.588776 136.460617 4.000000 -0.352354 0.935867 0.000000 -0.518353 -0.855167 -0.000000 0.994110 -0.108374 -0.000000 -1 42
300.583527 144.510986 4.000000 -0.434084 0.900872 0.000000 -0.420958 -0.907080 -0.000000 0.999968 0.007968 0.000000 -1 44
7.564651 146.424698 4.000000 -0.742765 0.669552 0.000000 -0.184203 -0.982888 -0.000000 0.981833 0.189748 0.000000 -1 45
237.737671 146.700272 4.000000 0.772677 0.634800 0.000000 -0.849757 0.527175 0.000000 0.109214 -0.994018 0.000000 -1 46
90.410126 156.552368 4.000000 0.848553 0.529111 0.000000 -0.851364 0.524576 0.000000 -0.070716 -0.997496 -0.000000 -1 49
159.579102 169.448975 4.000000 0.422525 0.906351 0.000000 -0.965818 -0.259220 -0.000000 0.700031 -0.714112 -0.000000 -1 52
433.492279 197.458878 4.000000 -0.344730 0.938702 0.000000 -0.642292 -0.766460 -0.000000 0.973180 -0.230044 -0.000000 -1 55
157.459564 207.582748 4.000000 0.093465 0.995623 0.000000 -0.941983 -0.335661 -0.000000 0.825928 -0.563776 -0.000000 -1 57
261.283051 214.277466 4.000000 0.245145 0.969486 0.000000 -0.960528 -0.278182 -0.000000 0.664026 -0.747709 0.000000 -1 58
178.516296 237.556458 4.000000 0.869224 0.494418 0.000000 -0.822569 0.568665 0.000000 -0.049106 -0.998794 -0.000000 -1 60
458.425446 260.425903 4.000000 0.322130 0.946696 0.000000 -0.973320 -0.229454 0.000000 0.560160 -0.828384 -0.000000 -1 64
260.435089 262.546356 4.000000 -0.353893 0.935286 0.000000 -0.691424 -0.722449 0.000000 0.981022 -0.193894 -0.000000 -1 65
199.550323 267.593964 4.000000 -0.082342 0.996604 0.000000 -0.807663 -0.589645 -0.000000 0.958537 -0.284968 -0.000000 -1 66
53.415249 282.545532 4.000000 0.770273 0.637714 0.000000 -0.919611 0.392831 0.000000 0.059232 -0.998244 -0.000000 -1 68
34.550301 285.443756 4.000000 -0.392864 0.919596 0.000000 -0.536372 -0.843981 -0.000000 0.985712 -0.168439 -0.000000 -1 70
