191.518814 6.506597 4.000000 -0.401177 0.916000 0.000000 -0.608546 -0.793519 -0.000000 0.990696 -0.136090 -0.000000 -1 3
527.575745 7.535706 4.000000 -0.624626 0.780924 0.000000 -0.247196 -0.968966 0.000000 0.973758 0.227586 0.000000 -1 4
76.508652 21.568281 4.000000 0.201399 0.979509 0.000000 -0.956196 -0.292729 -0.000000 0.795456 -0.606012 -0.000000 -1 5
230.486130 28.522001 4.000000 0.258606 0.965983 0.000000 -0.949702 -0.313155 0.000000 0.856538 -0.516084 -0.000000 -1 8
10.436760 29.515409 4.000000 -0.694619 0.719378 0.000000 -0.348138 -0.937443 0.000000 0.970912 0.239435 0.000000 -1 9
180.455673 43.411865 4.000000 -0.689121 0.724646 0.000000 -0.446779 -0.894644 -0.000000 0.995095 0.098927 0.000000 -1 10
130.580246 45.480473 4.000000 -0.519221 0.854640 0.000000 -0.414207 -0.910183 -0.000000 0.998557 0.053700 0.000000 -1 11
262.547241 67.465370 4.000000 0.880185 0.474631 0.000000 -0.853127 0.521703 0.000000 0.033786 -0.999429 -0.000000 -1 17
13.500029 83.523239 4.000000 0.887285 0.461222 0.000000 -0.825139 0.564930 0.000000 -0.072561 -0.997364 -0.000000 -1 19
124.573929 83.505730 4.000000 0.614073 0.789250 0.000000 -0.991547 0.129748 0.000000 0.436305 -0.899799 -0.000000 -1 20
236.547592 95.559715 4.000000 0.145047 0.989425 0.000000 -0.913144 -0.407636 0.000000 0.836765 -0.547562 -0.000000 -1 21
96.541626 103.421127 4.000000 -0.231302 0.972882 0.000000 -0.675695 -0.737181 0.000000 0.933822 -0.357738 -0.000000 -1 23
181.719666 110.298058 4.000000 0.743968 0.668215 0.000000 -0.969855 0.243681 0.000000 0.273645 -0.961831 -0.000000 -1 26
158.571350 117.549675 4.000000 -0.086764 0.996229 0.000000 -0.748823 -0.662770 -0.000000 0.968131 -0.250443 0.000000 -1 27
35.481045 121.435982 4.000000 0.137999 0.990432 0.000000 -0.867608 -0.497248 -0.000000 0.730861 -0.682527 0.000000 -1 28
271.546387 127.430962 4.000000 -0.711684 0.702500 0.000000 -0.215593 -0.976483 0.000000 0.972255 0.233922 0.000000 -1 29
272.544678 168.578812 4.000000 -0.553858 0.832611 0.000000 -0.342216 -0.939622 -0.000000 0.968938 0.247303 0.000000 -1 35
3.433958 172.486908 4.000000 0.368238 0.929732 0.000000 -0.986247 -0.165278 -0.000000 0.519787 -0.854296 -0.000000 -1 36
151.435791 187.413666 4.000000 -0.643287 0.765625 0.000000 -0.435867 -0.900011 0.000000 0.998393 0.056666 -0.000000 -1 37
302.548462 197.525070 4.000000 -0.409260 0.912418 0.000000 -0.521465 -0.853273 -0.000000 0.999434 -0.033637 -0.000000 -1 40
102.448311 201.414810 4.000000 -0.266923 0.963718 0.000000 -0.759515 -0.650490 0.000000 0.927137 -0.374723 -0.000000 -1 41
16.487619 208.581238 4.000000 0.394786 0.918773 0.000000 -0.995159 -0.098274 -0.000000 0.653477 -0.756946 0.000000 -1 42
250.552170 215.437881 4.000000 -0.396907 0.917859 0.000000 -0.478728 -0.877963 -0.000000 0.976569 -0.215204 0.000000 -1 44
133.555191 224.447479 4.000000 0.550700 0.834703 0.000000 -0.998268 -0.058824 0.000000 0.512710 -0.858562 -0.000000 -1 46
230.463226 240.540649 4.000000 0.910279 0.413995 0.000000 -0.795756 0.605617 0.000000 -0.114684 -0.993402 -0.000000 -1 49
456.546143 257.580627 4.000000 0.330565 0.943783 0.000000 -0.990189 -0.139734 -0.000000 0.711083 -0.703108 -0.000000 -1 52
176.425293 263.483185 4.000000 0.848119 0.529806 0.000000 -0.900258 0.435357 0.000000 -0.042607 -0.999092 0.000000 -1 53
254.454361 266.532623 4.000000 -0.274580 0.961564 0.000000 -0.725196 -0.688543 -0.000000 0.999823 0.018819 0.000000 -1 55
139.496567 276.566956 4.000000 0.538062 0.842905 0.000000 -0.990691 0.136129 0.000000 0.466606 -0.884465 -0.000000 -1 58
260.707550 281.729828 4.000000 0.958629 0.284659 -0.000000 -0.636368 0.771386 0.000000 -0.237749 -0.971327 -0.000000 -1 60
