526.502747 5.515455 4.000000 -0.665024 0.746822 0.000000 -0.304618 -0.952475 -0.000000 0.974179 0.225775 0.000000 -1 1
158.553680 16.429113 4.000000 0.649982 0.759950 0.000000 -0.995428 0.095511 -0.000000 0.398113 -0.917336 -0.000000 -1 5
299.522614 16.547213 4.000000 -0.502208 0.864747 0.000000 -0.486164 -0.873868 -0.000000 0.997391 0.072186 0.000000 -1 6
99.432846 24.546553 4.000000 0.856165 0.516703 0.000000 -0.818856 0.573999 0.000000 -0.065693 -0.997840 -0.000000 -1 7
252.423065 24.411846 4.000000 0.174462 0.984664 0.000000 -0.919975 -0.391976 -0.000000 0.749771 -0.661698 0.000000 -1 8
129.566071 41.572876 4.000000 -0.317338 0.948313 0.000000 -0.680183 -0.733042 -0.000000 0.992968 -0.118381 -0.000000 -1 10
212.517914 41.494305 4.000000 -0.425123 0.905136 0.000000 -0.599125 -0.800656 -0.000000 0.995277 -0.097076 0.000000 -1 11
170.493057 45.610344 4.000000 0.905079 0.425244 0.000000 -0.828219 0.560405 0.000000 -0.319483 -0.947592 -0.000000 -1 14
93.510178 57.451855 4.000000 0.347143 0.937812 0.000000 -0.980989 -0.194062 -0.000000 0.617603 -0.786490 -0.000000 -1 17
202.498489 73.472328 4.000000 -0.758127 0.652107 0.000000 -0.060095 -0.998193 -0.000000 0.976969 0.213380 0.000000 -1 22
262.574432 73.571266 4.000000 0.419602 0.907708 0.000000 -0.993431 -0.114429 -0.000000 0.616961 -0.786994 -0.000000 -1 23
41.521317 85.510887 4.000000 -0.579189 0.815193 0.000000 -0.412666 -0.910882 -0.000000 0.994279 0.106816 0.000000 -1 24
181.577744 106.515816 4.000000 -0.238684 0.971097 0.000000 -0.602125 -0.798402 -0.000000 0.960839 -0.277108 -0.000000 -1 28
9.505083 109.586754 4.000000 -0.561113 0.827739 0.000000 -0.423882 -0.905718 -0.000000 0.978561 0.205959 0.000000 -1 29
291.460907 121.483620 4.000000 0.417169 0.908829 0.000000 -0.999684 -0.025132 0.000000 0.495834 -0.868417 -0.000000 -1 30
267.505035 127.562866 4.000000 -0.229888 0.973217 0.000000 -0.699369 -0.714761 -0.000000 0.972805 -0.231625 -0.000000 -1 34
98.495712 129.582031 4.000000 0.790908 0.611935 0.000000 -0.854003 0.520268 0.000000 0.068034 -0.997683 -0.000000 -1 35
134.430847 140.549835 4.000000 0.601780 0.798662 0.000000 -0.935598 0.353067 0.000000 0.240493 -0.970651 -0.000000 -1 36
77.437752 173.450363 4.000000 -0.402273 0.915520 0.000000 -0.717341 -0.696722 0.000000 0.970175 -0.242405 -0.000000 -1 39
127.411812 185.530716 4.000000 -0.696210 0.717838 0.000000 -0.363707 -0.931513 -0.000000 0.973267 0.229675 -0.000000 -1 42
183.582367 189.548370 4.000000 0.289214 0.957264 0.000000 -0.962139 -0.272561 -0.000000 0.754292 -0.656539 -0.000000 -1 43
241.297104 193.269379 4.000000 -0.181653 0.983363 0.000000 -0.845456 -0.534045 -0.000000 0.874928 -0.484253 0.000000 -1 44
181.575760 232.562729 4.000000 -0.167534 0.985866 0.000000 -0.700881 -0.713278 -0.000000 0.977384 -0.211472 0.000000 -1 48
296.573120 237.554718 4.000000 -0.558368 0.829594 0.000000 -0.359334 -0.933209 -0.000000 0.988845 0.148950 -0.000000 -1 49
110.542564 249.537766 4.000000 0.490919 0.871205 0.000000 -0.999487 -0.032013 0.000000 0.567616 -0.823294 -0.000000 -1 50
455.561646 259.451080 4.000000 0.383859 0.923392 0.000000 -0.971054 -0.238861 -0.000000 0.666264 -0.745716 0.000000 -1 51
36.515984 261.582855 4.000000 0.867167 0.498018 0.000000 -0.794564 0.607180 0.000000 -0.081439 -0.996678 -0.000000 -1 53
600.428345 274.425079 4.000000 0.272824 0.962064 0.000000 -0.960790 -0.277278 0.000000 0.613529 -0.789672 -0.000000 -1 56
133.516586 278.585876 4.000000 0.703349 0.710844 0.000000 -0.966467 0.256792 0.000000 0.262762 -0.964861 -0.000000 -1 57
159.424271 285.445160 4.000000 -0.221928 0.975063 0.000000 -0.793490 -0.608584 -0.000000 0.925786 -0.378049 0.000000 -1 59
52.452477 296.536163 4.000000 -0.375504 0.926821 0.000000 -0.645952 -0.763378 -0.000000 0.997491 -0.070787 0.000000 -1 62
