226.429764 0.540294 4.000000 0.931821 0.362919 -0.000000 -0.745737 0.666240 0.000000 -0.280133 -0.959961 -0.000000 -1 1
90.595390 5.487864 4.000000 -0.680442 0.732802 0.000000 -0.155362 -0.987858 -0.000000 0.958273 0.285855 0.000000 -1 3
522.543274 5.536693 4.000000 -0.625822 0.779966 0.000000 -0.295300 -0.955405 -0.000000 0.975301 0.220880 0.000000 -1 4
198.438095 8.582218 4.000000 0.127412 0.991850 0.000000 -0.965617 -0.259968 -0.000000 0.765436 -0.643512 -0.000000 -1 5
268.516083 22.448051 4.000000 0.781096 0.624411 0.000000 -0.959769 0.280791 0.000000 0.194329 -0.980936 -0.000000 -1 8
300.538696 39.531395 4.000000 -0.382682 0.923880 0.000000 -0.540973 -0.841040 0.000000 0.999098 -0.042456 -0.000000 -1 11
213.682373 40.286831 4.000000 0.480783 0.876840 0.000000 -0.989703 -0.143136 -0.000000 0.477250 -0.878767 -0.000000 -1 13
117.600227 51.452351 4.000000 -0.695213 0.718804 0.000000 -0.092990 -0.995667 -0.000000 0.968806 0.247820 -0.000000 -1 15
278.469635 64.517303 4.000000 0.926353 0.376655 0.000000 -0.687063 0.726598 0.000000 -0.225990 -0.974129 -0.000000 -1 16
150.445831 79.585495 4.000000 -0.185925 0.982564 0.000000 -0.833509 -0.552506 -0.000000 0.948099 -0.317975 -0.000000 -1 20
15.452106 84.426247 4.000000 0.799360 0.600852 0.000000 -0.954562 0.298011 0.000000 0.060946 -0.998141 -0.000000 -1 21
54.475121 89.578423 4.000000 -0.512439 0.858724 0.000000 -0.638622 -0.769521 -0.000000 0.999476 0.032357 0.000000 -1 22
197.596985 95.446609 4.000000 -0.753626 0.657304 0.000000 -0.068798 -0.997631 -0.000000 0.949796 0.312871 0.000000 -1 23
491.502777 97.430870 4.000000 0.208358 0.978053 0.000000 -0.925349 -0.379116 -0.000000 0.717982 -0.696062 -0.000000 -1 26
88.449875 102.438972 4.000000 0.891751 0.452526 0.000000 -0.911072 0.412246 0.000000 -0.055135 -0.998479 -0.000000 -1 27
255.716629 119.278000 4.000000 0.214543 0.976715 0.000000 -0.902626 -0.430425 -0.000000 0.766003 -0.642837 -0.000000 -1 30
59.696087 127.267891 4.000000 -0.822309 0.569042 0.000000 -0.117662 -0.993054 -0.000000 0.943559 0.331205 0.000000 -1 32
46.452240 139.515045 4.000000 -0.055787 0.998443 0.000000 -0.876543 -0.481324 -0.000000 0.872959 -0.487794 -0.000000 -1 34
126.580627 139.484680 4.000000 -0.622132 0.782912 0.000000 -0.117275 -0.993099 -0.000000 0.990151 0.140007 0.000000 -1 35
95.522835 156.549561 4.000000 0.815892 0.578204 0.000000 -0.863638 0.504112 0.000000 0.056115 -0.998424 -0.000000 -1 38
283.286560 159.264160 4.000000 0.756072 0.654489 0.000000 -0.972334 0.233596 0.000000 0.142288 -0.989825 -0.000000 -1 39
49.551342 191.511917 4.000000 0.430515 0.902583 0.000000 -0.989670 -0.143366 0.000000 0.678738 -0.734381 -0.000000 -1 43
433.579468 196.534943 4.000000 -0.257019 0.966406 0.000000 -0.618895 -0.785473 -0.000000 0.992492 -0.122308 0.000000 -1 44
128.437653 206.534790 4.000000 -0.132522 0.991180 0.000000 -0.817408 -0.576060 -0.000000 0.954810 -0.297218 -0.000000 -1 45
9.570269 222.559723 4.000000 0.948208 0.317649 0.000000 -0.745414 0.666602 0.000000 -0.206587 -0.978428 0.000000 -1 47
81.588219 225.585968 4.000000 -0.224308 0.974518 0.000000 -0.656148 -0.754632 -0.000000 0.994737 -0.102466 0.000000 -1 50
179.452072 235.475189 4.000000 0.859855 0.510538 0.000000 -0.883101 0.469184 0.000000 -0.048876 -0.998805 -0.000000 -1 54
122.442627 244.473679 4.000000 0.455875 0.890044 0.000000 -0.997934 -0.064254 0.000000 0.457043 -0.889445 -0.000000 -1 57
161.565109 248.542480 4.000000 0.376315 0.926492 0.000000 -0.970969 -0.239205 -0.000000 0.779623 -0.626249 -0.000000 -1 58
258.423004 255.483246 4.000000 -0.450366 0.892844 0.000000 -0.594995 -0.803730 -0.000000 0.989018 -0.147794 -0.000000 -1 61
458.494171 259.576782 4.000000 0.319393 0.947622 0.000000 -0.997353 -0.072714 0.000000 0.649865 -0.760050 -0.000000 -1 62
199.595337 271.579376 4.000000 -0.098557 0.995131 0.000000 -0.725455 -0.688269 -0.000000 0.983872 -0.178876 -0.000000 -1 64
35.493507 284.587006 4.000000 -0.408733 0.912654 0.000000 -0.581958 -0.813218 -0.000000 0.999527 0.030768 0.000000 -1 66
56.502514 287.450897 4.000000 0.685925 0.727672 0.000000 -0.990734 0.135816 0.000000 0.234672 -0.972075 -0.000000 -1 68
1.472802 291.481049 4.000000 -0.614132 0.789203 0.000000 -0.485535 -0.874218 0.000000 0.991337 -0.131346 -0.000000 -1 69
