526.468262 4.419870 4.000000 -0.698354 0.715752 0.000000 -0.319679 -0.947526 -0.000000 0.991953 0.126608 0.000000 -1 1
61.574451 25.564140 4.000000 -0.003949 0.999992 0.000000 -0.840556 -0.541725 -0.000000 0.932767 -0.360479 -0.000000 -1 5
215.477127 50.473835 4.000000 -0.252409 0.967621 0.000000 -0.682144 -0.731218 -0.000000 0.932367 -0.361514 -0.000000 -1 9
288.402374 50.448997 4.000000 -0.327178 0.944963 0.000000 -0.700394 -0.713756 -0.000000 0.959658 -0.281170 -0.000000 -1 10
119.459579 63.449783 4.000000 -0.231830 0.972756 0.000000 -0.741070 -0.671428 -0.000000 0.930688 -0.365815 -0.000000 -1 12
21.722849 67.272346 4.000000 -0.472320 0.881427 0.000000 -0.452099 -0.891968 -0.000000 0.998131 -0.061114 0.000000 -1 13
57.477837 89.433937 4.000000 0.489266 0.872135 -0.000000 -0.995070 -0.099171 0.000000 0.492859 -0.870109 -0.000000 -1 16
206.422394 99.494087 4.000000 -0.405708 0.914003 0.000000 -0.652445 -0.757836 -0.000000 0.984232 -0.176881 0.000000 -1 17
237.515228 116.547699 4.000000 0.926476 0.376355 0.000000 -0.745382 0.666637 0.000000 -0.130062 -0.991506 -0.000000 -1 19
98.445702 122.552589 4.000000 0.924729 0.380627 0.000000 -0.745750 0.666226 0.000000 -0.239699 -0.970847 -0.000000 -1 20
209.452271 133.482300 4.000000 0.279999 0.960000 0.000000 -0.983394 -0.181484 -0.000000 0.605363 -0.795949 -0.000000 -1 23
144.299149 141.268738 4.000000 0.902917 0.429814 0.000000 -0.875354 0.483482 0.000000 -0.086965 -0.996211 -0.000000 -1 24
76.451462 169.481827 4.000000 -0.303169 0.952937 0.000000 -0.715502 -0.698611 -0.000000 0.950923 -0.309429 -0.000000 -1 29
225.499588 173.441681 4.000000 -0.082596 0.996583 0.000000 -0.866781 -0.498689 -0.000000 0.847379 -0.530989 -0.000000 -1 31
133.587524 177.516495 4.000000 0.567040 0.823691 0.000000 -0.926015 0.377487 0.000000 0.397801 -0.917472 -0.000000 -1 32
261.422272 181.543228 4.000000 0.732473 0.680796 0.000000 -0.945061 0.326895 0.000000 0.200891 -0.979614 -0.000000 -1 33
9.593192 202.508057 4.000000 0.940926 0.338612 0.000000 -0.743651 0.668568 0.000000 -0.074043 -0.997255 -0.000000 -1 36
182.569458 226.560394 4.000000 -0.362886 0.931834 0.000000 -0.525947 -0.850517 -0.000000 0.999723 -0.023549 0.000000 -1 38
263.417480 230.545609 4.000000 0.815804 0.578328 0.000000 -0.876406 0.481573 0.000000 -0.016260 -0.999868 -0.000000 -1 39
43.531166 251.492310 4.000000 -0.080816 0.996729 0.000000 -0.791682 -0.610933 -0.000000 0.940626 -0.339444 0.000000 -1 42
456.424652 259.501862 4.000000 0.263544 0.964647 0.000000 -0.986590 -0.163220 0.000000 0.614180 -0.789166 -0.000000 -1 44
237.403687 261.460754 4.000000 -0.215523 0.976499 0.000000 -0.794831 -0.606831 0.000000 0.907153 -0.420801 -0.000000 -1 45
112.470215 265.551697 4.000000 0.733481 0.679710 0.000000 -0.946087 0.323914 0.000000 0.198950 -0.980010 -0.000000 -1 47
41.435978 275.470734 4.000000 0.855602 0.517635 -0.000000 -0.900547 0.434758 0.000000 -0.047061 -0.998892 -0.000000 -1 49
595.518982 276.475922 4.000000 0.350643 0.936509 0.000000 -0.962157 -0.272495 -0.000000 0.686952 -0.726703 -0.000000 -1 51
157.457672 278.449280 4.000000 -0.571809 0.820387 0.000000 -0.456529 -0.889709 -0.000000 0.999611 0.027879 -0.000000 -1 52
249.456024 296.456604 4.000000 0.661947 0.749550 0.000000 -0.974883 0.222717 0.000000 0.228163 -0.973623 -0.000000 -1 53
