25.579548 5.522590 4.000000 -0.112208 0.993685 0.000000 -0.788293 -0.615300 -0.000000 0.919554 -0.392963 -0.000000 -1 1
526.474426 5.436451 4.000000 -0.696780 0.717285 0.000000 -0.312798 -0.949820 -0.000000 0.988185 0.153267 0.000000 -1 3
300.569244 14.526756 4.000000 -0.118808 0.992917 0.000000 -0.741049 -0.671451 -0.000000 0.976471 -0.215647 0.000000 -1 7
160.521500 16.513163 4.000000 0.461382 0.887201 0.000000 -0.997123 -0.075803 0.000000 0.522634 -0.852557 -0.000000 -1 8
55.316147 26.270050 4.000000 -0.134974 0.990849 0.000000 -0.830668 -0.556768 -0.000000 0.895124 -0.445817 -0.000000 -1 9
22.419765 61.455002 4.000000 0.905588 0.424159 0.000000 -0.842721 0.538351 0.000000 -0.148320 -0.988939 0.000000 -1 14
74.468803 62.508972 4.000000 -0.455966 0.889997 0.000000 -0.656965 -0.753921 -0.000000 0.997223 -0.074473 0.000000 -1 15
165.484512 62.432182 4.000000 -0.299905 0.953969 0.000000 -0.630322 -0.776334 -0.000000 0.947237 -0.320535 -0.000000 -1 16
124.478806 64.593193 4.000000 0.083400 0.996516 0.000000 -0.938599 -0.345010 -0.000000 0.839729 -0.543005 -0.000000 -1 17
240.491547 77.422180 4.000000 -0.446502 0.894782 0.000000 -0.640897 -0.767627 0.000000 0.984902 -0.173112 -0.000000 -1 19
133.712097 103.723686 4.000000 0.850119 0.526591 0.000000 -0.875921 0.482455 0.000000 0.144761 -0.989467 -0.000000 -1 23
285.531433 108.565956 4.000000 0.443918 0.896067 0.000000 -0.992113 -0.125347 -0.000000 0.732171 -0.681121 -0.000000 -1 26
237.538025 112.524086 4.000000 0.840039 0.542526 0.000000 -0.876913 0.480650 0.000000 0.060281 -0.998181 -0.000000 -1 27
101.427208 125.517426 4.000000 -0.670768 0.741667 0.000000 -0.418423 -0.908252 -0.000000 0.983350 0.181724 -0.000000 -1 28
206.537216 133.433044 4.000000 0.606165 0.795339 0.000000 -0.999770 0.021450 0.000000 0.447112 -0.894478 -0.000000 -1 29
152.493301 141.408722 4.000000 -0.887721 0.460382 0.000000 -0.072940 -0.997336 -0.000000 0.932137 0.362105 0.000000 -1 31
19.677595 160.267807 4.000000 -0.790153 0.612910 0.000000 -0.208922 -0.977932 -0.000000 0.963354 0.268235 0.000000 -1 34
228.549225 177.462677 4.000000 0.497443 0.867496 0.000000 -0.995832 -0.091203 -0.000000 0.541181 -0.840906 -0.000000 -1 38
127.585884 182.496216 4.000000 -0.678053 0.735013 0.000000 -0.223800 -0.974635 -0.000000 0.977975 0.208722 0.000000 -1 39
184.530273 187.513489 4.000000 0.013885 0.999904 0.000000 -0.857091 -0.515166 0.000000 0.872092 -0.489343 -0.000000 -1 41
85.551979 203.500732 4.000000 0.579129 0.815236 0.000000 -0.989689 0.143232 0.000000 0.427006 -0.904249 0.000000 -1 43
118.288055 212.278778 4.000000 0.543954 0.839115 0.000000 -0.999165 0.040853 0.000000 0.390746 -0.920499 -0.000000 -1 44
182.511459 230.416870 4.000000 -0.203880 0.978996 0.000000 -0.721419 -0.692499 -0.000000 0.920801 -0.390032 -0.000000 -1 46
295.732361 239.280228 4.000000 -0.437360 0.899287 0.000000 -0.482836 -0.875711 -0.000000 0.994858 -0.101283 -0.000000 -1 49
37.437481 255.594223 4.000000 -0.404677 0.914460 0.000000 -0.675627 -0.737243 -0.000000 0.996554 -0.082952 0.000000 -1 53
147.527267 257.528503 4.000000 0.390497 0.920604 0.000000 -0.978934 0.204176 0.000000 0.490303 -0.871552 -0.000000 -1 54
455.553162 259.502350 4.000000 0.379301 0.925273 0.000000 -0.981812 -0.189853 -0.000000 0.674494 -0.738281 -0.000000 -1 55
237.537262 264.580017 4.000000 0.123354 0.992363 0.000000 -0.932450 -0.361298 -0.000000 0.859242 -0.511570 -0.000000 -1 56
111.508461 268.459229 4.000000 0.925896 0.377778 0.000000 -0.818981 0.573821 0.000000 -0.090797 -0.995869 -0.000000 -1 57
0.511359 273.477692 4.000000 0.393583 0.919289 0.000000 -0.993485 -0.113962 0.000000 0.585010 -0.811026 -0.000000 -1 58
159.495895 285.540985 4.000000 -0.481782 0.876291 0.000000 -0.483219 -0.875499 -0.000000 0.998734 0.050297 0.000000 -1 62
121.471771 286.481476 4.000000 -0.319149 0.947705 0.000000 -0.803101 -0.595842 -0.000000 0.952262 -0.305281 0.000000 -1 63
