194.557709 3.550747 4.000000 -0.284256 0.958749 0.000000 -0.651086 -0.759004 0.000000 0.989472 -0.144727 -0.000000 -1 1
277.477234 4.471211 4.000000 0.104839 0.994489 0.000000 -0.883861 -0.467749 -0.000000 0.856637 -0.515920 -0.000000 -1 2
527.576416 7.528339 4.000000 -0.630462 0.776220 0.000000 -0.240820 -0.970570 0.000000 0.975099 0.221771 -0.000000 -1 5
78.492821 22.513166 4.000000 0.059737 0.998214 0.000000 -0.885859 -0.463955 -0.000000 0.833263 -0.552877 -0.000000 -1 6
298.407990 24.459879 4.000000 -0.534146 0.845392 0.000000 -0.526299 -0.850300 -0.000000 0.998973 0.045306 0.000000 -1 8
230.568604 31.422066 4.000000 0.258883 0.965909 0.000000 -0.923361 -0.383933 -0.000000 0.761610 -0.648036 -0.000000 -1 10
131.490631 44.484226 4.000000 0.010974 0.999940 0.000000 -0.905431 -0.424493 0.000000 0.856739 -0.515751 -0.000000 -1 12
266.501221 45.461006 4.000000 0.172969 0.984927 0.000000 -0.904930 -0.425560 -0.000000 0.867103 -0.498129 -0.000000 -1 13
14.422318 75.521561 4.000000 0.889619 0.456704 0.000000 -0.808297 0.588775 0.000000 -0.140717 -0.990050 -0.000000 -1 18
126.526459 80.586746 4.000000 0.690328 0.723497 0.000000 -0.951721 0.306965 0.000000 0.307126 -0.951669 -0.000000 -1 19
198.394470 83.452789 4.000000 0.021924 0.999760 0.000000 -0.863770 -0.503886 0.000000 0.788520 -0.615010 -0.000000 -1 20
234.720093 96.275856 4.000000 0.240104 0.970747 0.000000 -0.915857 -0.401504 -0.000000 0.785401 -0.618987 -0.000000 -1 22
97.549202 109.481529 4.000000 0.435201 0.900333 0.000000 -0.978534 -0.206087 -0.000000 0.665917 -0.746026 -0.000000 -1 24
37.264160 118.724800 4.000000 -0.033447 0.999440 0.000000 -0.902273 -0.431165 0.000000 0.867396 -0.497619 -0.000000 -1 25
159.541946 119.522797 4.000000 0.089861 0.995954 0.000000 -0.902258 -0.431197 -0.000000 0.861260 -0.508164 0.000000 -1 26
270.438873 125.549934 4.000000 -0.645420 0.763828 0.000000 -0.394556 -0.918872 -0.000000 0.975668 0.219251 0.000000 -1 29
88.474327 136.588181 4.000000 0.173353 0.984860 0.000000 -0.966451 -0.256851 0.000000 0.794101 -0.607785 -0.000000 -1 31
1.412381 168.513199 4.000000 0.339376 0.940651 0.000000 -0.996591 -0.082497 -0.000000 0.552244 -0.833683 -0.000000 -1 34
199.585083 171.488998 4.000000 -0.364118 0.931353 0.000000 -0.506632 -0.862162 -0.000000 0.999697 -0.024620 0.000000 -1 35
151.432465 184.531326 4.000000 -0.627002 0.779018 0.000000 -0.441244 -0.897387 -0.000000 0.989204 0.146547 0.000000 -1 37
246.731445 186.305634 4.000000 0.683430 0.730016 0.000000 -0.988101 0.153805 -0.000000 0.381148 -0.924514 -0.000000 -1 39
298.573029 199.436081 4.000000 -0.346584 0.938019 0.000000 -0.590401 -0.807110 0.000000 0.984959 -0.172787 -0.000000 -1 41
99.546417 200.467957 4.000000 -0.376779 0.926303 0.000000 -0.568535 -0.822659 0.000000 0.993667 -0.112362 -0.000000 -1 42
29.508739 210.542877 4.000000 0.319722 0.947511 0.000000 -0.987052 -0.160403 -0.000000 0.692708 -0.721218 -0.000000 -1 45
124.466812 223.444839 4.000000 -0.396901 0.917861 0.000000 -0.622177 -0.782877 -0.000000 0.979679 -0.200573 -0.000000 -1 47
197.513397 236.598022 4.000000 -0.309451 0.950915 0.000000 -0.720891 -0.693049 -0.000000 0.988634 -0.150345 -0.000000 -1 52
225.470657 242.531250 4.000000 0.802651 0.596449 0.000000 -0.906185 0.422882 0.000000 0.082628 -0.996580 -0.000000 -1 54
75.435165 244.479279 4.000000 0.880655 0.473758 0.000000 -0.908200 0.418536 0.000000 -0.186544 -0.982447 -0.000000 -1 55
132.432846 247.538925 4.000000 -0.443645 0.896202 0.000000 -0.691217 -0.722647 0.000000 0.993545 -0.113439 -0.000000 -1 56
600.517517 249.433945 4.000000 0.468976 0.883211 0.000000 -0.995446 -0.095326 0.000000 0.494398 -0.869236 -0.000000 -1 57
299.417969 256.466309 4.000000 -0.567043 0.823688 0.000000 -0.496039 -0.868300 -0.000000 0.999880 -0.015518 0.000000 -1 60
456.577545 257.557617 4.000000 0.373809 0.927506 0.000000 -0.983803 -0.179253 0.000000 0.720218 -0.693748 -0.000000 -1 61
171.485825 262.536743 4.000000 0.771968 0.635661 0.000000 -0.936194 0.351485 0.000000 0.209998 -0.977702 -0.000000 -1 63
261.447479 282.475647 4.000000 0.746621 0.665250 0.000000 -0.982544 0.186031 0.000000 0.293847 -0.955853 -0.000000 -1 66
