524.444641 4.512888 4.000000 -0.665102 0.746753 0.000000 -0.390618 -0.920553 -0.000000 0.981832 0.189752 0.000000 -1 1
261.571777 10.495201 4.000000 -0.584549 0.811358 0.000000 -0.302124 -0.953269 -0.000000 0.984311 0.176445 0.000000 -1 2
93.548576 13.477823 4.000000 0.442508 0.896765 0.000000 -0.994720 -0.102622 0.000000 0.596371 -0.802709 -0.000000 -1 3
134.426285 21.477262 4.000000 0.755307 0.655371 0.000000 -0.946394 0.323014 -0.000000 0.128823 -0.991668 -0.000000 -1 5
302.515442 37.430870 4.000000 -0.685023 0.728521 0.000000 -0.276059 -0.961141 -0.000000 0.991155 0.132711 0.000000 -1 8
599.572632 53.570744 4.000000 0.542873 0.839815 0.000000 -0.995614 0.093553 0.000000 0.495132 -0.868818 -0.000000 -1 10
154.586746 71.467979 4.000000 0.456386 0.889782 0.000000 -0.973861 -0.227144 -0.000000 0.671336 -0.741153 -0.000000 -1 12
59.515530 89.516823 4.000000 0.111504 0.993764 0.000000 -0.898903 -0.438148 -0.000000 0.812535 -0.582912 -0.000000 -1 15
29.574820 91.578384 4.000000 0.491422 0.870922 -0.000000 -0.999418 -0.034121 0.000000 0.579434 -0.815019 0.000000 -1 16
191.355576 92.762634 4.000000 0.985707 0.168471 0.000000 -0.644414 0.764677 0.000000 -0.559628 -0.828744 -0.000000 -1 18
113.559250 103.460815 4.000000 0.093257 0.995642 0.000000 -0.884405 -0.466720 -0.000000 0.844051 -0.536263 -0.000000 -1 20
227.716568 106.706589 4.000000 0.816748 0.576994 0.000000 -0.916300 0.400492 0.000000 0.223409 -0.974725 -0.000000 -1 21
170.575287 111.508644 4.000000 0.552320 0.833632 0.000000 -0.998625 -0.052422 -0.000000 0.609530 -0.792763 -0.000000 -1 23
256.495422 120.452927 4.000000 -0.500245 0.865884 0.000000 -0.661993 -0.749510 -0.000000 0.990227 -0.139466 -0.000000 -1 25
206.424454 127.414993 4.000000 -0.388706 0.921362 0.000000 -0.703968 -0.710232 -0.000000 0.959753 -0.280845 -0.000000 -1 27
50.541111 139.524063 4.000000 -0.119804 0.992798 0.000000 -0.776561 -0.630042 -0.000000 0.943872 -0.330312 -0.000000 -1 29
108.313072 140.719986 4.000000 0.928444 0.371472 0.000000 -0.835404 0.549637 -0.000000 -0.254873 -0.966974 -0.000000 -1 30
179.517685 152.454224 4.000000 0.579432 0.815021 0.000000 -0.994012 -0.109269 0.000000 0.741979 -0.670423 -0.000000 -1 34
140.521759 157.588852 4.000000 0.831491 0.555538 0.000000 -0.846191 0.532880 0.000000 0.092589 -0.995704 -0.000000 -1 37
278.585480 157.414078 4.000000 -0.534302 0.845293 0.000000 -0.381644 -0.924309 -0.000000 0.997901 -0.064759 0.000000 -1 38
114.528496 181.438675 4.000000 -0.450025 0.893016 0.000000 -0.523209 -0.852204 -0.000000 0.995220 -0.097659 -0.000000 -1 40
242.566696 186.539795 4.000000 0.754521 0.656276 0.000000 -0.940948 0.338551 0.000000 0.247153 -0.968977 -0.000000 -1 41
432.478729 198.538559 4.000000 -0.300612 0.953747 0.000000 -0.705977 -0.708235 -0.000000 0.980473 -0.196652 0.000000 -1 42
58.227524 210.648605 4.000000 0.076009 0.997107 0.000000 -0.900715 -0.434412 0.000000 0.708252 -0.705960 -0.000000 -1 44
168.456955 210.587982 4.000000 0.685334 0.728229 0.000000 -0.947591 0.319485 -0.000000 0.280753 -0.959780 -0.000000 -1 45
257.429871 214.574448 4.000000 -0.040763 0.999169 0.000000 -0.903745 -0.428070 -0.000000 0.870904 -0.491454 -0.000000 -1 46
102.413277 230.548920 4.000000 -0.013422 0.999910 0.000000 -0.918145 -0.396244 -0.000000 0.818260 -0.574848 -0.000000 -1 53
44.442474 236.452835 4.000000 0.909931 0.414760 0.000000 -0.836071 0.548621 0.000000 -0.119826 -0.992795 -0.000000 -1 54
241.247238 236.618439 4.000000 0.919492 0.393108 0.000000 -0.626955 0.779056 0.000000 -0.310564 -0.950553 0.000000 -1 55
107.584167 253.537384 4.000000 0.935901 0.352264 0.000000 -0.784715 0.619856 0.000000 -0.020545 -0.999789 -0.000000 -1 59
69.472794 254.581543 4.000000 -0.000035 1.000000 0.000000 -0.929608 -0.368550 -0.000000 0.849902 -0.526941 -0.000000 -1 60
457.455811 260.421509 4.000000 0.351045 0.936359 0.000000 -0.970263 -0.242054 -0.000000 0.566594 -0.823997 -0.000000 -1 61
8.505071 266.428925 4.000000 -0.749675 0.661807 0.000000 -0.142607 -0.989779 -0.000000 0.951301 0.308264 0.000000 -1 62
52.417950 286.454285 4.000000 -0.775989 0.630746 0.000000 -0.233700 -0.972309 0.000000 0.949016 0.315229 0.000000 -1 66
236.454895 288.510254 4.000000 0.092743 0.995690 0.000000 -0.924418 -0.381382 -0.000000 0.778523 -0.627616 -0.000000 -1 67
