526.461426 3.511238 4.000000 -0.667403 0.744697 0.000000 -0.360200 -0.932875 -0.000000 0.978907 0.204306 0.000000 -1 2
179.543060 7.494539 4.000000 -0.323090 0.946368 0.000000 -0.673406 -0.739273 -0.000000 0.981973 -0.189024 0.000000 -1 3
118.518066 20.439754 4.000000 -0.364119 0.931352 0.000000 -0.546870 -0.837217 0.000000 0.997744 -0.067134 -0.000000 -1 5
64.418533 24.476824 4.000000 -0.092006 0.995758 0.000000 -0.859049 -0.511894 -0.000000 0.870552 -0.492076 0.000000 -1 6
167.441986 29.471903 4.000000 0.621075 0.783751 0.000000 -0.995069 0.099183 0.000000 0.367636 -0.929970 0.000000 -1 10
282.487823 41.571861 4.000000 -0.015935 0.999873 0.000000 -0.865891 -0.500232 -0.000000 0.925989 -0.377551 -0.000000 -1 13
181.541962 45.469860 4.000000 -0.195794 0.980645 0.000000 -0.748001 -0.663698 -0.000000 0.941140 -0.338016 0.000000 -1 15
61.493771 62.510151 4.000000 -0.615854 0.787860 0.000000 -0.323743 -0.946145 0.000000 0.989061 0.147506 0.000000 -1 20
117.550369 64.458397 4.000000 -0.165622 0.986189 0.000000 -0.709504 -0.704702 -0.000000 0.939303 -0.343089 -0.000000 -1 21
23.497150 67.577667 4.000000 -0.216633 0.976253 0.000000 -0.784814 -0.619732 -0.000000 0.965923 -0.258829 0.000000 -1 22
56.270061 88.292450 4.000000 0.376964 0.926228 -0.000000 -0.987574 -0.157155 0.000000 0.557144 -0.830416 -0.000000 -1 23
204.413925 96.493095 4.000000 -0.513544 0.858063 0.000000 -0.570808 -0.821084 0.000000 0.997975 -0.063603 -0.000000 -1 24
14.570020 104.489868 4.000000 -0.318931 0.947778 0.000000 -0.429502 -0.903066 -0.000000 0.924430 -0.381352 -0.000000 -1 27
237.460571 117.520576 4.000000 -0.546845 0.837234 0.000000 -0.474036 -0.880505 -0.000000 0.997079 0.076372 0.000000 -1 29
97.736092 120.701927 4.000000 0.885785 0.464096 0.000000 -0.791845 0.610722 0.000000 -0.035359 -0.999375 -0.000000 -1 30
140.568314 142.524582 4.000000 0.784109 0.620623 0.000000 -0.892705 0.450642 0.000000 0.165180 -0.986263 -0.000000 -1 34
158.693604 155.700165 4.000000 -0.129521 0.991577 0.000000 -0.782560 -0.622575 -0.000000 0.907307 -0.420469 -0.000000 -1 37
120.497932 160.548340 4.000000 -0.214246 0.976780 0.000000 -0.755519 -0.655127 0.000000 0.957079 -0.289829 -0.000000 -1 38
77.543526 169.403915 4.000000 -0.234661 0.972077 0.000000 -0.711341 -0.702847 0.000000 0.924817 -0.380412 -0.000000 -1 40
75.559547 203.503296 4.000000 -0.618582 0.785720 0.000000 -0.170712 -0.985321 -0.000000 0.999986 0.005332 0.000000 -1 43
300.575958 203.576126 4.000000 -0.429428 0.903101 0.000000 -0.462628 -0.886553 0.000000 0.994900 0.100863 0.000000 -1 44
11.517155 206.562531 4.000000 0.956512 0.291695 0.000000 -0.728536 0.685008 0.000000 -0.288783 -0.957395 -0.000000 -1 47
168.568573 217.442047 4.000000 0.345444 0.938439 0.000000 -0.970437 -0.241355 -0.000000 0.650236 -0.759732 -0.000000 -1 48
206.503006 230.407501 4.000000 0.447434 0.894317 0.000000 -0.981004 -0.193985 -0.000000 0.647277 -0.762255 -0.000000 -1 50
263.451141 231.442902 4.000000 0.798885 0.601484 0.000000 -0.942287 0.334806 0.000000 0.114301 -0.993446 -0.000000 -1 52
151.549271 249.460129 4.000000 0.657617 0.753352 0.000000 -0.993511 0.113738 0.000000 0.397404 -0.917644 -0.000000 -1 55
236.584335 258.571869 4.000000 -0.231986 0.972719 0.000000 -0.662540 -0.749027 -0.000000 0.990600 -0.136792 -0.000000 -1 56
456.436737 259.504333 4.000000 0.279382 0.960180 0.000000 -0.986810 -0.161882 -0.000000 0.619694 -0.784843 -0.000000 -1 57
113.575630 267.493042 4.000000 0.671545 0.740964 0.000000 -0.989188 0.146655 0.000000 0.375523 -0.926813 -0.000000 -1 59
40.553177 274.420441 4.000000 0.857509 0.514470 0.000000 -0.923926 0.382571 0.000000 0.098526 -0.995134 -0.000000 -1 60
160.512360 275.475311 4.000000 -0.367299 0.930103 0.000000 -0.654823 -0.755783 -0.000000 0.982531 -0.186097 0.000000 -1 61
598.523315 278.470520 4.000000 0.297164 0.954827 0.000000 -0.954058 -0.299621 -0.000000 0.690973 -0.722881 -0.000000 -1 62
