523.493774 4.577680 4.000000 -0.616209 0.787583 0.000000 -0.353664 -0.935373 -0.000000 0.962990 0.269536 -0.000000 -1 1
153.524185 35.481880 4.000000 -0.161531 0.986868 0.000000 -0.743700 -0.668513 -0.000000 0.918554 -0.395296 -0.000000 -1 4
301.430511 39.549427 4.000000 -0.480878 0.876788 0.000000 -0.583389 -0.812193 0.000000 0.999792 -0.020386 0.000000 -1 6
86.487289 41.437866 4.000000 0.794046 0.607857 0.000000 -0.954419 0.298470 0.000000 0.109835 -0.993950 0.000000 -1 7
110.440910 49.496025 4.000000 -0.080493 0.996755 0.000000 -0.857208 -0.514970 -0.000000 0.873715 -0.486439 -0.000000 -1 8
44.558575 51.403484 4.000000 0.608756 0.793358 0.000000 -0.999993 0.003664 -0.000000 0.453397 -0.891308 -0.000000 -1 10
251.554672 66.464813 4.000000 0.188671 0.982040 0.000000 -0.954234 -0.299062 -0.000000 0.750066 -0.661363 -0.000000 -1 13
149.590485 78.437653 4.000000 -0.152475 0.988307 0.000000 -0.705446 -0.708763 -0.000000 0.927007 -0.375044 -0.000000 -1 15
196.471924 94.462082 4.000000 -0.617592 0.786498 0.000000 -0.408810 -0.912620 -0.000000 0.997894 0.064872 -0.000000 -1 16
70.432556 95.501839 4.000000 0.265360 0.964149 0.000000 -0.988587 -0.150648 0.000000 0.631405 -0.775453 -0.000000 -1 17
281.710114 98.286186 4.000000 -0.541389 0.840772 0.000000 -0.364183 -0.931327 -0.000000 0.995881 0.090671 0.000000 -1 18
119.469597 99.441849 4.000000 0.399599 0.916690 0.000000 -0.987291 -0.158924 0.000000 0.588904 -0.808203 -0.000000 -1 20
490.536652 99.454453 4.000000 0.242383 0.970181 0.000000 -0.938227 -0.346021 -0.000000 0.733580 -0.679603 -0.000000 -1 21
254.564438 122.498955 4.000000 -0.456775 0.889583 0.000000 -0.461778 -0.886995 -0.000000 0.999634 0.027060 0.000000 -1 27
204.416641 131.514282 4.000000 0.733067 0.680156 0.000000 -0.888841 0.458215 0.000000 0.031716 -0.999497 0.000000 -1 29
45.406090 135.459030 4.000000 0.329732 0.944075 0.000000 -0.986133 -0.165955 -0.000000 0.545991 -0.837791 -0.000000 -1 30
174.549896 139.429596 4.000000 -0.406691 0.913566 0.000000 -0.503949 -0.863733 -0.000000 0.989303 -0.145878 -0.000000 -1 32
298.442169 142.419464 4.000000 -0.705865 0.708346 0.000000 -0.312610 -0.949882 -0.000000 0.993449 0.114277 0.000000 -1 33
236.296951 148.270340 4.000000 0.855970 0.517025 0.000000 -0.907272 0.420545 0.000000 0.004075 -0.999992 0.000000 -1 34
85.402611 159.538712 4.000000 -0.592790 0.805357 0.000000 -0.482296 -0.876008 -0.000000 0.992836 0.119486 -0.000000 -1 36
158.514236 170.538437 4.000000 0.057771 0.998330 0.000000 -0.910038 -0.414524 -0.000000 0.843462 -0.537188 -0.000000 -1 39
113.469017 185.582031 4.000000 0.948596 0.316490 0.000000 -0.745465 0.666544 0.000000 -0.142672 -0.989770 -0.000000 -1 42
433.439117 197.517303 4.000000 -0.372793 0.927915 0.000000 -0.695648 -0.718382 0.000000 0.980718 -0.195427 -0.000000 -1 44
159.416992 209.572861 4.000000 0.097407 0.995245 0.000000 -0.953882 -0.300183 -0.000000 0.783653 -0.621199 -0.000000 -1 46
260.295135 214.734421 4.000000 0.197895 0.980223 0.000000 -0.981046 -0.193777 0.000000 0.736343 -0.676608 -0.000000 -1 47
106.545067 227.461166 4.000000 0.051985 0.998648 0.000000 -0.907399 -0.420271 -0.000000 0.840824 -0.541309 -0.000000 -1 51
44.462975 236.519440 4.000000 -0.634155 0.773206 0.000000 -0.320850 -0.947130 -0.000000 0.990812 0.135244 0.000000 -1 52
180.423218 238.565521 4.000000 0.908088 0.418779 0.000000 -0.757950 0.652313 0.000000 -0.237259 -0.971446 -0.000000 -1 54
457.562256 260.430267 4.000000 0.412519 0.910949 0.000000 -0.974541 -0.224210 0.000000 0.633498 -0.773744 -0.000000 -1 56
198.432526 264.578766 4.000000 -0.149294 0.988793 0.000000 -0.833390 -0.552685 -0.000000 0.922884 -0.385077 -0.000000 -1 58
54.492603 281.586853 4.000000 0.835140 0.550037 0.000000 -0.846539 0.532327 0.000000 -0.005306 -0.999986 -0.000000 -1 61
36.432026 285.418335 4.000000 -0.391086 0.920354 0.000000 -0.656440 -0.754378 -0.000000 0.960962 -0.276679 -0.000000 -1 63
160.439560 293.482819 4.000000 -0.284486 0.958680 0.000000 -0.632808 -0.774309 0.000000 0.914174 -0.405321 -0.000000 -1 65
