526.473083 4.493880 4.000000 -0.674840 0.737964 0.000000 -0.338671 -0.940905 -0.000000 0.980072 0.198640 -0.000000 -1 1
58.577007 26.470669 4.000000 -0.012153 0.999926 0.000000 -0.827442 -0.561551 0.000000 0.899853 -0.436193 -0.000000 -1 4
240.497650 37.531670 4.000000 0.727844 0.685743 0.000000 -0.816318 0.577602 0.000000 0.055555 -0.998456 -0.000000 -1 8
214.512741 51.427841 4.000000 -0.303618 0.952794 0.000000 -0.636648 -0.771155 -0.000000 0.940705 -0.339226 0.000000 -1 10
120.455605 63.416340 4.000000 -0.157103 0.987582 0.000000 -0.764004 -0.645212 -0.000000 0.889346 -0.457236 0.000000 -1 12
165.494583 63.457165 4.000000 0.029879 0.999554 0.000000 -0.807922 -0.589289 -0.000000 0.789712 -0.613478 -0.000000 -1 13
21.453575 64.438210 4.000000 -0.622876 0.782320 0.000000 -0.422506 -0.906360 -0.000000 0.996630 0.082025 0.000000 -1 14
58.278908 90.715538 4.000000 0.416258 0.909247 -0.000000 -0.999973 -0.007343 0.000000 0.520923 -0.853604 -0.000000 -1 18
207.456741 104.564751 4.000000 -0.418288 0.908315 0.000000 -0.524513 -0.851402 -0.000000 0.995469 -0.095091 0.000000 -1 20
237.475418 115.427750 4.000000 0.892111 0.451817 0.000000 -0.887484 0.460839 0.000000 -0.015582 -0.999879 -0.000000 -1 21
98.575546 124.492203 4.000000 -0.664489 0.747298 0.000000 -0.221630 -0.975131 -0.000000 0.977686 0.210070 0.000000 -1 23
208.295105 133.269455 4.000000 0.417251 0.908791 0.000000 -0.986502 -0.163750 -0.000000 0.512023 -0.858972 -0.000000 -1 24
146.471069 139.580475 4.000000 0.918431 0.395581 0.000000 -0.760642 0.649171 0.000000 -0.184236 -0.982882 -0.000000 -1 26
99.253357 160.312347 4.000000 0.653362 0.757046 0.000000 -0.969920 0.243424 0.000000 0.208351 -0.978054 -0.000000 -1 31
297.408691 160.480927 4.000000 -0.606938 0.794749 0.000000 -0.405932 -0.913903 0.000000 0.997469 -0.071101 -0.000000 -1 32
75.528160 170.500916 4.000000 -0.220191 0.975457 0.000000 -0.709554 -0.704651 0.000000 0.956064 -0.293159 -0.000000 -1 34
228.274399 173.266281 4.000000 0.165905 0.986142 0.000000 -0.943319 -0.331887 -0.000000 0.680106 -0.733114 -0.000000 -1 36
259.533752 176.568939 4.000000 0.640144 0.768255 0.000000 -0.968763 0.247990 -0.000000 0.438708 -0.898630 -0.000000 -1 37
131.265396 181.295441 4.000000 0.786448 0.617657 0.000000 -0.936383 0.350980 0.000000 0.067483 -0.997720 -0.000000 -1 39
183.542892 188.453247 4.000000 -0.261762 0.965132 0.000000 -0.734874 -0.678203 -0.000000 0.948662 -0.316293 0.000000 -1 40
10.478799 198.420914 4.000000 0.886384 0.462950 0.000000 -0.860386 0.509643 0.000000 -0.025752 -0.999668 -0.000000 -1 42
183.274933 227.296021 4.000000 -0.349349 0.936993 0.000000 -0.704800 -0.709406 -0.000000 0.967094 -0.254419 -0.000000 -1 48
263.584076 227.561310 4.000000 0.948061 0.318088 0.000000 -0.672355 0.740229 0.000000 -0.190857 -0.981618 -0.000000 -1 49
60.521519 231.503769 4.000000 -0.739898 0.672719 0.000000 -0.293481 -0.955965 -0.000000 0.969526 0.244987 0.000000 -1 50
296.469971 237.453293 4.000000 -0.330191 0.943914 0.000000 -0.677682 -0.735355 -0.000000 0.981271 -0.192633 -0.000000 -1 52
8.530030 248.461029 4.000000 0.799720 0.600374 0.000000 -0.943751 0.330657 0.000000 0.139933 -0.990161 -0.000000 -1 55
42.543129 252.470596 4.000000 -0.066897 0.997760 0.000000 -0.809986 -0.586449 -0.000000 0.914476 -0.404640 0.000000 -1 56
455.572327 259.502838 4.000000 0.398925 0.916984 0.000000 -0.981357 -0.192195 -0.000000 0.685888 -0.727707 -0.000000 -1 57
238.496033 263.512299 4.000000 -0.077548 0.996989 0.000000 -0.829734 -0.558159 -0.000000 0.911028 -0.412345 0.000000 -1 60
112.433716 265.551208 4.000000 0.810040 0.586375 0.000000 -0.899165 0.437609 0.000000 0.048064 -0.998844 -0.000000 -1 61
597.513123 273.476837 4.000000 0.455003 0.890490 0.000000 -0.995280 -0.097049 0.000000 0.533990 -0.845491 -0.000000 -1 64
40.520061 275.574921 4.000000 0.877672 0.479261 0.000000 -0.817618 0.575761 0.000000 -0.055339 -0.998468 -0.000000 -1 65
157.420441 282.474762 4.000000 -0.655591 0.755116 0.000000 -0.389431 -0.921056 -0.000000 0.981890 0.189450 0.000000 -1 66
249.286118 296.278015 4.000000 0.707351 0.706863 0.000000 -0.978485 0.206318 0.000000 0.202374 -0.979308 -0.000000 -1 68
