526.473389 4.521833 4.000000 -0.665896 0.746045 0.000000 -0.342372 -0.939565 -0.000000 0.974722 0.223422 -0.000000 -1 1
58.424660 26.499100 4.000000 -0.142357 0.989815 0.000000 -0.866686 -0.498855 0.000000 0.884611 -0.466329 -0.000000 -1 4
239.603745 38.536949 4.000000 0.802007 0.597315 0.000000 -0.844200 0.536028 0.000000 0.121237 -0.992624 -0.000000 -1 8
214.440948 52.530602 4.000000 -0.366612 0.930374 0.000000 -0.646614 -0.762818 -0.000000 0.966567 -0.256414 -0.000000 -1 11
165.500824 61.534809 4.000000 -0.040919 0.999162 0.000000 -0.814327 -0.580406 -0.000000 0.883030 -0.469317 -0.000000 -1 13
21.441677 63.480026 4.000000 -0.654863 0.755748 0.000000 -0.397007 -0.917816 -0.000000 0.986261 0.165195 0.000000 -1 14
121.433998 63.456055 4.000000 -0.125529 0.992090 0.000000 -0.815788 -0.578352 -0.000000 0.878044 -0.478580 -0.000000 -1 15
58.523861 91.515923 4.000000 0.458745 0.888568 0.000000 -0.996662 -0.081639 0.000000 0.571325 -0.820724 -0.000000 -1 17
237.479309 114.528732 4.000000 0.846222 0.532830 0.000000 -0.868373 0.495912 0.000000 0.008808 -0.999961 -0.000000 -1 20
99.472092 125.410751 4.000000 -0.700548 0.713606 0.000000 -0.303025 -0.952983 -0.000000 0.990312 0.138861 0.000000 -1 21
207.561447 132.581299 4.000000 0.463427 0.886135 0.000000 -0.999763 -0.021782 0.000000 0.583391 -0.812191 -0.000000 -1 22
146.727020 139.703110 4.000000 0.938893 0.344209 0.000000 -0.748411 0.663235 0.000000 -0.127355 -0.991857 -0.000000 -1 25
299.285950 158.297531 4.000000 -0.528988 0.848629 0.000000 -0.499993 -0.866029 0.000000 0.994259 -0.106997 -0.000000 -1 28
98.503006 161.470413 4.000000 0.704393 0.709810 0.000000 -0.950338 0.311220 0.000000 0.208401 -0.978043 -0.000000 -1 30
75.487457 171.546219 4.000000 -0.225547 0.974232 0.000000 -0.729546 -0.683932 0.000000 0.958186 -0.286147 -0.000000 -1 31
228.572906 173.582855 4.000000 0.388639 0.921390 0.000000 -0.996119 -0.088014 -0.000000 0.664504 -0.747285 0.000000 -1 33
259.475281 174.588455 4.000000 0.537395 0.843331 0.000000 -0.980077 0.198620 0.000000 0.488987 -0.872291 -0.000000 -1 34
130.452560 181.474838 4.000000 0.828037 0.560673 0.000000 -0.901653 0.432461 0.000000 0.021905 -0.999760 -0.000000 -1 36
183.572617 188.466003 4.000000 -0.175264 0.984522 0.000000 -0.737575 -0.675265 -0.000000 0.942973 -0.332869 0.000000 -1 38
10.392912 195.473251 4.000000 0.783014 0.622005 0.000000 -0.841438 0.540353 0.000000 -0.019483 -0.999810 0.000000 -1 39
240.424728 211.467438 4.000000 0.208088 0.978110 -0.000000 -0.922276 -0.386532 -0.000000 0.527952 -0.849274 -0.000000 -1 44
264.529144 225.548065 4.000000 -0.597014 0.802231 0.000000 -0.319875 -0.947460 -0.000000 0.968433 0.249275 0.000000 -1 47
183.423340 227.443893 4.000000 -0.334331 0.942456 0.000000 -0.722647 -0.691217 -0.000000 0.953750 -0.300601 -0.000000 -1 48
61.325562 231.250412 4.000000 -0.713669 0.700483 0.000000 -0.355363 -0.934728 -0.000000 0.988792 0.149303 0.000000 -1 50
296.507050 237.564529 4.000000 -0.318807 0.947820 0.000000 -0.666553 -0.745458 -0.000000 0.997128 -0.075739 0.000000 -1 53
8.462877 246.453751 4.000000 0.790314 0.612702 0.000000 -0.930977 0.365079 0.000000 0.086447 -0.996256 -0.000000 -1 54
41.431721 253.415421 4.000000 -0.197314 0.980340 0.000000 -0.792821 -0.609454 -0.000000 0.908308 -0.418302 -0.000000 -1 56
455.568298 259.504242 4.000000 0.394381 0.918947 0.000000 -0.981732 -0.190267 -0.000000 0.683358 -0.730084 -0.000000 -1 59
238.532379 264.414734 4.000000 -0.034819 0.999394 0.000000 -0.805220 -0.592976 0.000000 0.874177 -0.485608 -0.000000 -1 61
112.451630 265.584473 4.000000 0.815657 0.578536 0.000000 -0.872279 0.489009 0.000000 0.043789 -0.999041 -0.000000 -1 62
598.533691 273.471588 4.000000 0.450623 0.892714 0.000000 -0.993716 -0.111928 0.000000 0.551166 -0.834396 -0.000000 -1 63
39.559582 276.406921 4.000000 -0.777692 0.628645 0.000000 -0.135123 -0.990829 -0.000000 0.972872 0.231342 0.000000 -1 64
157.492386 283.470551 4.000000 -0.617949 0.786218 0.000000 -0.343405 -0.939187 -0.000000 0.988469 0.151427 0.000000 -1 66
249.420624 295.515411 4.000000 0.677854 0.735196 0.000000 -0.963515 0.267656 0.000000 0.176286 -0.984339 -0.000000 -1 68
