525.509644 3.473892 4.000000 -0.644476 0.764624 0.000000 -0.326337 -0.945254 -0.000000 0.989636 0.143599 0.000000 -1 3
215.398392 17.495323 4.000000 0.892824 0.450407 0.000000 -0.674839 0.737965 0.000000 -0.272786 -0.962075 0.000000 -1 4
42.415195 26.473364 4.000000 0.855498 0.517805 0.000000 -0.895217 0.445631 0.000000 -0.085355 -0.996351 0.000000 -1 6
112.418983 45.458099 4.000000 0.140759 0.990044 0.000000 -0.923466 -0.383681 -0.000000 0.737671 -0.675161 -0.000000 -1 10
17.516773 55.577179 4.000000 0.937698 0.347452 0.000000 -0.726369 0.687305 0.000000 -0.267983 -0.963424 -0.000000 -1 13
79.589401 59.433327 4.000000 0.438118 0.898917 0.000000 -0.984662 -0.174471 -0.000000 0.625508 -0.780218 -0.000000 -1 14
53.428814 87.490669 4.000000 0.110887 0.993833 0.000000 -0.943117 -0.332460 0.000000 0.764960 -0.644078 -0.000000 -1 17
142.548355 87.506668 4.000000 0.911199 0.411967 0.000000 -0.819413 0.573204 0.000000 -0.027457 -0.999623 -0.000000 -1 18
254.419647 88.491508 4.000000 -0.742255 0.670118 0.000000 -0.326206 -0.945299 -0.000000 0.966497 0.256677 0.000000 -1 19
91.550232 92.480820 4.000000 0.814713 0.579864 0.000000 -0.941619 0.336680 0.000000 0.299879 -0.953977 -0.000000 -1 21
186.484863 115.520828 4.000000 0.490420 0.871486 0.000000 -0.999999 0.001732 -0.000000 0.500032 -0.866007 -0.000000 -1 24
270.276306 121.312767 4.000000 -0.653560 0.756875 0.000000 -0.407474 -0.913217 -0.000000 0.992753 0.120173 0.000000 -1 27
54.422009 139.468262 4.000000 -0.288505 0.957478 0.000000 -0.749552 -0.661946 -0.000000 0.945372 -0.325993 -0.000000 -1 30
297.512360 149.461426 4.000000 -0.461864 0.886951 0.000000 -0.518445 -0.855111 -0.000000 0.999283 -0.037872 0.000000 -1 31
216.444855 150.541504 4.000000 -0.703760 0.710438 0.000000 -0.348897 -0.937161 -0.000000 0.968610 0.248586 0.000000 -1 32
269.486938 182.479614 4.000000 0.704363 0.709840 0.000000 -0.993347 0.115158 0.000000 0.467154 -0.884176 -0.000000 -1 33
151.492081 187.489014 4.000000 0.004864 0.999988 0.000000 -0.903156 -0.429313 -0.000000 0.834895 -0.550409 -0.000000 -1 36
430.539276 203.573303 4.000000 -0.180946 0.983493 0.000000 -0.737839 -0.674977 -0.000000 0.980650 -0.195769 -0.000000 -1 39
97.531937 223.590027 4.000000 0.134161 0.990960 0.000000 -0.915933 -0.401331 -0.000000 0.869962 -0.493119 0.000000 -1 41
172.462997 233.507126 4.000000 -0.661160 0.750245 0.000000 -0.253357 -0.967373 -0.000000 0.998285 0.058539 -0.000000 -1 43
210.505127 234.450638 4.000000 0.351756 0.936092 0.000000 -0.975715 -0.219046 0.000000 0.640365 -0.768071 -0.000000 -1 45
278.519379 234.420563 4.000000 0.803610 0.595156 0.000000 -0.951552 0.307489 0.000000 0.230271 -0.973126 -0.000000 -1 46
61.443443 258.527039 4.000000 -0.032089 0.999485 0.000000 -0.903060 -0.429513 0.000000 0.858215 -0.513291 -0.000000 -1 49
456.479248 259.554657 4.000000 0.309489 0.950903 0.000000 -0.994093 -0.108534 -0.000000 0.645445 -0.763807 -0.000000 -1 50
108.468758 270.470703 4.000000 0.687573 0.726116 0.000000 -0.987006 0.160680 0.000000 0.334400 -0.942431 -0.000000 -1 52
235.263458 278.657867 4.000000 0.452303 0.891864 0.000000 -0.999815 -0.019251 0.000000 0.402776 -0.915299 -0.000000 -1 54
128.580673 283.529755 4.000000 -0.077595 0.996985 0.000000 -0.788636 -0.614861 -0.000000 0.948396 -0.317088 0.000000 -1 55
73.517632 293.430145 4.000000 -0.461849 0.886959 0.000000 -0.522221 -0.852810 0.000000 0.991637 -0.129058 -0.000000 -1 56
