91.584953 4.544981 4.000000 -0.672337 0.740245 0.000000 -0.226106 -0.974103 -0.000000 0.952506 0.304520 0.000000 -1 1
523.428955 5.454429 4.000000 -0.701839 0.712336 0.000000 -0.383057 -0.923725 -0.000000 0.986095 0.166181 0.000000 -1 2
215.454773 39.453644 4.000000 0.504551 0.863382 -0.000000 -0.999887 -0.015030 0.000000 0.444566 -0.895746 -0.000000 -1 6
300.539490 39.524189 4.000000 -0.403524 0.914969 0.000000 -0.537089 -0.843526 -0.000000 0.999136 -0.041562 0.000000 -1 7
91.434036 42.562927 4.000000 0.707159 0.707055 0.000000 -0.947830 0.318777 0.000000 0.115775 -0.993275 -0.000000 -1 8
44.537193 48.493023 4.000000 0.738628 0.674113 0.000000 -0.936959 0.349439 0.000000 0.199130 -0.979973 -0.000000 -1 9
112.513245 48.574986 4.000000 -0.103800 0.994598 0.000000 -0.801548 -0.597931 -0.000000 0.944180 -0.329429 0.000000 -1 10
227.444443 60.472786 4.000000 -0.751416 0.659828 0.000000 -0.352261 -0.935902 -0.000000 0.978437 0.206543 -0.000000 -1 13
277.735535 69.672386 4.000000 0.865941 0.500146 0.000000 -0.831679 0.555257 0.000000 0.081256 -0.996693 -0.000000 -1 14
147.439148 79.455650 4.000000 -0.411886 0.911235 0.000000 -0.639968 -0.768402 0.000000 0.984592 -0.174870 -0.000000 -1 16
48.482399 93.438171 4.000000 -0.582740 0.812658 0.000000 -0.418069 -0.908415 0.000000 1.000000 0.000338 -0.000000 -1 22
198.428925 96.502525 4.000000 0.937727 0.347373 0.000000 -0.766394 0.642371 0.000000 -0.255151 -0.966901 -0.000000 -1 23
491.425049 98.441093 4.000000 0.149565 0.988752 0.000000 -0.939053 -0.343773 0.000000 0.698727 -0.715389 -0.000000 -1 24
117.581535 100.518188 4.000000 0.475342 0.879801 0.000000 -0.998594 -0.053012 0.000000 0.614961 -0.788557 -0.000000 -1 26
235.411896 112.487968 4.000000 0.948436 0.316969 0.000000 -0.727122 0.686509 0.000000 -0.293669 -0.955907 -0.000000 -1 27
256.410583 118.504173 4.000000 -0.170382 0.985378 0.000000 -0.840848 -0.541271 -0.000000 0.904918 -0.425586 -0.000000 -1 29
48.490463 135.557770 4.000000 0.071112 0.997468 0.000000 -0.934900 -0.354911 0.000000 0.853315 -0.521396 -0.000000 -1 32
173.510284 136.427567 4.000000 -0.408230 0.912879 0.000000 -0.535214 -0.844717 -0.000000 0.991094 -0.133163 0.000000 -1 34
238.400131 144.527390 4.000000 0.682579 0.730811 0.000000 -0.847015 0.531569 0.000000 0.032359 -0.999476 0.000000 -1 36
301.552216 144.546219 4.000000 -0.386045 0.922480 0.000000 -0.523192 -0.852215 -0.000000 0.999945 -0.010498 -0.000000 -1 38
8.543263 146.547272 4.000000 0.954522 0.298141 0.000000 -0.731661 0.681669 0.000000 -0.228849 -0.973462 -0.000000 -1 39
91.543213 157.456070 4.000000 0.897279 0.441463 0.000000 -0.859145 0.511733 0.000000 0.035400 -0.999373 -0.000000 -1 41
159.660965 169.246811 4.000000 0.442094 0.896969 0.000000 -0.961452 -0.274972 -0.000000 0.692762 -0.721167 -0.000000 -1 45
58.567764 175.450577 4.000000 0.814391 0.580317 0.000000 -0.931019 0.364971 0.000000 0.308232 -0.951311 -0.000000 -1 47
433.506744 197.446228 4.000000 -0.339867 0.940473 0.000000 -0.627868 -0.778320 -0.000000 0.970614 -0.240642 -0.000000 -1 49
156.708740 207.717209 4.000000 0.167746 0.985830 0.000000 -0.920329 -0.391146 -0.000000 0.835235 -0.549893 -0.000000 -1 50
261.293152 214.275696 4.000000 0.266179 0.963924 0.000000 -0.964903 -0.262607 -0.000000 0.652494 -0.757794 -0.000000 -1 51
178.511063 237.409897 4.000000 0.903146 0.429333 0.000000 -0.887888 0.460061 0.000000 -0.016151 -0.999870 -0.000000 -1 54
259.480377 260.562286 4.000000 -0.356647 0.934239 0.000000 -0.646335 -0.763054 -0.000000 0.994897 -0.100900 0.000000 -1 58
458.433075 260.423859 4.000000 0.330669 0.943747 0.000000 -0.972542 -0.232728 0.000000 0.562486 -0.826807 -0.000000 -1 59
200.282944 268.715607 4.000000 -0.197985 0.980205 0.000000 -0.810624 -0.585567 -0.000000 0.942478 -0.334268 -0.000000 -1 62
53.267200 283.295959 4.000000 0.752230 0.658901 0.000000 -0.959772 0.280780 0.000000 0.107793 -0.994173 -0.000000 -1 63
34.450050 285.462219 4.000000 -0.472134 0.881527 0.000000 -0.562067 -0.827092 0.000000 0.993764 -0.111503 -0.000000 -1 64
