524.522034 3.552827 4.000000 -0.604940 0.796271 0.000000 -0.344883 -0.938646 -0.000000 0.976415 0.215904 0.000000 -1 1
256.552460 6.559589 4.000000 0.009860 0.999951 0.000000 -0.752102 -0.659047 -0.000000 0.997055 -0.076690 0.000000 -1 2
100.432236 16.584749 4.000000 -0.072254 0.997386 0.000000 -0.901208 -0.433386 0.000000 0.887987 -0.459868 -0.000000 -1 4
174.449799 24.414795 4.000000 0.707537 0.706677 0.000000 -0.983998 0.178177 0.000000 0.281120 -0.959673 -0.000000 -1 6
299.461365 38.486168 4.000000 -0.406448 0.913674 0.000000 -0.575780 -0.817605 -0.000000 0.994470 -0.105018 -0.000000 -1 9
6.289116 44.338882 4.000000 0.684759 0.728769 0.000000 -0.905116 0.425164 0.000000 0.215837 -0.976429 -0.000000 -1 11
285.265442 57.687916 4.000000 0.959454 0.281866 0.000000 -0.658816 0.752304 0.000000 -0.324218 -0.945982 -0.000000 -1 15
237.440796 61.424152 4.000000 -0.351887 0.936042 0.000000 -0.673563 -0.739129 -0.000000 0.972435 -0.233173 -0.000000 -1 16
134.387329 64.441284 4.000000 0.916247 0.400613 0.000000 -0.765374 0.643586 0.000000 -0.257522 -0.966273 -0.000000 -1 17
51.543877 91.403557 4.000000 0.262634 0.964895 -0.000000 -0.942438 -0.334381 -0.000000 0.685728 -0.727858 -0.000000 -1 18
117.507408 105.585182 4.000000 0.055044 0.998484 0.000000 -0.920258 -0.391312 0.000000 0.851214 -0.524819 -0.000000 -1 20
301.418640 108.466530 4.000000 -0.615613 0.788048 0.000000 -0.462852 -0.886435 -0.000000 0.997858 0.065414 0.000000 -1 21
227.504730 115.420555 4.000000 0.835032 0.550201 0.000000 -0.919321 0.393508 0.000000 0.086150 -0.996282 -0.000000 -1 23
207.738770 138.320969 4.000000 0.241658 0.970362 0.000000 -0.898901 -0.438152 -0.000000 0.735801 -0.677198 0.000000 -1 27
16.539124 139.562820 4.000000 0.892747 0.450559 0.000000 -0.845139 0.534547 0.000000 -0.173549 -0.984825 -0.000000 -1 28
54.530159 140.511292 4.000000 -0.187757 0.982215 0.000000 -0.728052 -0.685522 0.000000 0.958671 -0.284518 -0.000000 -1 29
111.579330 183.485779 4.000000 -0.563593 0.826052 0.000000 -0.347736 -0.937592 -0.000000 0.995686 0.092787 0.000000 -1 33
236.573288 184.546387 4.000000 0.550884 0.834582 0.000000 -0.998516 0.054458 0.000000 0.503835 -0.863800 -0.000000 -1 34
302.506042 185.457886 4.000000 -0.434682 0.900584 0.000000 -0.629858 -0.776710 0.000000 0.983764 -0.179469 -0.000000 -1 36
431.563232 200.432907 4.000000 -0.244279 0.969705 0.000000 -0.644410 -0.764681 0.000000 0.953609 -0.301047 0.000000 -1 39
57.571095 207.488464 4.000000 0.264878 0.964282 0.000000 -0.944316 -0.329041 -0.000000 0.675794 -0.737091 -0.000000 -1 41
162.414963 210.426559 4.000000 0.660946 0.750434 0.000000 -0.992957 0.118477 0.000000 0.223762 -0.974644 -0.000000 -1 42
139.710800 214.291412 4.000000 -0.043763 0.999042 0.000000 -0.767289 -0.641301 -0.000000 0.926528 -0.376225 -0.000000 -1 43
17.473186 219.507538 4.000000 -0.752991 0.658031 0.000000 -0.458807 -0.888536 -0.000000 0.986085 0.166243 0.000000 -1 44
50.562798 230.430603 4.000000 0.809505 0.587113 0.000000 -0.936578 0.350460 0.000000 0.206406 -0.978466 -0.000000 -1 47
68.416458 252.545197 4.000000 -0.323682 0.946166 0.000000 -0.765366 -0.643595 -0.000000 0.953947 -0.299974 -0.000000 -1 50
456.581238 259.571350 4.000000 0.408724 0.912658 0.000000 -0.992580 -0.121597 -0.000000 0.690993 -0.722861 -0.000000 -1 51
248.525192 265.509094 4.000000 -0.435521 0.900179 0.000000 -0.615418 -0.788201 -0.000000 0.996820 -0.079681 0.000000 -1 52
230.532150 287.445374 4.000000 0.262244 0.965001 0.000000 -0.932166 -0.362030 -0.000000 0.729782 -0.683680 -0.000000 -1 58
139.576492 299.470612 4.000000 -0.530786 0.847506 0.000000 -0.420315 -0.907378 -0.000000 0.998471 0.055273 0.000000 -1 60
