225.493164 300.528992 4.000000 -0.500704 0.865619 0.000000 -0.630409 -0.776263 -0.000000 0.998434 -0.055944 -0.000000 -1 1
526.428589 3.533364 4.000000 -0.672701 0.739915 0.000000 -0.398971 -0.916963 0.000000 0.976191 0.216912 0.000000 -1 2
34.285427 27.284792 4.000000 -0.812049 0.583590 0.000000 -0.147151 -0.989114 -0.000000 0.930865 0.365364 0.000000 -1 3
184.451324 46.530209 4.000000 -0.471006 0.882130 0.000000 -0.607972 -0.793959 -0.000000 0.999583 -0.028883 0.000000 -1 6
116.504845 62.580509 4.000000 0.541207 0.840890 0.000000 -0.982379 0.186900 0.000000 0.383127 -0.923696 -0.000000 -1 10
26.706348 64.735336 4.000000 0.207395 0.978257 0.000000 -0.986064 -0.166366 -0.000000 0.757016 -0.653396 -0.000000 -1 11
252.466064 85.499504 4.000000 -0.233172 0.972435 0.000000 -0.773583 -0.633695 -0.000000 0.959365 -0.282168 -0.000000 -1 14
139.422668 87.486229 4.000000 0.834886 0.550423 0.000000 -0.888951 0.458003 0.000000 -0.010198 -0.999948 -0.000000 -1 15
51.421570 88.559853 4.000000 0.181337 0.983421 0.000000 -0.982614 -0.185660 -0.000000 0.714586 -0.699548 -0.000000 -1 16
204.429840 91.565208 4.000000 -0.490690 0.871334 0.000000 -0.610331 -0.792147 -0.000000 0.999536 -0.030476 0.000000 -1 17
59.312370 115.740082 4.000000 0.931621 0.363431 -0.000000 -0.800710 0.599053 0.000000 -0.243093 -0.970003 -0.000000 -1 24
262.292664 115.725037 4.000000 0.928021 0.372528 0.000000 -0.763952 0.645273 0.000000 -0.234211 -0.972186 0.000000 -1 25
235.715958 122.270454 4.000000 0.065452 0.997856 0.000000 -0.810942 -0.585126 -0.000000 0.903127 -0.429373 -0.000000 -1 27
100.531502 123.456070 4.000000 0.901125 0.433558 0.000000 -0.859690 0.510816 0.000000 -0.015893 -0.999874 -0.000000 -1 28
595.556824 129.419144 4.000000 -0.880602 0.473857 0.000000 0.053426 -0.998572 0.000000 0.929186 0.369613 0.000000 -1 29
143.376907 132.534805 4.000000 0.621538 0.783384 0.000000 -0.905760 0.423791 0.000000 0.121061 -0.992645 -0.000000 -1 30
77.486778 133.597397 4.000000 0.231233 0.972898 0.000000 -0.982126 -0.188224 -0.000000 0.753265 -0.657718 -0.000000 -1 31
123.715630 160.278809 4.000000 -0.388550 0.921428 0.000000 -0.586562 -0.809904 -0.000000 0.987217 -0.159384 0.000000 -1 33
83.414886 200.457367 4.000000 0.793628 0.608404 0.000000 -0.948801 0.315874 0.000000 0.048766 -0.998810 -0.000000 -1 38
299.465088 203.469452 4.000000 -0.469744 0.882803 0.000000 -0.531859 -0.846833 -0.000000 0.996868 -0.079082 0.000000 -1 39
251.459778 214.461823 4.000000 -0.370988 0.928638 0.000000 -0.637991 -0.770043 0.000000 0.960492 -0.278308 -0.000000 -1 42
168.485962 219.558258 4.000000 0.638920 0.769273 0.000000 -0.979183 0.202978 0.000000 0.338063 -0.941123 -0.000000 -1 43
43.707455 228.720612 4.000000 0.932608 0.360890 0.000000 -0.758102 0.652136 0.000000 -0.123220 -0.992379 0.000000 -1 45
211.549545 234.557037 4.000000 0.422139 0.906531 0.000000 -0.994388 -0.105791 0.000000 0.661845 -0.749641 -0.000000 -1 48
290.530884 237.488663 4.000000 0.158271 0.987396 0.000000 -0.823980 -0.566619 -0.000000 0.594843 -0.803842 -0.000000 -1 50
233.316544 256.272552 4.000000 -0.583932 0.811803 0.000000 -0.478948 -0.877843 -0.000000 0.999835 -0.018191 0.000000 -1 51
456.440125 259.546814 4.000000 0.273109 0.961983 0.000000 -0.992808 -0.119721 -0.000000 0.633445 -0.773787 -0.000000 -1 52
40.444771 274.433289 4.000000 0.695922 0.718118 0.000000 -0.977775 0.209656 0.000000 0.213944 -0.976846 -0.000000 -1 55
168.408142 274.504944 4.000000 0.162810 0.986658 0.000000 -0.971110 -0.238632 -0.000000 0.689589 -0.724201 -0.000000 -1 56
598.496643 278.547028 4.000000 0.360063 0.932928 0.000000 -0.996555 -0.082940 0.000000 0.610597 -0.791942 -0.000000 -1 57
283.506287 290.555450 4.000000 0.069849 0.997558 0.000000 -0.878410 -0.477908 0.000000 0.870109 -0.492860 -0.000000 -1 61
76.494148 298.430847 4.000000 -0.323796 0.946127 0.000000 -0.669049 -0.743218 -0.000000 0.952211 -0.305439 0.000000 -1 63
