522.461792 5.555179 4.000000 -0.659353 0.751834 0.000000 -0.353514 -0.935429 -0.000000 0.966449 0.256860 0.000000 -1 3
50.451462 14.536137 4.000000 0.169803 0.985478 0.000000 -0.967953 -0.251131 -0.000000 0.775900 -0.630856 -0.000000 -1 4
270.548218 17.474037 4.000000 -0.690615 0.723223 0.000000 -0.259057 -0.965862 -0.000000 0.983485 0.180987 -0.000000 -1 6
10.492882 36.506943 4.000000 -0.601129 0.799152 0.000000 -0.384397 -0.923168 -0.000000 0.993088 0.117369 -0.000000 -1 10
298.551178 39.518906 4.000000 -0.742140 0.670245 0.000000 -0.172474 -0.985014 -0.000000 0.967362 0.253399 0.000000 -1 11
189.521072 40.439991 4.000000 0.387344 0.921935 0.000000 -0.971402 -0.237442 -0.000000 0.668553 -0.743665 -0.000000 -1 12
116.520561 48.519653 4.000000 -0.544862 0.838525 0.000000 -0.421147 -0.906992 -0.000000 0.994934 0.100528 0.000000 -1 14
154.479050 49.514381 4.000000 0.773334 0.633999 0.000000 -0.940501 0.339791 0.000000 0.154607 -0.987976 -0.000000 -1 15
190.497055 56.595596 4.000000 -0.552820 0.833301 0.000000 -0.492882 -0.870096 -0.000000 0.990489 0.137591 0.000000 -1 16
244.480164 83.552864 4.000000 0.618005 0.786174 0.000000 -0.982904 0.184118 0.000000 0.361614 -0.932328 -0.000000 -1 20
300.570770 89.463158 4.000000 -0.349903 0.936786 0.000000 -0.512093 -0.858930 -0.000000 0.996681 -0.081409 -0.000000 -1 21
200.511566 95.578033 4.000000 -0.466469 0.884538 0.000000 -0.527389 -0.849624 -0.000000 0.997840 0.065694 0.000000 -1 23
492.470367 95.441154 4.000000 0.175187 0.984535 0.000000 -0.928993 -0.370099 -0.000000 0.720489 -0.693466 -0.000000 -1 24
41.465466 100.565430 4.000000 -0.180337 0.983605 0.000000 -0.778187 -0.628033 -0.000000 0.921708 -0.387884 -0.000000 -1 27
599.508850 105.438927 4.000000 -0.049939 0.998752 0.000000 -0.868420 -0.495829 -0.000000 0.821876 -0.569667 -0.000000 -1 30
194.451553 116.432442 4.000000 0.564664 0.825321 0.000000 -0.999804 -0.019815 0.000000 0.422132 -0.906534 -0.000000 -1 32
253.468277 116.480576 4.000000 0.328540 0.944490 -0.000000 -0.980376 -0.197137 0.000000 0.697292 -0.716787 -0.000000 -1 33
182.486176 152.587540 4.000000 0.402821 0.915279 0.000000 -0.999301 0.037373 0.000000 0.596742 -0.802433 -0.000000 -1 36
52.462231 153.425354 4.000000 -0.412584 0.910920 0.000000 -0.593308 -0.804975 -0.000000 0.977107 -0.212750 -0.000000 -1 37
95.556816 159.476059 4.000000 -0.800374 0.599502 0.000000 -0.080436 -0.996760 -0.000000 0.948459 0.316900 0.000000 -1 38
294.452209 181.417542 4.000000 0.265921 0.963995 0.000000 -0.947413 -0.320015 -0.000000 0.590955 -0.806705 -0.000000 -1 41
0.541155 190.447739 4.000000 0.569277 0.822146 0.000000 -0.999831 0.018369 0.000000 0.450583 -0.892734 -0.000000 -1 43
434.558563 196.434235 4.000000 -0.341097 0.940028 0.000000 -0.569005 -0.822334 -0.000000 0.976343 -0.216229 0.000000 -1 46
243.451904 197.449387 4.000000 -0.700562 0.713592 0.000000 -0.439966 -0.898014 -0.000000 0.991451 0.130476 0.000000 -1 47
48.440708 206.444305 4.000000 0.216196 0.976350 0.000000 -0.972212 -0.234101 -0.000000 0.662702 -0.748883 -0.000000 -1 49
127.449173 211.410568 4.000000 -0.222018 0.975043 0.000000 -0.738188 -0.674595 0.000000 0.918668 -0.395030 -0.000000 -1 50
216.565735 219.529541 4.000000 0.540101 0.841600 0.000000 -0.999356 -0.035883 0.000000 0.636844 -0.770992 0.000000 -1 54
80.274292 233.294006 4.000000 0.097738 0.995212 0.000000 -0.934814 -0.355138 -0.000000 0.754503 -0.656296 0.000000 -1 57
229.447479 243.580994 4.000000 0.959386 0.282097 0.000000 -0.680133 0.733089 0.000000 -0.389698 -0.920943 -0.000000 -1 59
1.416258 256.450409 4.000000 0.660571 0.750764 0.000000 -0.993349 0.115144 0.000000 0.256877 -0.966444 -0.000000 -1 60
459.430908 260.417511 4.000000 0.333566 0.942727 0.000000 -0.970280 -0.241984 -0.000000 0.552951 -0.833214 -0.000000 -1 61
74.332466 266.321106 4.000000 -0.760877 0.648896 0.000000 -0.048752 -0.998811 -0.000000 0.999863 0.016576 0.000000 -1 62
298.585052 270.494995 4.000000 -0.362830 0.931855 0.000000 -0.503694 -0.863882 -0.000000 0.997638 -0.068686 0.000000 -1 64
164.585037 293.528656 4.000000 0.615976 0.787765 0.000000 -0.993541 0.113472 0.000000 0.450674 -0.892688 0.000000 -1 68
