226.559708 300.547760 4.000000 -0.298879 0.954291 0.000000 -0.654754 -0.755842 -0.000000 0.986608 -0.163107 0.000000 -1 1
526.448181 3.509188 4.000000 -0.672651 0.739960 0.000000 -0.375870 -0.926673 -0.000000 0.979565 0.201130 0.000000 -1 3
182.502014 9.402894 4.000000 -0.369218 0.929343 0.000000 -0.719669 -0.694317 -0.000000 0.946999 -0.321236 0.000000 -1 4
33.453655 22.433695 4.000000 -0.535790 0.844352 0.000000 -0.413554 -0.910479 -0.000000 0.996735 0.080740 -0.000000 -1 8
63.511024 22.412775 4.000000 0.124536 0.992215 0.000000 -0.887081 -0.461614 -0.000000 0.796289 -0.604916 0.000000 -1 9
119.453896 22.485025 4.000000 -0.016885 0.999857 0.000000 -0.855699 -0.517474 -0.000000 0.866697 -0.498835 -0.000000 -1 10
255.716644 23.259048 4.000000 0.104095 0.994567 0.000000 -0.841766 -0.539843 0.000000 0.869782 -0.493436 -0.000000 -1 11
163.676849 27.735369 4.000000 0.666412 0.745583 0.000000 -0.994697 0.102848 0.000000 0.566715 -0.823914 -0.000000 -1 14
182.583725 45.536301 4.000000 -0.303130 0.952949 0.000000 -0.618509 -0.785778 -0.000000 0.995950 -0.089908 0.000000 -1 18
62.449978 56.565666 4.000000 -0.588377 0.808587 0.000000 -0.435313 -0.900279 -0.000000 0.992352 0.123437 -0.000000 -1 21
117.521912 64.442139 4.000000 0.024156 0.999708 0.000000 -0.839597 -0.543210 -0.000000 0.853253 -0.521497 -0.000000 -1 22
23.462130 67.447128 4.000000 -0.095423 0.995437 0.000000 -0.858806 -0.512302 -0.000000 0.854789 -0.518976 -0.000000 -1 24
131.411850 86.730133 4.000000 -0.258403 0.966037 0.000000 -0.192291 -0.981338 0.000000 0.971671 -0.236337 0.000000 -1 28
53.461632 89.416084 4.000000 0.375843 0.926683 0.000000 -0.981377 -0.192093 -0.000000 0.576628 -0.817007 -0.000000 -1 29
203.730469 94.684967 4.000000 -0.435734 0.900075 0.000000 -0.491361 -0.870956 -0.000000 0.999652 -0.026369 -0.000000 -1 31
19.719402 101.713036 4.000000 -0.413115 0.910679 0.000000 -0.514319 -0.857599 -0.000000 0.999967 -0.008176 0.000000 -1 32
262.584137 114.539574 4.000000 0.880070 0.474843 0.000000 -0.846180 0.532897 0.000000 0.023979 -0.999712 0.000000 -1 34
236.553650 120.511620 4.000000 -0.200143 0.979767 0.000000 -0.679390 -0.733777 -0.000000 0.975221 -0.221234 -0.000000 -1 37
98.580498 122.441437 4.000000 0.876175 0.481992 -0.000000 -0.876408 0.481569 0.000000 0.098627 -0.995125 -0.000000 -1 38
595.496582 129.533478 4.000000 0.912064 0.410049 0.000000 -0.815036 0.579411 0.000000 -0.080183 -0.996780 -0.000000 -1 41
140.575684 138.542740 4.000000 0.697606 0.716481 -0.000000 -0.939706 0.341984 0.000000 0.301910 -0.953336 -0.000000 -1 44
156.437317 153.486862 4.000000 -0.200006 0.979795 0.000000 -0.741181 -0.671305 -0.000000 0.903023 -0.429593 -0.000000 -1 45
121.419029 159.458923 4.000000 -0.291341 0.956619 0.000000 -0.763296 -0.646049 -0.000000 0.930236 -0.366961 -0.000000 -1 47
80.442612 202.457794 4.000000 0.907211 0.420677 0.000000 -0.847380 0.530987 0.000000 -0.115424 -0.993316 -0.000000 -1 50
299.474335 203.574081 4.000000 -0.467126 0.884191 0.000000 -0.538872 -0.842387 -0.000000 0.998319 0.057953 0.000000 -1 51
168.451782 216.573425 4.000000 0.335354 0.942092 0.000000 -0.999296 -0.037523 0.000000 0.575943 -0.817490 -0.000000 -1 54
41.419437 229.478104 4.000000 0.820518 0.571621 0.000000 -0.923689 0.383144 0.000000 0.022585 -0.999745 -0.000000 -1 56
262.702454 231.699707 4.000000 0.810530 0.585697 0.000000 -0.924824 0.380396 0.000000 0.260184 -0.965559 -0.000000 -1 57
211.421371 232.430206 4.000000 0.295025 0.955489 0.000000 -0.971320 -0.237776 -0.000000 0.623594 -0.781748 -0.000000 -1 59
151.463913 247.438873 4.000000 0.660088 0.751189 0.000000 -0.994449 0.105223 0.000000 0.270397 -0.962749 -0.000000 -1 61
234.431961 258.587494 4.000000 -0.484583 0.874745 0.000000 -0.600083 -0.799938 0.000000 0.999940 -0.010936 -0.000000 -1 64
456.440247 259.520416 4.000000 0.277974 0.960589 0.000000 -0.989330 -0.145690 -0.000000 0.625333 -0.780358 -0.000000 -1 65
115.582115 270.453735 4.000000 0.556878 0.830594 0.000000 -0.997730 -0.067335 -0.000000 0.455950 -0.890005 -0.000000 -1 66
164.535690 273.569031 4.000000 0.074538 0.997218 0.000000 -0.905944 -0.423399 -0.000000 0.870955 -0.491362 -0.000000 -1 67
39.705826 274.280914 4.000000 0.810624 0.585566 0.000000 -0.937481 0.348038 0.000000 0.155806 -0.987788 -0.000000 -1 68
599.405029 278.544159 4.000000 0.193579 0.981085 0.000000 -0.984287 -0.176575 0.000000 0.648179 -0.761488 -0.000000 -1 69
