521.521179 5.469858 4.000000 -0.673290 0.739379 0.000000 -0.275653 -0.961257 0.000000 0.984295 0.176533 0.000000 -1 1
271.478027 20.564325 4.000000 0.853888 0.520456 0.000000 -0.852820 0.522205 0.000000 0.007857 -0.999969 -0.000000 -1 3
213.448456 38.433601 4.000000 0.903242 0.429131 0.000000 -0.854741 0.519054 0.000000 -0.104998 -0.994472 -0.000000 -1 7
152.416733 45.477951 4.000000 0.696594 0.717465 0.000000 -0.962821 0.270141 0.000000 0.120665 -0.992693 -0.000000 -1 8
297.545258 46.576519 4.000000 -0.463855 0.885911 0.000000 -0.476725 -0.879053 -0.000000 0.995336 0.096473 -0.000000 -1 9
120.583824 51.474876 4.000000 -0.138232 0.990400 0.000000 -0.686024 -0.727579 -0.000000 0.948305 -0.317359 -0.000000 -1 10
87.414085 60.523796 4.000000 0.403932 0.914789 0.000000 -0.999984 -0.005687 -0.000000 0.497168 -0.867654 -0.000000 -1 12
59.297306 65.300346 4.000000 -0.308979 0.951069 0.000000 -0.604963 -0.796254 0.000000 0.953007 -0.302949 -0.000000 -1 13
196.598282 76.482338 4.000000 0.203991 0.978973 0.000000 -0.814440 -0.580248 -0.000000 0.648644 -0.761092 -0.000000 -1 15
7.540155 78.465790 4.000000 0.614179 0.789167 0.000000 -0.998587 0.053133 0.000000 0.397438 -0.917629 -0.000000 -1 16
161.464142 85.548050 4.000000 -0.313101 0.949720 0.000000 -0.706571 -0.707642 0.000000 0.975187 -0.221381 -0.000000 -1 18
240.496414 92.580795 4.000000 -0.093629 0.995607 0.000000 -0.836237 -0.548368 -0.000000 0.929396 -0.369085 0.000000 -1 25
493.549561 92.562950 4.000000 0.214984 0.976618 0.000000 -0.955252 -0.295792 -0.000000 0.801524 -0.597962 -0.000000 -1 26
384.567108 98.564423 4.000000 0.698537 0.715574 0.000000 -0.954207 0.299146 0.000000 0.360837 -0.932629 -0.000000 -1 28
42.410069 100.444626 4.000000 -0.673257 0.739409 0.000000 -0.427022 -0.904241 -0.000000 0.985616 0.169000 0.000000 -1 29
122.463470 109.531242 4.000000 -0.350874 0.936423 0.000000 -0.774063 -0.633109 -0.000000 0.970616 -0.240633 -0.000000 -1 31
284.541809 111.453125 4.000000 0.262063 0.965051 0.000000 -0.941652 -0.336589 -0.000000 0.730561 -0.682847 -0.000000 -1 32
25.571472 116.444641 4.000000 0.233425 0.972375 0.000000 -0.927232 -0.374486 -0.000000 0.732270 -0.681014 -0.000000 -1 33
214.406418 118.536682 4.000000 0.517769 0.855520 0.000000 -0.984857 0.173366 0.000000 0.357271 -0.934001 -0.000000 -1 34
283.678894 167.256927 4.000000 0.665991 0.745959 0.000000 -0.995010 0.099774 -0.000000 0.395058 -0.918656 -0.000000 -1 40
238.567734 171.462646 4.000000 0.516829 0.856089 0.000000 -0.999650 -0.026458 -0.000000 0.560530 -0.828134 -0.000000 -1 41
110.540657 173.559814 4.000000 0.933765 0.357887 0.000000 -0.719013 0.694996 0.000000 -0.206355 -0.978477 -0.000000 -1 42
190.463486 177.508774 4.000000 0.472594 0.881280 0.000000 -1.000000 -0.000054 0.000000 0.489529 -0.871987 -0.000000 -1 43
35.513504 181.433746 4.000000 0.835002 0.550246 0.000000 -0.949942 0.312425 0.000000 0.271406 -0.962465 -0.000000 -1 45
600.438354 189.559067 4.000000 0.405724 0.913996 0.000000 -0.998228 0.059511 -0.000000 0.482179 -0.876073 0.000000 -1 46
436.447754 195.560349 4.000000 -0.417009 0.908903 0.000000 -0.645452 -0.763801 -0.000000 0.996843 -0.079398 -0.000000 -1 48
53.524418 208.457336 4.000000 -0.766672 0.642039 0.000000 -0.143355 -0.989671 0.000000 0.965304 0.261129 0.000000 -1 53
128.483856 216.412415 4.000000 -0.470132 0.882596 0.000000 -0.529874 -0.848076 -0.000000 0.988575 -0.150730 0.000000 -1 54
177.606033 223.502869 4.000000 0.728854 0.684669 0.000000 -0.837569 0.546332 0.000000 0.166717 -0.986005 -0.000000 -1 56
248.486053 227.522995 4.000000 0.114263 0.993451 0.000000 -0.929065 -0.369917 -0.000000 0.799151 -0.601131 -0.000000 -1 58
62.429008 255.510635 4.000000 0.642095 0.766625 0.000000 -0.774781 0.632229 0.000000 0.006595 -0.999978 -0.000000 -1 62
460.449341 259.535461 4.000000 0.298947 0.954270 0.000000 -0.993594 -0.113009 -0.000000 0.618321 -0.785926 -0.000000 -1 64
600.531494 260.535339 4.000000 0.499226 0.866472 0.000000 -0.999123 0.041867 0.000000 0.502899 -0.864345 -0.000000 -1 65
106.586014 261.458893 4.000000 -0.274798 0.961502 0.000000 -0.603273 -0.797534 -0.000000 0.972788 -0.231695 -0.000000 -1 66
85.582314 290.504822 4.000000 0.606158 0.795344 0.000000 -0.997475 0.071012 0.000000 0.463884 -0.885896 -0.000000 -1 70
170.426529 299.457611 4.000000 -0.696667 0.717395 0.000000 -0.378085 -0.925771 -0.000000 0.981848 0.189671 0.000000 -1 72
