524.549377 3.514092 4.000000 -0.608026 0.793917 0.000000 -0.309729 -0.950825 -0.000000 0.985618 0.168991 0.000000 -1 1
107.476089 16.517303 4.000000 -0.141384 0.989955 0.000000 -0.865898 -0.500221 -0.000000 0.899772 -0.436361 -0.000000 -1 3
41.494259 26.538185 4.000000 -0.567206 0.823576 0.000000 -0.409979 -0.912095 -0.000000 0.995777 0.091805 0.000000 -1 5
152.440613 35.533020 4.000000 -0.331508 0.943452 0.000000 -0.614325 -0.789053 0.000000 0.984157 -0.177297 -0.000000 -1 7
298.470581 40.572815 4.000000 -0.309315 0.950960 0.000000 -0.704504 -0.709700 -0.000000 0.993806 -0.111127 -0.000000 -1 8
236.485458 61.438030 4.000000 -0.224895 0.974383 0.000000 -0.744866 -0.667214 -0.000000 0.935834 -0.352441 -0.000000 -1 10
50.450165 87.533470 4.000000 0.267007 0.963695 0.000000 -0.985547 -0.169400 -0.000000 0.655542 -0.755159 -0.000000 -1 13
141.523148 92.519142 4.000000 0.872982 0.487753 0.000000 -0.818752 0.574147 0.000000 -0.057272 -0.998359 -0.000000 -1 14
118.403824 105.449699 4.000000 0.025783 0.999668 0.000000 -0.901791 -0.432173 0.000000 0.771379 -0.636376 -0.000000 -1 17
300.552856 107.495079 4.000000 -0.610201 0.792247 0.000000 -0.304841 -0.952403 0.000000 0.988719 0.149781 0.000000 -1 19
185.566162 115.497864 4.000000 0.735166 0.677887 0.000000 -0.928065 0.372418 0.000000 0.235110 -0.971969 0.000000 -1 20
225.566132 116.440987 4.000000 0.892419 0.451207 0.000000 -0.865236 0.501365 0.000000 0.068543 -0.997648 -0.000000 -1 21
11.440643 136.428116 4.000000 -0.820668 0.571405 0.000000 -0.180704 -0.983538 0.000000 0.940885 0.338727 -0.000000 -1 24
55.422733 141.431168 4.000000 -0.171541 0.985177 0.000000 -0.799452 -0.600731 -0.000000 0.895343 -0.445377 -0.000000 -1 25
114.433914 184.426758 4.000000 -0.734329 0.678793 0.000000 -0.304783 -0.952422 -0.000000 0.978494 0.206277 0.000000 -1 30
236.558044 185.466812 4.000000 0.524277 0.851548 0.000000 -0.998599 -0.052906 -0.000000 0.518909 -0.854830 -0.000000 -1 31
58.538410 189.444138 4.000000 0.339239 0.940700 0.000000 -0.955788 -0.294057 -0.000000 0.766227 -0.642570 -0.000000 -1 32
431.516022 200.557632 4.000000 -0.234206 0.972187 0.000000 -0.717892 -0.696154 -0.000000 0.981237 -0.192808 0.000000 -1 33
164.474182 212.555252 4.000000 0.658007 0.753012 0.000000 -0.966815 0.255477 0.000000 0.227303 -0.973824 -0.000000 -1 36
11.531665 215.501114 4.000000 -0.728123 0.685446 0.000000 -0.185068 -0.982726 -0.000000 0.954230 0.299074 0.000000 -1 38
141.458771 216.522415 4.000000 -0.237571 0.971370 0.000000 -0.719583 -0.694406 -0.000000 0.970211 -0.242262 -0.000000 -1 39
104.469742 226.510696 4.000000 -0.025764 0.999668 0.000000 -0.895937 -0.444182 -0.000000 0.863383 -0.504550 0.000000 -1 41
269.314453 235.263367 4.000000 0.871414 0.490548 0.000000 -0.921860 0.387524 0.000000 0.070434 -0.997516 -0.000000 -1 43
210.492264 237.540970 4.000000 0.363579 0.931563 0.000000 -0.999998 0.001897 0.000000 0.582407 -0.812898 -0.000000 -1 46
64.515427 255.416107 4.000000 -0.202549 0.979272 0.000000 -0.694946 -0.719062 -0.000000 0.924578 -0.380992 0.000000 -1 49
456.546570 259.555420 4.000000 0.374881 0.927073 0.000000 -0.992264 -0.124143 -0.000000 0.671387 -0.741107 -0.000000 -1 51
201.507523 285.465881 4.000000 -0.601864 0.798599 0.000000 -0.322872 -0.946443 -0.000000 0.984709 0.174207 -0.000000 -1 52
