521.475708 5.457815 4.000000 -0.696773 0.717292 0.000000 -0.311421 -0.950272 0.000000 0.983577 0.180491 0.000000 -1 3
269.550110 26.509535 4.000000 -0.536814 0.843701 0.000000 -0.225941 -0.974141 -0.000000 0.989835 0.142219 0.000000 -1 5
215.463882 39.555630 4.000000 0.833987 0.551784 0.000000 -0.847856 0.530227 0.000000 -0.010214 -0.999948 -0.000000 -1 9
151.503845 40.505211 4.000000 -0.625691 0.780071 0.000000 -0.385924 -0.922531 -0.000000 0.993475 0.114053 0.000000 -1 10
299.509491 46.545994 4.000000 -0.429344 0.903141 0.000000 -0.523132 -0.852252 -0.000000 0.999957 0.009280 -0.000000 -1 11
126.273849 51.301987 4.000000 0.033422 0.999441 0.000000 -0.905793 -0.423721 -0.000000 0.799115 -0.601179 -0.000000 -1 12
37.540833 54.536430 4.000000 0.771422 0.636324 0.000000 -0.901873 0.432001 0.000000 0.141654 -0.989916 0.000000 -1 13
84.527847 61.489170 4.000000 0.349666 0.936874 0.000000 -0.977835 -0.209378 0.000000 0.689230 -0.724543 -0.000000 -1 15
279.251312 64.304260 4.000000 0.715839 0.698265 0.000000 -0.942045 0.335486 0.000000 0.125806 -0.992055 -0.000000 -1 17
161.711746 88.717377 4.000000 -0.377913 0.925841 0.000000 -0.563459 -0.826144 -0.000000 0.999258 -0.038525 0.000000 -1 22
494.447327 92.474701 4.000000 0.129470 0.991583 0.000000 -0.939921 -0.341391 -0.000000 0.740157 -0.672434 -0.000000 -1 25
242.412125 95.450974 4.000000 -0.171802 0.985132 0.000000 -0.848025 -0.529956 -0.000000 0.872947 -0.487815 0.000000 -1 26
39.436779 98.567902 4.000000 0.961703 0.274094 -0.000000 -0.579016 0.815316 0.000000 -0.409141 -0.912471 -0.000000 -1 27
383.578308 99.566673 4.000000 0.700387 0.713763 0.000000 -0.955430 0.295216 0.000000 0.367077 -0.930191 -0.000000 -1 28
277.658142 107.234177 4.000000 0.543855 0.839179 0.000000 -0.981829 -0.189766 -0.000000 0.696975 -0.717096 -0.000000 -1 30
26.564066 116.565231 4.000000 0.325385 0.945581 0.000000 -0.981256 -0.192711 0.000000 0.674459 -0.738312 -0.000000 -1 31
128.508698 131.560349 4.000000 -0.432916 0.901434 0.000000 -0.475578 -0.879673 -0.000000 0.999507 -0.031393 0.000000 -1 34
167.440231 152.407822 4.000000 0.808568 0.588403 0.000000 -0.967033 0.254652 -0.000000 0.112055 -0.993702 0.000000 -1 37
238.438049 171.406570 4.000000 0.447123 0.894472 0.000000 -0.993300 -0.115568 -0.000000 0.507134 -0.861867 -0.000000 -1 40
112.454330 174.556824 4.000000 0.937862 0.347008 0.000000 -0.756985 0.653433 0.000000 -0.305332 -0.952246 -0.000000 -1 41
189.532349 180.460205 4.000000 0.705519 0.708691 0.000000 -0.980714 0.195446 0.000000 0.315459 -0.948939 -0.000000 -1 42
600.576782 189.570053 4.000000 0.497310 0.867573 0.000000 -0.999091 0.042623 0.000000 0.551859 -0.833938 -0.000000 -1 43
436.507019 195.552811 4.000000 -0.373019 0.927824 0.000000 -0.610631 -0.791915 0.000000 0.997999 -0.063226 0.000000 -1 45
50.554108 212.476059 4.000000 -0.385025 0.922906 0.000000 -0.537980 -0.842957 0.000000 0.995855 -0.090956 -0.000000 -1 49
130.411743 218.530487 4.000000 -0.535386 0.844608 0.000000 -0.580902 -0.813973 -0.000000 0.999884 -0.015212 0.000000 -1 51
287.540070 221.541351 4.000000 0.776063 0.630655 0.000000 -0.933240 0.359255 0.000000 0.259393 -0.965772 -0.000000 -1 52
249.437546 225.556335 4.000000 0.059230 0.998244 0.000000 -0.946029 -0.324083 -0.000000 0.799687 -0.600417 0.000000 -1 53
99.492065 236.585892 4.000000 0.209079 0.977899 0.000000 -0.955703 -0.294333 0.000000 0.895414 -0.445234 -0.000000 -1 56
55.472584 258.441742 4.000000 0.679622 0.733562 0.000000 -0.985307 0.170794 0.000000 0.255118 -0.966910 -0.000000 -1 60
109.412979 258.585571 4.000000 -0.465551 0.885021 0.000000 -0.634425 -0.772985 -0.000000 0.996789 -0.080075 0.000000 -1 61
0.523501 259.578857 4.000000 0.469615 0.882871 0.000000 -0.995959 0.089813 0.000000 0.528502 -0.848932 -0.000000 -1 62
460.495819 259.531982 4.000000 0.340377 0.940289 0.000000 -0.991896 -0.127053 0.000000 0.639264 -0.768987 -0.000000 -1 63
220.558014 269.528595 4.000000 0.315925 0.948784 0.000000 -0.915961 -0.401267 -0.000000 0.610035 -0.792374 -0.000000 -1 65
87.414337 282.438782 4.000000 0.776935 0.629581 0.000000 -0.919223 0.393738 0.000000 0.030374 -0.999539 -0.000000 -1 69
171.585800 298.564758 4.000000 -0.508719 0.860933 0.000000 -0.395404 -0.918507 -0.000000 0.989061 0.147509 0.000000 -1 70
