526.553833 5.562244 4.000000 -0.623645 0.781708 0.000000 -0.279929 -0.960021 -0.000000 0.964062 0.265676 0.000000 -1 1
158.417740 13.559178 4.000000 0.738753 0.673977 0.000000 -0.915284 0.402809 0.000000 0.103863 -0.994592 -0.000000 -1 5
26.263592 18.283350 4.000000 0.761611 0.648035 0.000000 -0.949379 0.314134 0.000000 0.092115 -0.995748 0.000000 -1 7
253.271606 24.308374 4.000000 0.222045 0.975036 0.000000 -0.969923 -0.243413 0.000000 0.663401 -0.748264 -0.000000 -1 8
92.450081 29.543447 4.000000 -0.212391 0.977185 0.000000 -0.787524 -0.616284 -0.000000 0.941579 -0.336793 -0.000000 -1 12
217.514404 37.528244 4.000000 -0.504805 0.863234 0.000000 -0.465044 -0.885288 -0.000000 0.999450 0.033164 -0.000000 -1 14
288.457916 44.514122 4.000000 -0.067589 0.997713 0.000000 -0.855529 -0.517756 -0.000000 0.886241 -0.463225 -0.000000 -1 15
43.442158 94.520195 4.000000 -0.577000 0.816744 0.000000 -0.449329 -0.893367 -0.000000 0.992716 0.120477 0.000000 -1 18
98.522003 96.523666 4.000000 -0.186835 0.982391 0.000000 -0.805910 -0.592038 0.000000 0.948720 -0.316119 -0.000000 -1 19
180.497192 108.486473 4.000000 -0.435302 0.900284 0.000000 -0.590479 -0.807053 -0.000000 0.994448 -0.105225 -0.000000 -1 21
168.480652 132.552094 4.000000 0.677896 0.735158 0.000000 -0.966175 0.257887 0.000000 0.329952 -0.943998 -0.000000 -1 25
33.485588 140.481247 4.000000 -0.192295 0.981337 0.000000 -0.713231 -0.700929 -0.000000 0.912844 -0.408309 0.000000 -1 27
208.491226 147.447937 4.000000 -0.477662 0.878544 0.000000 -0.583913 -0.811817 0.000000 0.995879 -0.090697 -0.000000 -1 28
147.421616 150.449127 4.000000 -0.400581 0.916261 0.000000 -0.672867 -0.739763 -0.000000 0.967711 -0.252061 -0.000000 -1 29
70.506081 170.531204 4.000000 -0.221206 0.975227 0.000000 -0.718377 -0.695654 -0.000000 0.967721 -0.252024 -0.000000 -1 32
120.420151 173.437363 4.000000 0.478887 0.877877 0.000000 -0.998830 -0.048369 0.000000 0.442715 -0.896662 -0.000000 -1 33
154.251068 186.662323 4.000000 0.912980 0.408004 0.000000 -0.762100 0.647459 0.000000 -0.185577 -0.982630 -0.000000 -1 36
243.328949 187.313858 4.000000 -0.219810 0.975543 0.000000 -0.947169 -0.320734 0.000000 0.868501 -0.495688 -0.000000 -1 37
12.432875 188.433243 4.000000 -0.766737 0.641961 0.000000 -0.225032 -0.974351 -0.000000 0.953857 0.300263 0.000000 -1 38
150.409561 215.507217 4.000000 0.327847 0.944731 -0.000000 -0.999827 0.018603 0.000000 0.501379 -0.865228 -0.000000 -1 42
57.573814 227.553284 4.000000 0.389314 0.921105 0.000000 -0.993872 -0.110540 0.000000 0.732685 -0.680568 0.000000 -1 43
600.508118 233.468826 4.000000 0.377187 0.926137 0.000000 -0.988037 -0.154214 -0.000000 0.583218 -0.812316 -0.000000 -1 46
298.436920 237.449829 4.000000 -0.618695 0.785631 0.000000 -0.444347 -0.895855 0.000000 0.999187 0.040317 -0.000000 -1 48
174.704056 239.712128 4.000000 -0.040033 0.999198 0.000000 -0.848515 -0.529171 0.000000 0.894209 -0.447649 -0.000000 -1 49
112.448357 255.560913 4.000000 0.544363 0.838850 0.000000 -0.984033 0.177988 0.000000 0.392424 -0.919784 -0.000000 -1 52
456.410309 258.583069 4.000000 0.214869 0.976643 0.000000 -0.995697 -0.092669 -0.000000 0.648806 -0.760954 -0.000000 -1 53
43.476807 261.447571 4.000000 0.654001 0.756494 0.000000 -0.986146 0.165879 0.000000 0.302458 -0.953163 -0.000000 -1 55
239.427063 269.489136 4.000000 0.539876 0.841745 0.000000 -0.993874 0.110519 0.000000 0.326766 -0.945105 -0.000000 -1 56
600.429871 276.525848 4.000000 0.208841 0.977950 0.000000 -0.976619 -0.214976 -0.000000 0.702990 -0.711200 -0.000000 -1 59
204.293167 278.292755 4.000000 -0.644420 0.764672 0.000000 -0.289449 -0.957193 0.000000 0.995031 0.099565 0.000000 -1 60
299.536774 279.538086 4.000000 -0.108100 0.994140 0.000000 -0.746552 -0.665327 -0.000000 0.988607 -0.150518 0.000000 -1 62
49.722012 295.269958 4.000000 -0.587366 0.809321 0.000000 -0.306364 -0.951914 0.000000 0.999022 0.044213 0.000000 -1 65
115.459366 299.522583 4.000000 0.875113 0.483919 0.000000 -0.832558 0.553938 0.000000 -0.117126 -0.993117 -0.000000 -1 66
