524.527344 3.541885 4.000000 -0.607609 0.794237 0.000000 -0.337729 -0.941243 -0.000000 0.979310 0.202367 0.000000 -1 1
101.425133 16.464010 4.000000 -0.091925 0.995766 0.000000 -0.854170 -0.519994 0.000000 0.864543 -0.502559 -0.000000 -1 2
172.543213 25.473822 4.000000 0.884334 0.466855 0.000000 -0.907320 0.420440 0.000000 0.322725 -0.946493 -0.000000 -1 4
155.414917 36.453514 4.000000 -0.195206 0.980762 0.000000 -0.675201 -0.737634 -0.000000 0.880687 -0.473698 -0.000000 -1 8
298.578156 38.563671 4.000000 -0.289917 0.957052 0.000000 -0.589626 -0.807677 -0.000000 0.998807 -0.048839 0.000000 -1 9
236.574280 60.558540 4.000000 -0.207599 0.978214 0.000000 -0.697302 -0.716777 -0.000000 0.988266 -0.152744 -0.000000 -1 12
285.549194 60.469288 4.000000 -0.675481 0.737377 0.000000 -0.165992 -0.986127 -0.000000 0.965154 0.261681 0.000000 -1 13
134.425430 63.467087 4.000000 0.919665 0.392703 0.000000 -0.743785 0.668419 0.000000 -0.228980 -0.973431 -0.000000 -1 14
51.492817 90.435814 4.000000 0.245865 0.969304 0.000000 -0.953524 -0.301318 0.000000 0.673223 -0.739440 -0.000000 -1 17
139.474701 91.501801 4.000000 0.875563 0.483105 0.000000 -0.762036 0.647534 0.000000 -0.139305 -0.990250 -0.000000 -1 18
117.715553 106.285423 4.000000 0.107228 0.994235 0.000000 -0.884944 -0.465697 0.000000 0.800530 -0.599293 -0.000000 -1 21
300.526978 108.426422 4.000000 -0.619983 0.784615 0.000000 -0.301825 -0.953363 0.000000 0.998639 0.052156 -0.000000 -1 22
184.579376 112.550972 4.000000 0.693573 0.720386 0.000000 -0.857977 0.513688 0.000000 0.171836 -0.985125 -0.000000 -1 23
227.444916 115.474747 4.000000 0.816049 0.577983 0.000000 -0.909373 0.415981 0.000000 0.032097 -0.999485 -0.000000 -1 24
14.431885 138.433807 4.000000 0.924251 0.381785 0.000000 -0.861820 0.507214 0.000000 -0.206844 -0.978374 -0.000000 -1 27
55.469517 140.592804 4.000000 -0.200898 0.979612 0.000000 -0.784906 -0.619615 -0.000000 0.967878 -0.251419 -0.000000 -1 29
112.466965 183.546921 4.000000 -0.626829 0.779157 0.000000 -0.397884 -0.917436 -0.000000 0.982080 0.188466 0.000000 -1 33
236.523941 184.491211 4.000000 0.535690 0.844415 0.000000 -0.999900 0.014146 0.000000 0.465217 -0.885197 -0.000000 -1 34
431.547211 200.465530 4.000000 -0.243025 0.970020 0.000000 -0.667014 -0.745045 -0.000000 0.963626 -0.267255 -0.000000 -1 36
162.417664 210.437439 4.000000 0.657388 0.753552 0.000000 -0.990842 0.135030 0.000000 0.230774 -0.973007 -0.000000 -1 38
140.474030 215.459839 4.000000 -0.115349 0.993325 0.000000 -0.777131 -0.629339 -0.000000 0.921915 -0.387393 0.000000 -1 39
14.467527 218.413971 4.000000 -0.750266 0.661136 0.000000 -0.335767 -0.941945 -0.000000 0.986707 0.162509 0.000000 -1 40
51.529083 228.584869 4.000000 0.707733 0.706480 0.000000 -0.908542 0.417794 0.000000 0.221660 -0.975124 0.000000 -1 43
66.728188 252.675613 4.000000 -0.225479 0.974248 0.000000 -0.669888 -0.742462 -0.000000 0.968509 -0.248978 0.000000 -1 46
456.572723 259.567444 4.000000 0.399554 0.916710 0.000000 -0.992481 -0.122400 -0.000000 0.685889 -0.727706 -0.000000 -1 47
249.640152 265.760132 4.000000 -0.426196 0.904631 0.000000 -0.694252 -0.719732 -0.000000 0.996544 -0.083065 0.000000 -1 48
229.292984 286.708801 4.000000 0.184962 0.982746 0.000000 -0.958032 -0.286662 -0.000000 0.750806 -0.660523 -0.000000 -1 53
140.705460 298.725983 4.000000 -0.551080 0.834453 0.000000 -0.451732 -0.892154 -0.000000 0.987209 0.159429 0.000000 -1 56
