226.457397 0.491837 4.000000 -0.729739 0.683726 0.000000 -0.319387 -0.947625 -0.000000 0.960700 0.277588 -0.000000 -1 1
522.554504 5.513903 4.000000 -0.628814 0.777555 0.000000 -0.278846 -0.960336 -0.000000 0.981247 0.192755 0.000000 -1 3
91.467743 6.437633 4.000000 -0.734293 0.678832 0.000000 -0.257762 -0.966208 0.000000 0.965516 0.260345 0.000000 -1 4
199.727844 10.311530 4.000000 0.158031 0.987434 0.000000 -0.874588 -0.484866 -0.000000 0.809146 -0.587608 -0.000000 -1 5
270.568939 24.512325 4.000000 0.810715 0.585441 0.000000 -0.923622 0.383304 0.000000 0.204121 -0.978946 -0.000000 -1 10
212.521622 38.442402 4.000000 0.463656 0.886015 -0.000000 -0.984244 -0.176813 0.000000 0.506537 -0.862218 -0.000000 -1 13
300.445557 39.527527 4.000000 -0.455666 0.890151 0.000000 -0.584154 -0.811643 -0.000000 0.998561 -0.053623 -0.000000 -1 14
43.264168 42.661255 4.000000 0.854400 0.519616 0.000000 -0.761885 0.647712 0.000000 -0.142683 -0.989768 -0.000000 -1 16
116.268524 52.269348 4.000000 -0.553225 0.833032 0.000000 -0.509190 -0.860654 -0.000000 0.998823 -0.048509 -0.000000 -1 18
278.473267 66.567886 4.000000 0.867470 0.497489 -0.000000 -0.752457 0.658641 0.000000 -0.098899 -0.995098 -0.000000 -1 19
12.405834 79.516426 4.000000 0.693629 0.720332 0.000000 -0.939950 0.341311 0.000000 0.112520 -0.993649 -0.000000 -1 22
149.468658 80.411583 4.000000 -0.270798 0.962636 0.000000 -0.703453 -0.710742 -0.000000 0.941527 -0.336939 -0.000000 -1 23
50.557079 90.425774 4.000000 -0.575694 0.817665 0.000000 -0.416964 -0.908923 -0.000000 0.999979 0.006532 0.000000 -1 25
197.469009 96.450401 4.000000 0.924158 0.382010 0.000000 -0.788680 0.614804 0.000000 -0.139919 -0.990163 -0.000000 -1 28
120.565582 97.506325 4.000000 0.275934 0.961177 0.000000 -0.996123 0.087973 0.000000 0.574954 -0.818186 -0.000000 -1 29
491.473572 97.487183 4.000000 0.176316 0.984334 0.000000 -0.949115 -0.314931 -0.000000 0.734416 -0.678699 -0.000000 -1 30
255.496979 118.568405 4.000000 0.078046 0.996950 0.000000 -0.913406 -0.407050 -0.000000 0.844160 -0.536091 -0.000000 -1 32
62.331802 126.736778 4.000000 0.953732 0.300657 0.000000 -0.728693 0.684840 0.000000 -0.339603 -0.940569 -0.000000 -1 35
46.573624 140.460861 4.000000 0.018346 0.999832 0.000000 -0.824315 -0.566131 -0.000000 0.886675 -0.462394 -0.000000 -1 37
299.424927 141.510406 4.000000 -0.422101 0.906549 0.000000 -0.600957 -0.799282 -0.000000 0.999990 0.004462 0.000000 -1 38
95.455566 157.543839 4.000000 0.838902 0.544282 0.000000 -0.834710 0.550690 0.000000 -0.052375 -0.998627 -0.000000 -1 40
287.420197 159.472855 4.000000 0.496887 0.867815 0.000000 -0.999465 -0.032703 0.000000 0.407993 -0.912985 -0.000000 -1 42
433.562164 196.566666 4.000000 -0.261321 0.965252 0.000000 -0.644601 -0.764519 -0.000000 0.994759 -0.102246 0.000000 -1 46
153.542480 207.428864 4.000000 0.321753 0.946824 0.000000 -0.950676 -0.310186 0.000000 0.628621 -0.777712 -0.000000 -1 48
262.449646 213.539566 4.000000 0.297854 0.954612 0.000000 -0.999021 -0.044229 0.000000 0.591963 -0.805965 -0.000000 -1 49
8.473130 221.404617 4.000000 -0.782406 0.622769 0.000000 -0.238284 -0.971195 -0.000000 0.979597 0.200972 0.000000 -1 50
80.531296 224.538940 4.000000 -0.247010 0.969013 0.000000 -0.690380 -0.723447 -0.000000 0.982168 -0.188003 -0.000000 -1 51
179.490097 235.527390 4.000000 0.840069 0.542480 0.000000 -0.868940 0.494917 0.000000 0.000105 -1.000000 -0.000000 -1 56
121.527054 246.540573 4.000000 0.302327 0.953204 0.000000 -0.973077 -0.230480 -0.000000 0.655986 -0.754773 -0.000000 -1 60
257.591522 256.448242 4.000000 -0.340665 0.940185 0.000000 -0.527368 -0.849637 -0.000000 0.987644 -0.156716 0.000000 -1 62
458.471130 260.419128 4.000000 0.363255 0.931690 0.000000 -0.969738 -0.244149 0.000000 0.571499 -0.820603 -0.000000 -1 64
200.445572 272.422638 4.000000 -0.188763 0.982023 0.000000 -0.750982 -0.660323 -0.000000 0.923728 -0.383050 -0.000000 -1 65
34.504356 285.498199 4.000000 -0.495884 0.868389 0.000000 -0.488631 -0.872491 -0.000000 0.999983 0.005855 0.000000 -1 67
55.272774 286.268677 4.000000 0.697825 0.716268 0.000000 -0.988521 0.151083 0.000000 0.185694 -0.982608 -0.000000 -1 68
