526.479675 5.477087 4.000000 -0.684154 0.729337 0.000000 -0.319228 -0.947678 -0.000000 0.981288 0.192548 0.000000 -1 1
159.732697 15.700833 4.000000 0.522603 0.852576 0.000000 -0.999992 0.004099 -0.000000 0.532338 -0.846532 -0.000000 -1 4
43.716412 18.295626 4.000000 0.783210 0.621757 0.000000 -0.973248 0.229756 -0.000000 0.226394 -0.974036 -0.000000 -1 5
300.595520 18.448034 4.000000 -0.268370 0.963316 0.000000 -0.592715 -0.805412 -0.000000 0.975003 -0.222192 0.000000 -1 6
53.482956 29.461374 4.000000 -0.200862 0.979620 0.000000 -0.773807 -0.633421 0.000000 0.920628 -0.390440 -0.000000 -1 10
76.548927 59.489933 4.000000 -0.221315 0.975202 0.000000 -0.725271 -0.688464 -0.000000 0.955721 -0.294273 -0.000000 -1 12
210.338470 73.257278 4.000000 0.772525 0.634984 0.000000 -0.972363 0.233475 0.000000 0.240789 -0.970578 0.000000 -1 15
45.678288 76.737007 4.000000 -0.080235 0.996776 0.000000 -0.886033 -0.463623 -0.000000 0.917763 -0.397128 -0.000000 -1 16
234.715805 76.732147 4.000000 -0.053536 0.998566 0.000000 -0.809037 -0.587758 0.000000 0.954608 -0.297865 -0.000000 -1 17
136.500580 104.558502 4.000000 0.944750 0.327793 0.000000 -0.693796 0.720172 0.000000 -0.219844 -0.975535 -0.000000 -1 22
239.532791 110.515137 4.000000 0.867506 0.497426 0.000000 -0.865385 0.501107 0.000000 0.011174 -0.999938 -0.000000 -1 23
290.497345 113.529770 4.000000 0.394010 0.919106 0.000000 -0.999026 -0.044118 -0.000000 0.595315 -0.803492 -0.000000 -1 25
23.520681 118.396339 4.000000 -0.903503 0.428582 0.000000 -0.220510 -0.975385 -0.000000 0.960588 0.277976 -0.000000 -1 26
100.733215 126.315186 4.000000 -0.659372 0.751817 0.000000 -0.235454 -0.971886 -0.000000 0.979450 0.201688 0.000000 -1 28
203.708496 131.279892 4.000000 0.687473 0.726210 0.000000 -0.990893 0.134651 0.000000 0.367106 -0.930179 -0.000000 -1 30
14.571206 154.507736 4.000000 0.895697 0.444665 0.000000 -0.832360 0.554235 0.000000 -0.020692 -0.999786 -0.000000 -1 32
127.443527 182.458832 4.000000 -0.671581 0.740931 0.000000 -0.381294 -0.924454 -0.000000 0.989673 0.143346 0.000000 -1 34
183.531113 187.565353 4.000000 0.213386 0.976968 0.000000 -0.954872 -0.297019 -0.000000 0.758576 -0.651584 0.000000 -1 36
83.500084 205.478317 4.000000 0.584800 0.811177 0.000000 -0.996006 0.089286 0.000000 0.404874 -0.914372 -0.000000 -1 38
117.488739 205.594315 4.000000 0.217128 0.976143 -0.000000 -0.983906 -0.178685 0.000000 0.728684 -0.684850 -0.000000 -1 39
181.543777 232.511215 4.000000 -0.245635 0.969362 0.000000 -0.675971 -0.736928 -0.000000 0.978577 -0.205880 -0.000000 -1 46
295.731354 239.310898 4.000000 -0.518711 0.854949 0.000000 -0.412661 -0.910885 -0.000000 0.999790 0.020482 0.000000 -1 47
103.475334 245.524963 4.000000 0.309634 0.950856 0.000000 -0.992972 -0.118349 -0.000000 0.637638 -0.770336 -0.000000 -1 49
70.407478 248.474808 4.000000 0.896582 0.442878 0.000000 -0.781536 0.623860 0.000000 -0.061191 -0.998126 -0.000000 -1 50
36.499180 258.521484 4.000000 -0.554552 0.832149 0.000000 -0.476186 -0.879345 -0.000000 0.997184 0.074992 0.000000 -1 52
455.542816 259.486511 4.000000 0.369578 0.929200 0.000000 -0.979065 -0.203546 -0.000000 0.666300 -0.745684 -0.000000 -1 53
235.497452 263.485931 4.000000 0.116231 0.993222 0.000000 -0.911579 -0.411124 -0.000000 0.813394 -0.581713 -0.000000 -1 54
109.446236 272.553314 4.000000 0.737164 0.675714 0.000000 -0.943594 0.331104 0.000000 0.250694 -0.968066 -0.000000 -1 56
0.534985 273.465057 4.000000 0.357570 0.933886 0.000000 -0.983643 -0.180126 -0.000000 0.659180 -0.751986 -0.000000 -1 58
265.522644 284.505157 4.000000 -0.053889 0.998547 0.000000 -0.604461 -0.796635 0.000000 0.998740 0.050175 -0.000000 -1 60
161.571487 286.489105 4.000000 -0.417123 0.908850 0.000000 -0.465318 -0.885144 -0.000000 0.999187 -0.040311 0.000000 -1 61
115.476326 287.476532 4.000000 -0.028072 0.999606 0.000000 -0.841139 -0.540818 0.000000 0.901917 -0.431910 -0.000000 -1 62
