139.570312 300.428864 4.000000 -0.556118 0.831104 0.000000 -0.440553 -0.897727 -0.000000 0.999997 0.002598 -0.000000 -1 1
524.494568 4.436069 4.000000 -0.662924 0.748687 0.000000 -0.323417 -0.946257 -0.000000 0.994069 0.108752 0.000000 -1 4
260.468323 11.454044 4.000000 -0.584906 0.811101 0.000000 -0.456473 -0.889737 -0.000000 0.998500 0.054744 0.000000 -1 5
97.503792 17.588415 4.000000 0.230719 0.973020 0.000000 -0.982876 -0.184267 -0.000000 0.728444 -0.685105 -0.000000 -1 6
176.504135 22.499207 4.000000 0.494093 0.869409 0.000000 -1.000000 -0.000512 -0.000000 0.549866 -0.835253 -0.000000 -1 8
303.539154 36.457890 4.000000 -0.568844 0.822446 0.000000 -0.375685 -0.926748 -0.000000 0.997868 0.065266 0.000000 -1 12
279.716644 49.307613 4.000000 -0.356894 0.934145 0.000000 -0.468938 -0.883231 -0.000000 0.999125 -0.041836 0.000000 -1 15
0.421692 50.506989 4.000000 0.585147 0.810927 0.000000 -0.994582 0.103959 -0.000000 0.331522 -0.943447 -0.000000 -1 16
237.517197 60.586353 4.000000 -0.247491 0.968890 0.000000 -0.676911 -0.736065 -0.000000 0.997842 -0.065660 0.000000 -1 17
29.573605 86.475471 4.000000 0.508286 0.861188 0.000000 -0.994362 -0.106041 -0.000000 0.583142 -0.812370 -0.000000 -1 21
56.450802 92.562111 4.000000 0.104915 0.994481 -0.000000 -0.955998 -0.293372 0.000000 0.753360 -0.657609 -0.000000 -1 22
115.530952 105.506630 4.000000 0.005716 0.999984 0.000000 -0.859099 -0.511810 -0.000000 0.863500 -0.504349 -0.000000 -1 24
300.587891 106.539093 4.000000 -0.388514 0.921443 0.000000 -0.468644 -0.883387 -0.000000 0.999359 0.035810 0.000000 -1 26
229.278564 110.701904 4.000000 0.798365 0.602174 0.000000 -0.898051 0.439891 0.000000 0.065342 -0.997863 -0.000000 -1 27
207.592880 129.505524 4.000000 -0.163961 0.986467 0.000000 -0.703391 -0.710803 -0.000000 0.961996 -0.273064 0.000000 -1 28
53.271412 140.301361 4.000000 -0.283838 0.958872 0.000000 -0.737153 -0.675726 0.000000 0.949466 -0.313869 -0.000000 -1 31
112.555687 182.532684 4.000000 -0.445232 0.895415 0.000000 -0.504331 -0.863510 -0.000000 1.000000 0.000605 -0.000000 -1 34
301.449005 185.519821 4.000000 -0.306513 0.951866 0.000000 -0.736935 -0.675963 0.000000 0.968891 -0.247486 -0.000000 -1 35
238.429794 186.452621 4.000000 0.553951 0.832550 0.000000 -0.998361 0.057229 0.000000 0.352771 -0.935710 -0.000000 -1 36
432.436127 199.486740 4.000000 -0.344291 0.938863 0.000000 -0.713789 -0.700361 -0.000000 0.966429 -0.256934 -0.000000 -1 39
58.293587 206.298615 4.000000 0.146450 0.989218 0.000000 -0.939617 -0.342227 0.000000 0.721788 -0.692115 -0.000000 -1 41
163.525558 210.586853 4.000000 0.650708 0.759328 0.000000 -0.970160 0.242467 0.000000 0.335280 -0.942119 -0.000000 -1 42
256.436554 217.458832 4.000000 -0.072796 0.997347 0.000000 -0.850374 -0.526179 0.000000 0.840060 -0.542494 -0.000000 -1 44
48.430824 233.454147 4.000000 0.832756 0.553640 0.000000 -0.923546 0.383488 0.000000 0.016379 -0.999866 -0.000000 -1 46
291.747131 242.698746 4.000000 0.181243 0.983438 0.000000 -0.900725 -0.434390 -0.000000 0.766843 -0.641834 -0.000000 -1 50
69.510643 255.423279 4.000000 -0.224766 0.974413 0.000000 -0.720178 -0.693789 0.000000 0.936678 -0.350191 -0.000000 -1 52
457.429718 259.578308 4.000000 0.264129 0.964487 0.000000 -0.997549 -0.069969 -0.000000 0.628625 -0.777708 -0.000000 -1 53
19.530169 286.499847 4.000000 -0.255587 0.966786 0.000000 -0.809387 -0.587276 -0.000000 0.955643 -0.294528 -0.000000 -1 58
52.286373 286.274536 4.000000 0.899502 0.436918 0.000000 -0.869193 0.494473 0.000000 -0.082870 -0.996560 0.000000 -1 59
233.517242 286.578339 4.000000 0.235398 0.971899 0.000000 -0.967666 -0.252235 0.000000 0.768181 -0.640232 -0.000000 -1 60
