523.577942 4.534933 4.000000 -0.593009 0.805196 0.000000 -0.281242 -0.959637 -0.000000 0.981392 0.192017 0.000000 -1 2
264.551697 5.453743 4.000000 -0.448808 0.893628 0.000000 -0.490250 -0.871582 -0.000000 0.997419 -0.071794 0.000000 -1 3
89.285439 11.719082 4.000000 0.364628 0.931153 -0.000000 -0.997925 -0.064383 0.000000 0.597755 -0.801679 -0.000000 -1 5
208.492966 16.449753 4.000000 0.924930 0.380136 0.000000 -0.881498 0.472187 0.000000 0.097351 -0.995250 -0.000000 -1 7
227.541245 29.405275 4.000000 -0.318194 0.948026 0.000000 -0.762148 -0.647403 -0.000000 0.945908 -0.324434 -0.000000 -1 9
302.526642 37.516502 4.000000 -0.629102 0.777323 0.000000 -0.309872 -0.950778 -0.000000 0.979572 0.201096 0.000000 -1 13
89.489998 40.590080 4.000000 0.627026 0.778998 0.000000 -0.986531 0.163576 0.000000 0.349154 -0.937065 -0.000000 -1 15
173.510513 45.527626 4.000000 0.944501 0.328508 0.000000 -0.737033 0.675856 0.000000 -0.178257 -0.983984 -0.000000 -1 16
105.517799 48.500488 4.000000 -0.046728 0.998908 0.000000 -0.831822 -0.555042 -0.000000 0.901363 -0.433064 -0.000000 -1 17
43.546017 69.598015 4.000000 -0.491537 0.870856 0.000000 -0.487447 -0.873153 -0.000000 0.984692 0.174303 -0.000000 -1 19
159.464462 73.413597 4.000000 0.291483 0.956576 0.000000 -0.950460 -0.310845 0.000000 0.632866 -0.774262 -0.000000 -1 20
64.719887 89.287521 4.000000 0.155914 0.987771 0.000000 -0.885379 -0.464870 -0.000000 0.792561 -0.609793 -0.000000 -1 24
188.571976 94.509865 4.000000 -0.597624 0.801777 0.000000 -0.355068 -0.934840 -0.000000 0.994441 0.105295 0.000000 -1 25
27.536594 97.560844 4.000000 0.547020 0.837119 0.000000 -0.998769 0.049604 0.000000 0.430079 -0.902792 -0.000000 -1 26
119.266663 101.307068 4.000000 0.196825 0.980439 0.000000 -0.955695 -0.294358 -0.000000 0.699774 -0.714365 -0.000000 -1 28
490.453949 101.543106 4.000000 0.153311 0.988178 0.000000 -0.970430 -0.241383 -0.000000 0.736348 -0.676603 -0.000000 -1 29
252.500900 121.582603 4.000000 -0.552737 0.833356 0.000000 -0.505038 -0.863097 -0.000000 0.988088 0.153887 0.000000 -1 33
204.545502 129.434692 4.000000 -0.659517 0.751689 0.000000 -0.319589 -0.947556 -0.000000 0.988101 0.153806 -0.000000 -1 34
46.510303 137.436325 4.000000 0.173250 0.984878 0.000000 -0.919363 -0.393411 -0.000000 0.744096 -0.668073 -0.000000 -1 35
281.563385 151.575623 4.000000 -0.252816 0.967514 0.000000 -0.666487 -0.745517 0.000000 0.995703 -0.092610 0.000000 -1 38
115.465561 183.433212 4.000000 -0.608899 0.793248 0.000000 -0.407357 -0.913269 -0.000000 0.999367 0.035576 0.000000 -1 41
432.530975 198.456085 4.000000 -0.290764 0.956795 0.000000 -0.645838 -0.763474 -0.000000 0.967653 -0.252283 -0.000000 -1 43
258.514221 215.482666 4.000000 0.150090 0.988672 0.000000 -0.913691 -0.406410 -0.000000 0.803592 -0.595181 -0.000000 -1 44
103.500542 227.523346 4.000000 0.170838 0.985299 0.000000 -0.948575 -0.316552 -0.000000 0.752636 -0.658437 -0.000000 -1 46
45.588161 236.452698 4.000000 0.917765 0.397124 0.000000 -0.846727 0.532027 0.000000 0.036640 -0.999328 -0.000000 -1 48
183.412643 236.463989 4.000000 0.860204 0.509950 0.000000 -0.837142 0.546986 0.000000 -0.163854 -0.986485 -0.000000 -1 49
457.487122 260.432648 4.000000 0.365768 0.930706 0.000000 -0.973707 -0.227804 0.000000 0.592661 -0.805452 -0.000000 -1 53
199.428299 263.474823 4.000000 -0.311080 0.950384 0.000000 -0.711944 -0.702237 0.000000 0.953645 -0.300933 -0.000000 -1 55
12.488817 274.505341 4.000000 0.916399 0.400265 0.000000 -0.850937 0.525268 0.000000 -0.200395 -0.979715 -0.000000 -1 57
47.464962 283.540985 4.000000 -0.614166 0.789177 0.000000 -0.376738 -0.926320 -0.000000 0.973730 0.227705 0.000000 -1 59
