525.528870 3.464149 4.000000 -0.640399 0.768042 0.000000 -0.305211 -0.952285 0.000000 0.991232 0.132130 0.000000 -1 3
164.536713 8.523299 4.000000 -0.210327 0.977631 0.000000 -0.706847 -0.707366 -0.000000 0.985824 -0.167783 -0.000000 -1 4
215.587021 19.520037 4.000000 0.891756 0.452517 0.000000 -0.748100 0.663586 0.000000 -0.035556 -0.999368 -0.000000 -1 7
41.713024 27.290644 4.000000 0.870429 0.492294 -0.000000 -0.885870 0.463933 0.000000 0.070188 -0.997534 -0.000000 -1 8
109.567604 45.543873 4.000000 -0.143147 0.989701 0.000000 -0.737809 -0.675010 -0.000000 0.962840 -0.270072 0.000000 -1 10
15.536973 53.580475 4.000000 0.945559 0.325451 0.000000 -0.694947 0.719061 0.000000 -0.258621 -0.965979 -0.000000 -1 12
81.414665 61.499756 4.000000 0.552403 0.833577 0.000000 -0.997943 0.064111 0.000000 0.364005 -0.931397 -0.000000 -1 14
142.445480 87.518028 4.000000 0.846682 0.532100 0.000000 -0.885847 0.463977 0.000000 -0.018947 -0.999820 -0.000000 -1 18
252.467712 87.413414 4.000000 -0.709841 0.704362 0.000000 -0.265909 -0.963998 -0.000000 0.989431 0.145007 0.000000 -1 19
54.284153 88.287926 4.000000 0.090100 0.995933 0.000000 -0.909030 -0.416731 0.000000 0.789143 -0.614209 -0.000000 -1 20
95.651222 93.740631 4.000000 0.562936 0.826501 0.000000 -0.988894 0.148620 0.000000 0.465746 -0.884919 -0.000000 -1 21
187.533066 115.434227 4.000000 0.527420 0.849605 0.000000 -0.997630 -0.068814 0.000000 0.517002 -0.855984 -0.000000 -1 26
269.725494 120.722885 4.000000 0.960345 0.278813 0.000000 -0.651693 0.758483 0.000000 -0.215517 -0.976500 -0.000000 -1 28
53.556107 139.460159 4.000000 -0.175261 0.984522 0.000000 -0.713273 -0.700886 -0.000000 0.946769 -0.321913 0.000000 -1 30
297.491150 150.540283 4.000000 -0.471159 0.882048 0.000000 -0.536400 -0.843964 -0.000000 0.999320 0.036878 0.000000 -1 32
216.701004 151.285522 4.000000 -0.741954 0.670451 0.000000 -0.200636 -0.979666 -0.000000 0.967764 0.251860 0.000000 -1 33
93.424759 173.453888 4.000000 -0.030518 0.999534 0.000000 -0.787671 -0.616097 -0.000000 0.763925 -0.645305 -0.000000 -1 35
272.693420 182.720963 4.000000 0.664965 0.746875 0.000000 -0.983217 0.182442 0.000000 0.476172 -0.879352 -0.000000 -1 36
206.622894 197.724854 4.000000 0.908094 0.418766 0.000000 -0.880738 0.473603 0.000000 0.136198 -0.990682 -0.000000 -1 39
430.482391 205.426559 4.000000 -0.271358 0.962478 0.000000 -0.691396 -0.722476 -0.000000 0.932099 -0.362202 0.000000 -1 42
98.505310 223.467056 4.000000 0.212687 0.977120 0.000000 -0.924876 -0.380269 -0.000000 0.775810 -0.630967 -0.000000 -1 44
174.468613 231.437805 4.000000 -0.659891 0.751361 0.000000 -0.343391 -0.939192 -0.000000 0.996992 0.077508 -0.000000 -1 45
280.485138 231.488663 4.000000 0.580016 0.814605 0.000000 -0.878140 0.478404 0.000000 0.313025 -0.949745 -0.000000 -1 46
210.434891 233.533203 4.000000 0.319991 0.947421 0.000000 -0.994322 -0.106414 -0.000000 0.603031 -0.797718 -0.000000 -1 47
59.543633 256.578796 4.000000 -0.032975 0.999456 0.000000 -0.863884 -0.503691 0.000000 0.936062 -0.351836 -0.000000 -1 52
241.711716 256.288391 4.000000 -0.223307 0.974748 0.000000 -0.635297 -0.772268 -0.000000 0.975248 -0.221114 0.000000 -1 53
456.470703 259.554718 4.000000 0.302071 0.953285 0.000000 -0.994041 -0.109010 -0.000000 0.643186 -0.765710 -0.000000 -1 55
109.496620 269.488800 4.000000 0.679655 0.733532 0.000000 -0.982931 0.183976 -0.000000 0.347516 -0.937674 -0.000000 -1 57
235.422119 281.508392 4.000000 0.472573 0.881292 0.000000 -0.999568 -0.029393 0.000000 0.402385 -0.915471 -0.000000 -1 59
128.721680 283.693604 4.000000 -0.109755 0.993959 0.000000 -0.776064 -0.630654 -0.000000 0.945443 -0.325787 -0.000000 -1 60
0.490192 288.463318 4.000000 0.575259 0.817971 0.000000 -0.998510 -0.054575 0.000000 0.318253 -0.948006 -0.000000 -1 62
73.423256 292.515808 4.000000 -0.415478 0.909603 0.000000 -0.677967 -0.735092 0.000000 0.984967 -0.172741 -0.000000 -1 63
