526.549316 6.453866 4.000000 -0.667832 0.744312 0.000000 -0.246138 -0.969235 -0.000000 0.987690 0.156426 0.000000 -1 1
156.703186 12.716649 4.000000 0.813923 0.580973 0.000000 -0.877868 0.478902 0.000000 0.120086 -0.992764 -0.000000 -1 2
253.427094 21.556681 4.000000 0.200333 0.979728 0.000000 -0.985464 -0.169883 -0.000000 0.684728 -0.728799 0.000000 -1 5
89.577431 28.463791 4.000000 -0.232308 0.972642 0.000000 -0.679312 -0.733850 -0.000000 0.949179 -0.314736 0.000000 -1 7
218.529282 36.537766 4.000000 -0.296278 0.955102 0.000000 -0.652273 -0.757984 -0.000000 0.985429 -0.170086 -0.000000 -1 10
107.754341 65.304932 4.000000 -0.741659 0.670778 0.000000 -0.101013 -0.994885 -0.000000 0.941438 0.337186 0.000000 -1 13
147.738739 72.638557 4.000000 0.566589 0.824001 0.000000 -0.987650 0.156676 -0.000000 0.429394 -0.903117 -0.000000 -1 14
96.262100 95.701294 4.000000 0.042414 0.999100 0.000000 -0.942457 -0.334326 -0.000000 0.776702 -0.629868 -0.000000 -1 17
276.463745 96.553940 4.000000 0.353866 0.935296 0.000000 -0.994840 -0.101458 0.000000 0.667321 -0.744771 -0.000000 -1 18
177.287781 109.271912 4.000000 -0.446317 0.894875 0.000000 -0.621414 -0.783483 -0.000000 0.991347 -0.131271 -0.000000 -1 20
232.722687 114.706970 4.000000 -0.352307 0.935884 0.000000 -0.545898 -0.837851 -0.000000 0.994264 -0.106958 0.000000 -1 21
169.278580 136.709473 4.000000 0.804547 0.593890 0.000000 -0.884671 0.466216 0.000000 0.020949 -0.999781 -0.000000 -1 26
86.494095 144.605270 4.000000 -0.647635 0.761951 0.000000 -0.574031 -0.818833 -0.000000 0.992810 0.119701 0.000000 -1 27
145.466736 151.444946 4.000000 -0.459702 0.888073 0.000000 -0.584805 -0.811174 -0.000000 0.988267 -0.152739 -0.000000 -1 29
262.719086 169.286331 4.000000 0.836493 0.547978 0.000000 -0.934956 0.354764 0.000000 0.124186 -0.992259 -0.000000 -1 30
119.508072 171.495407 4.000000 0.495652 0.868521 0.000000 -0.999169 -0.040751 0.000000 0.543925 -0.839134 -0.000000 -1 31
14.417018 183.552750 4.000000 0.894252 0.447565 0.000000 -0.795356 0.606143 0.000000 -0.169909 -0.985460 -0.000000 -1 32
239.531525 213.415100 4.000000 0.799376 0.600832 0.000000 -0.961392 0.275182 0.000000 0.144712 -0.989474 -0.000000 -1 36
2.405055 233.540146 4.000000 0.262188 0.965017 0.000000 -0.993271 -0.115816 -0.000000 0.605360 -0.795952 -0.000000 -1 39
300.452057 236.496826 4.000000 -0.571910 0.820316 0.000000 -0.463211 -0.886248 -0.000000 0.997866 0.065289 -0.000000 -1 41
202.486740 248.561569 4.000000 0.493648 0.869662 0.000000 -0.999073 -0.043057 0.000000 0.664030 -0.747706 -0.000000 -1 43
112.539169 255.438034 4.000000 0.570205 0.821502 0.000000 -0.999953 0.009720 -0.000000 0.511245 -0.859435 -0.000000 -1 44
455.570709 258.535889 4.000000 0.382212 0.924074 0.000000 -0.983610 -0.180311 -0.000000 0.701999 -0.712178 -0.000000 -1 45
1.525114 280.470795 4.000000 0.091498 0.995805 0.000000 -0.894081 -0.447904 -0.000000 0.855331 -0.518082 -0.000000 -1 48
301.486633 281.558624 4.000000 -0.545681 0.837993 0.000000 -0.432524 -0.901622 -0.000000 0.991264 0.131891 0.000000 -1 49
42.457085 289.496613 4.000000 0.556089 0.831123 0.000000 -0.998765 0.049689 0.000000 0.418054 -0.908422 -0.000000 -1 51
