226.273529 0.273127 4.000000 -0.727416 0.686197 0.000000 -0.369004 -0.929428 -0.000000 0.975477 0.220102 -0.000000 -1 1
522.562622 5.499486 4.000000 -0.629145 0.777288 0.000000 -0.266101 -0.963945 -0.000000 0.984501 0.175380 0.000000 -1 2
91.531731 6.463820 4.000000 -0.703319 0.710874 0.000000 -0.228323 -0.973585 0.000000 0.969033 0.246933 -0.000000 -1 3
201.744629 10.327820 4.000000 0.091618 0.995794 0.000000 -0.774886 -0.632101 -0.000000 0.742148 -0.670236 -0.000000 -1 5
272.466827 25.509182 4.000000 0.822606 0.568612 0.000000 -0.913317 0.407250 0.000000 0.045987 -0.998942 -0.000000 -1 10
212.461105 37.457813 4.000000 0.414070 0.910245 0.000000 -0.986571 -0.163334 0.000000 0.496291 -0.868156 -0.000000 -1 12
300.443115 39.533772 4.000000 -0.457493 0.889213 0.000000 -0.590010 -0.807396 -0.000000 0.998753 -0.049918 -0.000000 -1 13
43.533302 44.564987 4.000000 0.833302 0.552818 0.000000 -0.779394 0.626534 0.000000 -0.042499 -0.999097 -0.000000 -1 17
115.283531 51.272156 4.000000 -0.421422 0.906865 0.000000 -0.622620 -0.782525 -0.000000 0.981139 -0.193306 -0.000000 -1 18
230.524902 60.611107 4.000000 -0.693984 0.719991 0.000000 -0.489127 -0.872213 0.000000 0.970867 0.239617 0.000000 -1 19
278.454132 67.545586 4.000000 0.858994 0.511985 0.000000 -0.795930 0.605389 0.000000 -0.067832 -0.997697 -0.000000 -1 21
149.283478 79.715820 4.000000 -0.320330 0.947306 0.000000 -0.720290 -0.693673 -0.000000 0.980423 -0.196904 -0.000000 -1 25
50.441017 90.592537 4.000000 -0.588049 0.808825 0.000000 -0.485020 -0.874503 0.000000 0.989294 0.145934 -0.000000 -1 26
197.553268 96.447815 4.000000 0.933092 0.359638 0.000000 -0.776098 0.630612 0.000000 -0.084385 -0.996433 -0.000000 -1 27
491.461884 97.519829 4.000000 0.158919 0.987292 0.000000 -0.960042 -0.279857 -0.000000 0.741618 -0.670823 -0.000000 -1 28
118.565361 100.432999 4.000000 0.409309 0.912396 0.000000 -0.993968 -0.109674 -0.000000 0.580824 -0.814029 -0.000000 -1 29
255.439682 118.516266 4.000000 -0.000759 1.000000 0.000000 -0.889549 -0.456840 -0.000000 0.838939 -0.544226 -0.000000 -1 32
47.430134 139.523590 4.000000 -0.109429 0.993995 0.000000 -0.868703 -0.495333 0.000000 0.888402 -0.459066 -0.000000 -1 35
300.573914 143.444214 4.000000 -0.380155 0.924923 0.000000 -0.490250 -0.871582 -0.000000 0.995362 -0.096203 0.000000 -1 36
288.598907 157.568298 4.000000 0.396124 0.918197 0.000000 -0.978235 -0.207498 -0.000000 0.645603 -0.763673 -0.000000 -1 39
94.509071 158.414963 4.000000 0.906498 0.422210 0.000000 -0.857526 0.514441 0.000000 -0.028214 -0.999602 -0.000000 -1 40
62.569359 165.494965 4.000000 0.695897 0.718141 0.000000 -0.820083 0.572244 0.000000 0.143306 -0.989679 -0.000000 -1 41
433.549164 196.576843 4.000000 -0.262415 0.964955 0.000000 -0.656430 -0.754386 -0.000000 0.995693 -0.092716 0.000000 -1 46
154.453751 207.576187 4.000000 0.213013 0.977049 0.000000 -0.978048 -0.208379 0.000000 0.698838 -0.715280 -0.000000 -1 47
261.503967 214.445267 4.000000 0.328105 0.944641 0.000000 -0.984731 -0.174082 0.000000 0.618744 -0.785592 -0.000000 -1 49
291.567017 217.572983 4.000000 0.740778 0.671749 0.000000 -0.940241 0.340509 0.000000 0.436735 -0.899590 -0.000000 -1 50
7.478055 220.527145 4.000000 -0.738156 0.674630 0.000000 -0.260753 -0.965406 0.000000 0.962234 0.272222 0.000000 -1 51
79.527473 224.403809 4.000000 -0.206442 0.978459 0.000000 -0.686748 -0.726896 -0.000000 0.937109 -0.349037 -0.000000 -1 52
179.429825 235.538132 4.000000 0.832271 0.554369 0.000000 -0.874821 0.484446 0.000000 -0.049767 -0.998761 -0.000000 -1 57
258.417084 256.549622 4.000000 -0.424798 0.905288 0.000000 -0.648339 -0.761352 -0.000000 0.994136 -0.108137 0.000000 -1 63
458.460938 260.420715 4.000000 0.355094 0.934831 0.000000 -0.970200 -0.242305 0.000000 0.568361 -0.822779 -0.000000 -1 64
200.467911 271.549957 4.000000 -0.171762 0.985138 0.000000 -0.787744 -0.616003 -0.000000 0.955107 -0.296260 -0.000000 -1 65
34.428905 285.512207 4.000000 -0.535575 0.844488 0.000000 -0.531602 -0.846994 -0.000000 0.999886 0.015067 0.000000 -1 67
54.481640 285.490021 4.000000 0.699256 0.714871 0.000000 -0.976486 0.215579 0.000000 0.226717 -0.973961 -0.000000 -1 68
