191.549835 5.565042 4.000000 -0.361716 0.932288 0.000000 -0.610175 -0.792266 -0.000000 0.996487 -0.083752 0.000000 -1 2
527.577148 7.531049 4.000000 -0.627153 0.778896 0.000000 -0.244329 -0.969692 0.000000 0.975019 0.222123 0.000000 -1 3
76.571831 22.416164 4.000000 0.243010 0.970024 0.000000 -0.908236 -0.418459 -0.000000 0.767887 -0.640585 -0.000000 -1 4
9.570568 28.483601 4.000000 -0.658645 0.752454 0.000000 -0.234871 -0.972026 0.000000 0.980161 0.198205 0.000000 -1 7
231.537262 29.579544 4.000000 0.252564 0.967580 0.000000 -0.950445 -0.310892 0.000000 0.846585 -0.532254 -0.000000 -1 8
179.522858 43.479328 4.000000 -0.640704 0.767788 0.000000 -0.409700 -0.912220 -0.000000 0.992083 0.125582 0.000000 -1 9
130.311981 44.734150 4.000000 -0.446202 0.894932 0.000000 -0.596831 -0.802367 -0.000000 1.000000 0.000242 -0.000000 -1 10
263.448181 65.570488 4.000000 0.829111 0.559084 -0.000000 -0.815748 0.578408 0.000000 -0.051246 -0.998686 0.000000 -1 16
13.550461 82.538269 4.000000 0.894076 0.447916 0.000000 -0.803732 0.594992 0.000000 -0.048897 -0.998804 -0.000000 -1 18
125.451401 83.512894 4.000000 0.585153 0.810923 0.000000 -0.988711 0.149836 0.000000 0.335408 -0.942073 -0.000000 -1 19
237.437012 95.522636 4.000000 0.049742 0.998762 0.000000 -0.913362 -0.407149 -0.000000 0.805136 -0.593090 -0.000000 -1 20
97.527061 103.418449 4.000000 -0.157507 0.987518 0.000000 -0.739401 -0.673265 -0.000000 0.908699 -0.417451 -0.000000 -1 22
183.406937 110.558174 4.000000 0.694089 0.719889 0.000000 -0.956135 0.292925 0.000000 0.135194 -0.990819 -0.000000 -1 25
159.478958 118.475815 4.000000 -0.148180 0.988960 0.000000 -0.770304 -0.637677 -0.000000 0.936529 -0.350590 0.000000 -1 26
36.254513 120.308273 4.000000 0.066706 0.997773 0.000000 -0.887515 -0.460779 -0.000000 0.769884 -0.638184 -0.000000 -1 27
271.491150 127.505424 4.000000 0.944731 0.327845 0.000000 -0.731635 0.681696 0.000000 -0.249023 -0.968498 -0.000000 -1 28
82.498314 133.582291 4.000000 0.387916 0.921695 0.000000 -0.979457 -0.201654 0.000000 0.851735 -0.523973 -0.000000 -1 30
273.431274 169.500656 4.000000 -0.689172 0.724598 0.000000 -0.309293 -0.950967 -0.000000 0.963960 0.266046 0.000000 -1 36
2.544527 171.459000 4.000000 0.431864 0.901938 0.000000 -0.983507 -0.180869 -0.000000 0.582569 -0.812781 -0.000000 -1 37
245.544388 182.466202 4.000000 0.438757 0.898606 0.000000 -0.995421 0.095590 0.000000 0.494060 -0.869428 0.000000 -1 39
150.563110 186.564911 4.000000 -0.554016 0.832506 0.000000 -0.381343 -0.924434 0.000000 0.983849 0.179002 0.000000 -1 40
301.564728 197.534744 4.000000 -0.423282 0.905998 0.000000 -0.471568 -0.881830 -0.000000 0.999897 0.014371 0.000000 -1 42
101.546051 201.467026 4.000000 -0.241189 0.970478 0.000000 -0.719536 -0.694455 0.000000 0.962509 -0.271249 -0.000000 -1 44
19.285978 209.708115 4.000000 0.397512 0.917597 0.000000 -0.994319 -0.106440 -0.000000 0.591138 -0.806571 -0.000000 -1 45
132.546768 223.545120 4.000000 0.516729 0.856149 0.000000 -0.999980 -0.006365 0.000000 0.534940 -0.844890 -0.000000 -1 47
229.527542 240.400085 4.000000 0.919351 0.393439 0.000000 -0.878909 0.476989 0.000000 0.005056 -0.999987 -0.000000 -1 51
456.553558 257.580383 4.000000 0.338737 0.940881 0.000000 -0.989371 -0.145411 0.000000 0.712930 -0.701235 -0.000000 -1 53
176.447891 263.507446 4.000000 0.809451 0.587188 0.000000 -0.913552 0.406722 0.000000 0.045803 -0.998950 -0.000000 -1 54
260.433807 269.570679 4.000000 -0.391846 0.920031 0.000000 -0.578945 -0.815367 -0.000000 0.999392 0.034861 0.000000 -1 56
138.279999 276.275391 4.000000 0.551912 0.833902 0.000000 -0.999531 0.030629 -0.000000 0.392227 -0.919869 -0.000000 -1 59
261.454681 281.590668 4.000000 0.941295 0.337585 0.000000 -0.713769 0.700382 0.000000 -0.212345 -0.977195 -0.000000 -1 61
