523.507874 4.573042 4.000000 -0.611326 0.791379 0.000000 -0.344520 -0.938779 -0.000000 0.964682 0.263418 0.000000 -1 1
262.457062 7.492307 4.000000 -0.074533 0.997219 0.000000 -0.914701 -0.404130 -0.000000 0.828799 -0.559546 -0.000000 -1 2
264.459381 24.443039 4.000000 -0.855460 0.517869 0.000000 -0.006723 -0.999977 -0.000000 0.971646 0.236442 0.000000 -1 5
19.505194 29.541702 4.000000 0.919520 0.393043 0.000000 -0.845054 0.534681 0.000000 -0.268629 -0.963244 -0.000000 -1 6
153.550751 35.585651 4.000000 -0.158516 0.987356 0.000000 -0.754460 -0.656347 -0.000000 0.962065 -0.272819 -0.000000 -1 10
301.492981 39.569550 4.000000 -0.417403 0.908721 0.000000 -0.562351 -0.826898 0.000000 0.999859 0.016809 0.000000 -1 11
85.588249 41.537296 4.000000 0.805142 0.593083 0.000000 -0.914551 0.404472 0.000000 0.198078 -0.980186 -0.000000 -1 12
109.506081 49.480259 4.000000 -0.027357 0.999626 0.000000 -0.839913 -0.542721 0.000000 0.879071 -0.476690 0.000000 -1 14
44.275852 51.277092 4.000000 0.490874 0.871230 0.000000 -0.998181 -0.060294 -0.000000 0.445712 -0.895176 -0.000000 -1 15
251.468842 67.439453 4.000000 0.138473 0.990366 0.000000 -0.935045 -0.354529 -0.000000 0.725190 -0.688548 -0.000000 -1 18
151.471466 78.451431 4.000000 -0.199874 0.979822 0.000000 -0.771560 -0.636156 -0.000000 0.899979 -0.435933 -0.000000 -1 20
195.534470 94.427376 4.000000 -0.577166 0.816627 0.000000 -0.374561 -0.927202 -0.000000 0.999816 -0.019160 0.000000 -1 21
69.576324 95.469574 4.000000 0.381029 0.924563 0.000000 -0.978851 -0.204573 -0.000000 0.682070 -0.731287 -0.000000 -1 22
119.561653 99.469948 4.000000 0.436180 0.899859 0.000000 -0.987783 -0.155838 -0.000000 0.652663 -0.757648 0.000000 -1 23
490.524139 99.494286 4.000000 0.228196 0.973615 0.000000 -0.950447 -0.310887 -0.000000 0.745424 -0.666591 -0.000000 -1 24
254.510132 122.523697 4.000000 -0.541906 0.840439 0.000000 -0.451466 -0.892288 -0.000000 0.994078 0.108672 0.000000 -1 28
204.427078 132.501877 4.000000 0.766078 0.642747 0.000000 -0.896289 0.443470 0.000000 0.012317 -0.999924 -0.000000 -1 31
44.484554 135.488846 4.000000 0.354327 0.935122 0.000000 -0.985096 -0.172007 0.000000 0.597712 -0.801711 -0.000000 -1 33
175.481262 140.502121 4.000000 -0.466627 0.884454 0.000000 -0.499613 -0.866248 -0.000000 0.999463 -0.032775 -0.000000 -1 34
298.553436 140.579315 4.000000 -0.650694 0.759340 0.000000 -0.250730 -0.968057 0.000000 0.962029 0.272946 0.000000 -1 35
235.531570 147.540665 4.000000 0.847971 0.530043 0.000000 -0.845489 0.533993 0.000000 0.031698 -0.999497 -0.000000 -1 37
86.424385 161.492752 4.000000 -0.444215 0.895920 0.000000 -0.667873 -0.744275 0.000000 0.986049 -0.166456 -0.000000 -1 39
158.569733 171.431580 4.000000 0.086350 0.996265 0.000000 -0.866287 -0.499547 -0.000000 0.823608 -0.567160 -0.000000 -1 43
114.298569 185.286682 4.000000 -0.781825 0.623497 0.000000 -0.192290 -0.981338 -0.000000 0.971589 0.236675 0.000000 -1 44
433.428925 197.531067 4.000000 -0.381672 0.924298 0.000000 -0.707991 -0.706222 0.000000 0.981858 -0.189617 -0.000000 -1 46
159.484528 211.443039 4.000000 0.248126 0.968728 0.000000 -0.937069 -0.349143 -0.000000 0.703836 -0.710362 0.000000 -1 49
259.560791 215.445648 4.000000 0.295564 0.955323 0.000000 -0.947840 -0.318747 -0.000000 0.739860 -0.672760 -0.000000 -1 51
105.532692 227.475815 4.000000 0.086049 0.996291 0.000000 -0.915393 -0.402561 -0.000000 0.821451 -0.570279 -0.000000 -1 54
45.453087 234.577576 4.000000 -0.660449 0.750871 0.000000 -0.317217 -0.948353 -0.000000 0.968528 0.248906 0.000000 -1 55
180.474991 238.555588 4.000000 0.919960 0.392012 0.000000 -0.731313 0.682042 0.000000 -0.227392 -0.973803 -0.000000 -1 57
457.550934 260.432953 4.000000 0.405603 0.914049 0.000000 -0.974488 -0.224437 -0.000000 0.627800 -0.778375 -0.000000 -1 59
198.493225 264.442078 4.000000 -0.087335 0.996179 0.000000 -0.782322 -0.622874 -0.000000 0.875255 -0.483662 -0.000000 -1 61
55.577602 281.532196 4.000000 0.874743 0.484587 0.000000 -0.848445 0.529284 0.000000 0.043476 -0.999054 -0.000000 -1 65
36.451378 285.525696 4.000000 -0.374972 0.927036 0.000000 -0.671843 -0.740694 -0.000000 0.981803 -0.189902 -0.000000 -1 67
160.491608 291.542328 4.000000 -0.242876 0.970057 -0.000000 -0.674517 -0.738259 0.000000 0.959899 -0.280346 -0.000000 -1 68
