521.530334 5.474419 4.000000 -0.667418 0.744684 0.000000 -0.269856 -0.962901 0.000000 0.984053 0.177875 0.000000 -1 1
271.536377 20.477976 4.000000 0.898047 0.439900 0.000000 -0.859008 0.511962 0.000000 0.025676 -0.999670 -0.000000 -1 2
212.451660 37.549904 4.000000 0.893859 0.448348 0.000000 -0.792385 0.610021 0.000000 -0.151460 -0.988463 -0.000000 -1 8
178.548370 42.476448 4.000000 0.859562 0.511032 -0.000000 -0.727935 0.685646 0.000000 -0.040179 -0.999192 -0.000000 -1 9
152.442184 46.415901 4.000000 0.684577 0.728941 0.000000 -0.984418 0.175845 0.000000 0.183340 -0.983049 -0.000000 -1 10
297.500366 46.554951 4.000000 -0.525094 0.851044 0.000000 -0.474604 -0.880199 -0.000000 0.996205 0.087038 0.000000 -1 11
119.410416 51.434010 4.000000 -0.338492 0.940969 0.000000 -0.672374 -0.740212 -0.000000 0.952473 -0.304623 -0.000000 -1 12
87.567978 61.407604 4.000000 0.547542 0.836778 0.000000 -0.997460 -0.071230 -0.000000 0.522517 -0.852629 0.000000 -1 14
58.737564 63.680241 4.000000 -0.314947 0.949109 0.000000 -0.552349 -0.833613 0.000000 0.991492 -0.130171 -0.000000 -1 15
196.561630 71.508759 4.000000 0.195295 0.980745 0.000000 -0.895505 -0.445052 -0.000000 0.714690 -0.699441 -0.000000 -1 17
7.466197 77.514626 4.000000 0.578071 0.815986 0.000000 -0.994702 0.102804 0.000000 0.357869 -0.933772 -0.000000 -1 18
160.516098 86.420677 4.000000 -0.314223 0.949349 0.000000 -0.632612 -0.774469 0.000000 0.947086 -0.320981 -0.000000 -1 20
240.443085 91.578369 4.000000 -0.121044 0.992647 0.000000 -0.858135 -0.513425 -0.000000 0.909954 -0.414710 -0.000000 -1 24
493.532043 92.578056 4.000000 0.190819 0.981625 0.000000 -0.962443 -0.271484 -0.000000 0.802283 -0.596944 -0.000000 -1 25
385.443451 98.498230 4.000000 0.678891 0.734239 0.000000 -0.974718 0.223438 0.000000 0.241234 -0.970467 -0.000000 -1 28
42.465122 99.555458 4.000000 -0.603902 0.797059 0.000000 -0.418361 -0.908281 -0.000000 0.975361 0.220615 0.000000 -1 29
120.715179 110.729347 4.000000 -0.256137 0.966640 0.000000 -0.683698 -0.729765 0.000000 0.989229 -0.146378 -0.000000 -1 34
285.443390 112.509201 4.000000 0.090560 0.995891 0.000000 -0.931850 -0.362844 0.000000 0.767802 -0.640687 -0.000000 -1 35
25.507444 117.479477 4.000000 0.101248 0.994861 0.000000 -0.894739 -0.446590 0.000000 0.749948 -0.661497 -0.000000 -1 37
215.511307 117.569481 4.000000 0.555349 0.831617 0.000000 -0.979927 0.199355 0.000000 0.443999 -0.896027 -0.000000 -1 38
175.569977 130.545822 4.000000 0.922938 0.384948 0.000000 -0.587435 0.809272 0.000000 -0.205632 -0.978629 0.000000 -1 41
57.522823 154.505203 4.000000 -0.752529 0.658559 0.000000 -0.382411 -0.923993 -0.000000 0.977391 0.211439 0.000000 -1 44
284.536652 167.474518 4.000000 0.631106 0.775697 0.000000 -0.994817 0.101683 0.000000 0.437196 -0.899366 -0.000000 -1 46
238.583160 171.536407 4.000000 0.523839 0.851817 0.000000 -0.999572 0.029263 -0.000000 0.569600 -0.821922 -0.000000 -1 47
110.446709 173.464508 4.000000 -0.771152 0.636652 0.000000 -0.258550 -0.965998 -0.000000 0.952732 0.303813 0.000000 -1 48
190.481262 176.495636 4.000000 0.458940 0.888467 0.000000 -0.998971 -0.045351 0.000000 0.518875 -0.854850 -0.000000 -1 49
35.424171 181.465668 4.000000 0.833232 0.552923 0.000000 -0.946269 0.323381 0.000000 0.109067 -0.994034 -0.000000 -1 51
600.462952 190.430801 4.000000 0.463144 0.886283 0.000000 -0.995764 -0.091948 -0.000000 0.440541 -0.897732 -0.000000 -1 52
436.431915 195.565460 4.000000 -0.430282 0.902694 0.000000 -0.655379 -0.755300 -0.000000 0.996652 -0.081755 -0.000000 -1 55
54.441048 206.467361 4.000000 0.897909 0.440181 0.000000 -0.868491 0.495704 0.000000 -0.070782 -0.997492 -0.000000 -1 58
127.502434 215.424240 4.000000 -0.436031 0.899932 0.000000 -0.539846 -0.841764 -0.000000 0.987123 -0.159960 0.000000 -1 60
177.579575 226.492020 4.000000 0.773026 0.634375 0.000000 -0.883470 0.468488 0.000000 0.161860 -0.986814 -0.000000 -1 62
248.425690 228.536835 4.000000 0.072548 0.997365 0.000000 -0.943664 -0.330904 -0.000000 0.780428 -0.625245 -0.000000 -1 63
209.403870 259.471741 4.000000 0.417014 0.908900 0.000000 -0.977186 0.212387 0.000000 0.283556 -0.958956 0.000000 -1 70
460.436493 259.540039 4.000000 0.285239 0.958456 0.000000 -0.994370 -0.105963 -0.000000 0.613851 -0.789422 -0.000000 -1 71
600.509338 260.562286 4.000000 0.468593 0.883414 0.000000 -0.997525 0.070311 -0.000000 0.501671 -0.865058 -0.000000 -1 72
106.515717 262.430634 4.000000 -0.313826 0.949481 0.000000 -0.628169 -0.778077 -0.000000 0.958927 -0.283654 -0.000000 -1 73
84.504173 291.545502 4.000000 0.467905 0.883779 0.000000 -0.999928 -0.011985 0.000000 0.511107 -0.859517 -0.000000 -1 75
169.522095 299.430328 4.000000 -0.706550 0.707663 0.000000 -0.246387 -0.969171 -0.000000 0.982580 0.185839 0.000000 -1 78
