527.535400 7.548887 4.000000 -0.635482 0.772116 0.000000 -0.292191 -0.956360 -0.000000 0.967828 0.251612 0.000000 -1 1
268.474792 19.529144 4.000000 0.653731 0.756727 0.000000 -0.850337 0.526238 0.000000 0.120130 -0.992758 -0.000000 -1 4
175.500504 33.463638 4.000000 0.918518 0.395379 0.000000 -0.799709 0.600388 0.000000 -0.057144 -0.998366 -0.000000 -1 7
88.000000 44.470554 4.000000 0.067356 0.997729 0.000000 -0.825564 -0.564308 -0.000000 0.663738 -0.747965 -0.000000 -1 9
138.526611 45.568214 4.000000 0.920926 0.389738 0.000000 -0.722544 0.691325 0.000000 -0.183437 -0.983031 -0.000000 -1 11
124.587318 85.525749 4.000000 0.241027 0.970518 0.000000 -0.928481 -0.371381 -0.000000 0.828992 -0.559260 -0.000000 -1 14
232.453796 95.462524 4.000000 0.004163 0.999991 0.000000 -0.889695 -0.456555 -0.000000 0.811471 -0.584392 -0.000000 -1 15
89.726883 103.271599 4.000000 -0.423975 0.905674 0.000000 -0.492088 -0.870546 -0.000000 0.991007 -0.133809 -0.000000 -1 17
288.480438 106.529182 4.000000 0.142792 0.989753 0.000000 -0.929425 -0.369011 -0.000000 0.711319 -0.702870 -0.000000 -1 18
182.706650 114.269104 4.000000 0.730435 0.682982 0.000000 -0.987615 0.156899 0.000000 0.309377 -0.950939 -0.000000 -1 20
124.428787 122.513268 4.000000 -0.624975 0.780644 0.000000 -0.542843 -0.839835 -0.000000 0.998626 0.052406 0.000000 -1 23
58.408260 131.480240 4.000000 0.597859 0.801601 0.000000 -0.988082 0.153928 -0.000000 0.302959 -0.953004 -0.000000 -1 25
231.508240 134.494919 4.000000 -0.422528 0.906350 0.000000 -0.624614 -0.780933 0.000000 0.987105 -0.160072 -0.000000 -1 26
263.532318 140.547134 4.000000 0.632805 0.774311 0.000000 -0.975768 0.218806 0.000000 0.375097 -0.926986 -0.000000 -1 27
274.716827 168.728745 4.000000 -0.194442 0.980914 0.000000 -0.709138 -0.705070 0.000000 0.983447 -0.181198 -0.000000 -1 32
85.451241 173.482925 4.000000 0.589727 0.807603 -0.000000 -0.993352 0.115118 0.000000 0.348214 -0.937415 -0.000000 -1 33
231.506546 175.628540 4.000000 -0.670400 0.742000 0.000000 -0.721753 -0.692151 -0.000000 0.999945 0.010516 0.000000 -1 34
266.481232 186.576935 4.000000 0.846439 0.532486 0.000000 -0.832919 0.553395 0.000000 -0.006402 -0.999979 -0.000000 -1 37
110.492043 195.466812 4.000000 -0.016001 0.999872 0.000000 -0.924895 -0.380222 -0.000000 0.806212 -0.591627 -0.000000 -1 39
214.545288 197.536407 4.000000 0.872104 0.489321 0.000000 -0.854087 0.520131 0.000000 0.091363 -0.995818 -0.000000 -1 40
10.486665 207.530228 4.000000 0.317059 0.948406 0.000000 -0.979654 -0.200695 0.000000 0.644531 -0.764578 -0.000000 -1 43
252.592529 208.549088 4.000000 0.015003 0.999887 0.000000 -0.822515 -0.568743 -0.000000 0.929415 -0.369037 -0.000000 -1 44
158.523773 216.531616 4.000000 0.543202 0.839602 0.000000 -0.995310 0.096733 0.000000 0.467796 -0.883836 -0.000000 -1 46
100.512665 222.495773 4.000000 -0.753105 0.657900 0.000000 0.012428 -0.999923 -0.000000 0.978712 0.205239 0.000000 -1 47
39.505501 235.501221 4.000000 -0.577749 0.816215 0.000000 -0.374528 -0.927216 0.000000 0.993260 0.115904 0.000000 -1 53
256.302979 239.293777 4.000000 0.770003 0.638041 0.000000 -0.972696 0.232083 0.000000 0.239206 -0.970969 -0.000000 -1 55
67.425110 257.520447 4.000000 -0.585147 0.810927 0.000000 -0.415802 -0.909455 -0.000000 0.996908 0.078573 0.000000 -1 58
456.491547 258.437103 4.000000 0.329595 0.944122 0.000000 -0.964659 -0.263501 -0.000000 0.628497 -0.777812 -0.000000 -1 59
209.523529 259.531616 4.000000 0.248752 0.968567 0.000000 -0.974068 -0.226258 -0.000000 0.698855 -0.715264 -0.000000 -1 60
142.734375 272.701569 4.000000 0.507435 0.861690 0.000000 -0.998121 0.061278 0.000000 0.532407 -0.846488 -0.000000 -1 62
264.456146 282.447723 4.000000 0.941102 0.338124 -0.000000 -0.815144 0.579259 0.000000 -0.122153 -0.992511 -0.000000 -1 63
296.491058 284.571320 4.000000 -0.180704 0.983538 0.000000 -0.820890 -0.571087 -0.000000 0.968035 -0.250815 0.000000 -1 64
232.519760 285.418243 4.000000 0.352718 0.935730 0.000000 -0.982662 -0.185405 0.000000 0.603376 -0.797457 -0.000000 -1 65
157.535004 291.499481 4.000000 -0.337514 0.941321 0.000000 -0.521431 -0.853293 -0.000000 0.974510 -0.224344 -0.000000 -1 68
49.710274 299.270386 4.000000 -0.562609 0.826723 0.000000 -0.387105 -0.922036 -0.000000 0.999994 -0.003502 0.000000 -1 70
