525.440002 3.479048 4.000000 -0.672729 0.739888 0.000000 -0.395593 -0.918426 -0.000000 0.987210 0.159427 0.000000 -1 1
240.460114 21.412079 4.000000 -0.269202 0.963084 0.000000 -0.777317 -0.629110 -0.000000 0.902245 -0.431224 0.000000 -1 4
42.477066 24.456930 4.000000 -0.667257 0.744828 0.000000 -0.375593 -0.926785 -0.000000 0.993275 0.115781 0.000000 -1 5
151.562256 31.569048 4.000000 -0.683120 0.730306 0.000000 -0.223821 -0.974630 -0.000000 0.960442 0.278481 0.000000 -1 9
257.515900 32.514553 4.000000 0.756714 0.653746 0.000000 -0.939311 0.343068 0.000000 0.262171 -0.965021 -0.000000 -1 10
116.461914 44.469662 4.000000 0.519705 0.854346 0.000000 -0.999270 -0.038212 0.000000 0.537450 -0.843296 -0.000000 -1 12
302.437714 45.432796 4.000000 -0.359202 0.933260 0.000000 -0.685358 -0.728206 -0.000000 0.960782 -0.277306 -0.000000 -1 13
236.425415 60.424080 4.000000 0.059428 0.998233 0.000000 -0.894871 -0.446325 -0.000000 0.780710 -0.624893 -0.000000 -1 16
75.282875 62.728439 4.000000 -0.541312 0.840822 0.000000 -0.556671 -0.830733 -0.000000 0.999051 0.043549 0.000000 -1 17
49.497688 86.484459 4.000000 0.312358 0.949965 0.000000 -0.972704 -0.232051 -0.000000 0.684311 -0.729190 -0.000000 -1 20
146.480423 89.524796 4.000000 -0.625532 0.780198 0.000000 -0.399702 -0.916645 0.000000 0.989970 0.141275 0.000000 -1 21
252.281021 89.732086 4.000000 0.866657 0.498905 0.000000 -0.839870 0.542788 0.000000 -0.141807 -0.989894 -0.000000 -1 22
3.582618 102.440430 4.000000 -0.508046 0.861330 0.000000 -0.366995 -0.930223 -0.000000 0.996891 -0.078792 0.000000 -1 25
120.566032 109.516342 4.000000 0.312541 0.949904 0.000000 -0.945612 -0.325296 -0.000000 0.690541 -0.723293 0.000000 -1 28
218.443253 114.482407 4.000000 0.719852 0.694128 0.000000 -0.726416 0.687256 0.000000 0.002727 -0.999996 -0.000000 -1 29
185.575638 116.570114 4.000000 0.651935 0.758275 0.000000 -0.970342 0.241736 0.000000 0.390299 -0.920688 -0.000000 -1 30
270.446503 121.521805 4.000000 -0.248461 0.968642 0.000000 -0.735336 -0.677703 -0.000000 0.966834 -0.255407 -0.000000 -1 33
54.530968 140.410248 4.000000 -0.157744 0.987480 0.000000 -0.731250 -0.682109 -0.000000 0.905738 -0.423837 -0.000000 -1 35
114.448448 143.533142 4.000000 0.694081 0.719897 0.000000 -0.970652 0.240490 0.000000 0.348787 -0.937202 -0.000000 -1 36
172.721878 152.638123 4.000000 0.398098 0.917343 0.000000 -0.957884 0.287157 0.000000 0.444793 -0.895634 0.000000 -1 38
209.686478 152.687256 4.000000 -0.656369 0.754440 0.000000 -0.035128 -0.999383 -0.000000 0.991081 0.133264 0.000000 -1 39
192.588776 178.469803 4.000000 -0.297061 0.954858 0.000000 -0.574674 -0.818383 -0.000000 0.977691 -0.210048 -0.000000 -1 45
118.520180 184.533890 4.000000 0.941058 0.338244 0.000000 -0.732832 0.680410 0.000000 -0.143817 -0.989604 -0.000000 -1 46
431.451385 202.423630 4.000000 -0.306734 0.951795 0.000000 -0.694989 -0.719020 -0.000000 0.940925 -0.338614 -0.000000 -1 48
282.482574 205.541382 4.000000 -0.132236 0.991218 0.000000 -0.788089 -0.615561 -0.000000 0.921357 -0.388717 -0.000000 -1 49
11.521743 209.574341 4.000000 0.895857 0.444342 0.000000 -0.746143 0.665785 0.000000 -0.108944 -0.994048 -0.000000 -1 50
274.549255 235.431366 4.000000 0.801997 0.597328 0.000000 -0.952509 0.304511 0.000000 0.250856 -0.968024 -0.000000 -1 54
211.410019 238.515228 4.000000 0.241389 0.970428 0.000000 -0.987035 -0.160505 0.000000 0.643485 -0.765459 -0.000000 -1 56
117.612167 246.494736 4.000000 0.875555 0.483118 0.000000 -0.621121 0.783715 0.000000 -0.093669 -0.995603 0.000000 -1 58
64.431999 259.451355 4.000000 0.025911 0.999664 0.000000 -0.902466 -0.430762 -0.000000 0.808048 -0.589117 -0.000000 -1 59
456.508362 259.556305 4.000000 0.335550 0.942022 0.000000 -0.993508 -0.113759 0.000000 0.657413 -0.753531 -0.000000 -1 60
15.410209 260.432922 4.000000 0.920745 0.390165 0.000000 -0.860033 0.510238 0.000000 -0.212771 -0.977102 -0.000000 -1 61
126.573410 283.522919 4.000000 -0.175360 0.984504 0.000000 -0.674668 -0.738122 0.000000 0.985200 -0.171409 -0.000000 -1 66
198.275360 290.279449 4.000000 -0.513836 0.857888 0.000000 -0.518561 -0.855041 -0.000000 0.997937 -0.064201 -0.000000 -1 67
75.418709 293.495850 4.000000 -0.669322 0.742972 0.000000 -0.410277 -0.911961 -0.000000 0.988142 0.153543 0.000000 -1 70
