182.567398 300.461700 4.000000 -0.446330 0.894868 0.000000 -0.543284 -0.839549 -0.000000 0.995577 -0.093953 0.000000 -1 2
524.474854 4.464600 4.000000 -0.662945 0.748668 0.000000 -0.354245 -0.935153 -0.000000 0.989796 0.142492 0.000000 -1 4
260.563599 11.465639 4.000000 -0.596687 0.802474 0.000000 -0.320197 -0.947351 -0.000000 0.991138 0.132835 0.000000 -1 5
96.585030 15.501685 4.000000 0.389232 0.921140 0.000000 -0.986094 -0.166186 -0.000000 0.679163 -0.733988 0.000000 -1 7
131.540192 21.399942 4.000000 0.823463 0.567369 0.000000 -0.952763 0.303715 0.000000 0.236305 -0.971679 -0.000000 -1 9
175.490311 22.499603 4.000000 0.483537 0.875324 0.000000 -0.999706 -0.024251 0.000000 0.563148 -0.826356 -0.000000 -1 10
303.498016 35.561893 4.000000 0.956138 0.292918 0.000000 -0.658430 0.752642 0.000000 -0.310048 -0.950721 -0.000000 -1 13
599.591492 52.426155 4.000000 0.609273 0.792961 0.000000 -0.999918 0.012782 -0.000000 0.473346 -0.880876 -0.000000 -1 15
59.715023 53.317169 4.000000 0.242615 0.970123 0.000000 -0.931511 -0.363714 -0.000000 0.638868 -0.769316 -0.000000 -1 16
30.439556 88.481644 4.000000 0.402474 0.915431 0.000000 -0.991501 -0.130099 0.000000 0.530539 -0.847661 -0.000000 -1 22
57.567070 90.507942 4.000000 0.122931 0.992415 0.000000 -0.874902 -0.484300 -0.000000 0.847877 -0.530192 -0.000000 -1 23
279.487274 92.514900 4.000000 0.691537 0.722341 0.000000 -0.998336 0.057673 0.000000 0.561931 -0.827184 -0.000000 -1 24
300.517914 104.557808 4.000000 -0.356638 0.934243 0.000000 -0.568791 -0.822482 -0.000000 0.999456 0.032974 0.000000 -1 27
114.718689 105.278267 4.000000 -0.018238 0.999834 0.000000 -0.822077 -0.569376 -0.000000 0.854887 -0.518815 -0.000000 -1 28
229.478989 108.529953 4.000000 0.805985 0.591936 0.000000 -0.903958 0.427622 -0.000000 0.098394 -0.995148 -0.000000 -1 29
206.589371 128.463333 4.000000 -0.220425 0.975404 0.000000 -0.660177 -0.751110 -0.000000 0.963363 -0.268199 -0.000000 -1 30
52.434280 139.572830 4.000000 -0.263643 0.964620 0.000000 -0.786327 -0.617810 -0.000000 0.960435 -0.278503 -0.000000 -1 33
137.545792 161.584167 4.000000 0.953114 0.302612 0.000000 -0.719311 0.694688 0.000000 -0.134132 -0.990964 -0.000000 -1 36
54.453888 165.499100 4.000000 -0.585738 0.810500 -0.000000 -0.275892 -0.961189 -0.000000 0.995195 -0.097916 0.000000 -1 38
113.593025 181.440826 4.000000 -0.423431 0.905928 0.000000 -0.469112 -0.883138 0.000000 0.995812 -0.091422 -0.000000 -1 40
301.439758 185.427475 4.000000 -0.300068 0.953918 0.000000 -0.706446 -0.707767 0.000000 0.944473 -0.328589 -0.000000 -1 43
240.411331 186.443085 4.000000 0.652130 0.758107 0.000000 -0.990200 0.139657 -0.000000 0.228995 -0.973428 -0.000000 -1 44
432.449371 199.434097 4.000000 -0.337625 0.941281 0.000000 -0.681125 -0.732168 -0.000000 0.955078 -0.296356 0.000000 -1 45
57.590450 206.560654 4.000000 0.233692 0.972311 0.000000 -0.945807 -0.324729 -0.000000 0.775234 -0.631674 -0.000000 -1 46
166.420288 210.525528 4.000000 0.671671 0.740849 0.000000 -0.974145 0.225924 0.000000 0.214770 -0.976665 -0.000000 -1 48
255.594360 216.456238 4.000000 0.021213 0.999775 0.000000 -0.804054 -0.594556 -0.000000 0.885079 -0.465440 0.000000 -1 49
46.526871 234.425842 4.000000 0.886632 0.462476 0.000000 -0.889506 0.456923 0.000000 0.045273 -0.998975 -0.000000 -1 53
290.498962 238.518738 4.000000 0.097725 0.995213 -0.000000 -0.895122 -0.445822 -0.000000 0.855109 -0.518449 -0.000000 -1 56
107.439606 252.585144 4.000000 0.954406 0.298512 0.000000 -0.724971 0.688779 0.000000 -0.273861 -0.961769 -0.000000 -1 59
69.460342 256.417969 4.000000 -0.147934 0.988997 0.000000 -0.785872 -0.618389 -0.000000 0.886511 -0.462707 -0.000000 -1 60
134.574951 259.498596 4.000000 0.122470 0.992472 0.000000 -0.917968 -0.396655 -0.000000 0.828100 -0.560580 -0.000000 -1 61
457.440918 259.579071 4.000000 0.271393 0.962469 0.000000 -0.997817 -0.066035 -0.000000 0.632755 -0.774352 -0.000000 -1 62
52.513340 286.540771 4.000000 0.909802 0.415043 -0.000000 -0.771015 0.636817 0.000000 -0.096274 -0.995355 -0.000000 -1 66
235.421234 287.415802 4.000000 0.164608 0.986359 0.000000 -0.924335 -0.381581 -0.000000 0.719078 -0.694929 -0.000000 -1 68
142.477264 299.426361 4.000000 -0.645540 0.763727 0.000000 -0.528681 -0.848821 -0.000000 0.999789 0.020553 -0.000000 -1 70
