521.434387 5.458251 4.000000 -0.718439 0.695590 0.000000 -0.353063 -0.935599 -0.000000 0.980305 0.197491 0.000000 -1 2
272.735016 27.712395 4.000000 0.955486 0.295037 0.000000 -0.589608 0.807690 0.000000 -0.229018 -0.973422 -0.000000 -1 8
37.424152 28.483240 4.000000 0.763472 0.645841 0.000000 -0.806043 0.591857 0.000000 -0.001248 -0.999999 -0.000000 -1 9
97.579407 32.564236 4.000000 -0.568886 0.822417 0.000000 -0.344469 -0.938798 -0.000000 0.980211 0.197957 0.000000 -1 10
154.282898 37.735817 4.000000 -0.401121 0.916025 0.000000 -0.707462 -0.706752 0.000000 0.984419 -0.175841 -0.000000 -1 12
50.442005 39.521206 4.000000 -0.347436 0.937704 0.000000 -0.660088 -0.751188 0.000000 0.991086 -0.133220 -0.000000 -1 14
217.535965 42.528183 4.000000 0.868560 0.495584 0.000000 -0.851296 0.524686 0.000000 0.044889 -0.998992 -0.000000 -1 16
301.424927 45.538540 4.000000 -0.461586 0.887096 0.000000 -0.599973 -0.800020 -0.000000 0.998892 -0.047056 -0.000000 -1 17
127.468597 50.501431 4.000000 0.371492 0.928436 0.000000 -0.995742 -0.092185 -0.000000 0.578783 -0.815481 -0.000000 -1 19
232.506393 58.440777 4.000000 0.073616 0.997287 0.000000 -0.874451 -0.485114 -0.000000 0.824425 -0.565971 -0.000000 -1 21
82.440910 62.420464 4.000000 0.159889 0.987135 0.000000 -0.918273 -0.395948 -0.000000 0.769400 -0.638768 -0.000000 -1 22
9.563804 63.470310 4.000000 -0.383458 0.923558 0.000000 -0.514749 -0.857341 -0.000000 0.992309 -0.123787 -0.000000 -1 23
160.444260 91.462837 4.000000 -0.538754 0.842463 0.000000 -0.547172 -0.837020 -0.000000 0.998401 -0.056533 0.000000 -1 27
494.534546 91.555817 4.000000 0.193455 0.981109 0.000000 -0.953353 -0.301859 -0.000000 0.796733 -0.604331 0.000000 -1 28
383.440552 100.499176 4.000000 0.668465 0.743744 0.000000 -0.976733 0.214461 0.000000 0.237657 -0.971349 -0.000000 -1 30
5.519016 113.495667 4.000000 -0.315221 0.949018 0.000000 -0.473422 -0.880836 -0.000000 0.971519 0.236963 0.000000 -1 32
28.495401 122.470726 4.000000 0.250316 0.968164 0.000000 -0.927618 -0.373531 -0.000000 0.601136 -0.799147 0.000000 -1 34
166.538773 128.487823 4.000000 -0.132418 0.991194 0.000000 -0.825612 -0.564239 -0.000000 0.929510 -0.368797 -0.000000 -1 36
33.740990 155.685791 4.000000 0.128624 0.991693 0.000000 -0.884090 -0.467316 -0.000000 0.850428 -0.526091 -0.000000 -1 40
113.515762 173.558121 4.000000 0.950434 0.310927 0.000000 -0.687144 0.726522 0.000000 -0.260161 -0.965565 -0.000000 -1 41
186.473328 180.464417 4.000000 0.883237 0.468927 0.000000 -0.854133 0.520055 0.000000 -0.066157 -0.997809 -0.000000 -1 44
55.499756 182.432159 4.000000 -0.173217 0.984884 0.000000 -0.701952 -0.712224 0.000000 0.901897 -0.431952 -0.000000 -1 45
1.551252 189.555084 4.000000 0.521797 0.853069 0.000000 -0.999124 0.041855 0.000000 0.531693 -0.846937 -0.000000 -1 47
436.563690 195.562103 4.000000 -0.330783 0.943707 0.000000 -0.578473 -0.815702 -0.000000 0.999331 -0.036567 0.000000 -1 49
45.710007 209.725433 4.000000 -0.046061 0.998939 0.000000 -0.829006 -0.559240 0.000000 0.927644 -0.373466 -0.000000 -1 52
201.558640 209.475739 4.000000 -0.103870 0.994591 0.000000 -0.722836 -0.691019 -0.000000 0.933792 -0.357817 -0.000000 -1 53
130.527832 219.565903 4.000000 -0.518041 0.855356 0.000000 -0.504211 -0.863581 -0.000000 0.998159 0.060650 -0.000000 -1 55
248.477692 224.562881 4.000000 0.161172 0.986926 0.000000 -0.959884 -0.280396 -0.000000 0.768987 -0.639264 -0.000000 -1 56
100.574547 234.527008 4.000000 0.571801 0.820392 0.000000 -0.994474 0.104983 0.000000 0.538888 -0.842377 -0.000000 -1 59
190.509079 254.451660 4.000000 -0.721719 0.692186 0.000000 -0.543235 -0.839581 -0.000000 0.990737 0.135798 0.000000 -1 64
111.446510 256.434631 4.000000 -0.482704 0.875783 0.000000 -0.563288 -0.826261 -0.000000 0.994541 -0.104350 0.000000 -1 65
2.552021 257.508728 4.000000 0.458602 0.888642 0.000000 -0.998749 0.050010 0.000000 0.545158 -0.838333 -0.000000 -1 66
53.595856 258.510315 4.000000 0.765659 0.643246 0.000000 -0.934248 0.356625 -0.000000 0.285236 -0.958457 -0.000000 -1 67
460.533997 259.535797 4.000000 0.374086 0.927394 0.000000 -0.991265 -0.131885 -0.000000 0.656882 -0.753993 -0.000000 -1 69
222.430237 263.574219 4.000000 0.499214 0.866479 0.000000 -0.984590 0.174877 0.000000 0.394437 -0.918923 -0.000000 -1 70
160.461929 269.442627 4.000000 0.271387 0.962470 0.000000 -0.958364 -0.285549 -0.000000 0.706650 -0.707563 -0.000000 -1 72
253.416443 274.473999 4.000000 0.286805 0.957989 0.000000 -0.977436 -0.211231 0.000000 0.615011 -0.788518 -0.000000 -1 75
20.419266 289.461517 4.000000 -0.309238 0.950985 0.000000 -0.740838 -0.671684 -0.000000 0.939081 -0.343695 -0.000000 -1 77
65.453621 294.427826 4.000000 -0.195887 0.980627 0.000000 -0.711521 -0.702665 -0.000000 0.897232 -0.441559 -0.000000 -1 78
171.533127 298.448700 4.000000 -0.601139 0.799145 0.000000 -0.374176 -0.927358 -0.000000 0.996502 0.083564 0.000000 -1 80
