521.551941 5.490458 4.000000 -0.650564 0.759452 0.000000 -0.257968 -0.966153 -0.000000 0.982743 0.184976 0.000000 -1 1
189.729904 13.297260 4.000000 0.269409 0.963026 0.000000 -0.934478 -0.356020 0.000000 0.708319 -0.705893 -0.000000 -1 4
272.464539 18.572306 4.000000 0.881584 0.472028 0.000000 -0.800158 0.599790 0.000000 -0.104305 -0.994545 -0.000000 -1 6
208.494232 31.535774 4.000000 0.925908 0.377750 0.000000 -0.474057 0.880494 0.000000 -0.361714 -0.932289 -0.000000 -1 7
178.512115 46.498333 4.000000 0.799906 0.600126 0.000000 -0.884824 0.465926 0.000000 0.099648 -0.995023 -0.000000 -1 11
297.481384 46.490990 4.000000 -0.591067 0.806623 0.000000 -0.441034 -0.897491 -0.000000 0.998130 0.061128 0.000000 -1 12
116.477234 48.504318 4.000000 -0.509680 0.860364 0.000000 -0.508140 -0.861275 -0.000000 0.999959 -0.009051 0.000000 -1 13
152.570923 50.500126 4.000000 0.523829 0.851824 0.000000 -0.999727 0.023365 0.000000 0.535489 -0.844542 -0.000000 -1 14
59.490364 60.426815 4.000000 -0.619992 0.784608 0.000000 -0.377634 -0.925955 0.000000 0.999776 0.021143 -0.000000 -1 16
88.509651 63.488152 4.000000 0.470655 0.882317 0.000000 -0.999156 -0.041086 0.000000 0.535993 -0.844222 -0.000000 -1 18
197.443100 70.484161 4.000000 0.090226 0.995921 0.000000 -0.906076 -0.423115 0.000000 0.762481 -0.647010 -0.000000 -1 19
6.460005 76.424667 4.000000 0.636324 0.771422 0.000000 -0.997231 0.074364 0.000000 0.307346 -0.951598 -0.000000 -1 20
239.543045 89.436394 4.000000 0.049652 0.998767 0.000000 -0.850418 -0.526108 -0.000000 0.821392 -0.570365 -0.000000 -1 23
159.230515 93.355476 4.000000 -0.361294 0.932452 0.000000 -0.538504 -0.842623 0.000000 0.892934 -0.450188 -0.000000 -1 25
493.475464 93.477821 4.000000 0.161934 0.986802 0.000000 -0.939893 -0.341469 -0.000000 0.743936 -0.668251 -0.000000 -1 27
386.538300 96.497063 4.000000 0.732224 0.681064 0.000000 -0.962148 0.272527 0.000000 0.392704 -0.919665 -0.000000 -1 30
42.526272 99.417694 4.000000 -0.613085 0.790017 0.000000 -0.370502 -0.928831 -0.000000 0.998269 0.058809 0.000000 -1 31
122.288521 110.707405 4.000000 -0.487213 0.873283 0.000000 -0.550157 -0.835061 -0.000000 0.996721 0.080918 -0.000000 -1 33
176.558151 138.434219 4.000000 -0.752756 0.658299 0.000000 -0.134729 -0.990883 -0.000000 0.962311 0.271951 0.000000 -1 38
117.491714 142.530655 4.000000 0.448408 0.893829 0.000000 -0.996604 -0.082345 0.000000 0.458748 -0.888566 -0.000000 -1 39
55.511963 153.396622 4.000000 -0.659441 0.751756 0.000000 -0.348081 -0.937465 -0.000000 0.997890 0.064927 0.000000 -1 40
287.483124 168.584717 4.000000 0.498511 0.866884 0.000000 -0.993257 0.115936 0.000000 0.478045 -0.878336 -0.000000 -1 42
237.574738 170.432175 4.000000 0.600349 0.799738 0.000000 -0.998729 0.050408 0.000000 0.472102 -0.881544 -0.000000 -1 43
110.416023 172.496628 4.000000 0.950703 0.310102 0.000000 -0.745937 0.666017 0.000000 -0.318296 -0.947991 -0.000000 -1 46
136.444992 174.527649 4.000000 0.427354 0.904084 0.000000 -0.990223 -0.139492 -0.000000 0.343946 -0.938990 0.000000 -1 48
189.566406 174.415237 4.000000 0.407510 0.913201 0.000000 -0.970460 -0.241262 0.000000 0.637625 -0.770347 -0.000000 -1 49
600.440674 190.448181 4.000000 0.441978 0.897026 0.000000 -0.996959 -0.077924 -0.000000 0.453236 -0.891390 -0.000000 -1 52
435.560974 195.575836 4.000000 -0.300488 0.953786 0.000000 -0.608295 -0.793711 -0.000000 0.999016 -0.044360 0.000000 -1 54
52.588238 204.503433 4.000000 0.739697 0.672940 0.000000 -0.974646 0.223753 0.000000 0.356054 -0.934465 -0.000000 -1 56
125.563904 210.543533 4.000000 -0.236305 0.971679 0.000000 -0.620432 -0.784260 -0.000000 0.984062 -0.177825 0.000000 -1 57
222.594482 211.449814 4.000000 0.629845 0.776721 -0.000000 -0.982118 0.188269 0.000000 0.428857 -0.903373 -0.000000 -1 58
177.727982 228.711319 4.000000 0.770941 0.636906 0.000000 -0.887581 0.460652 0.000000 0.161131 -0.986933 -0.000000 -1 64
246.258148 232.658875 4.000000 0.363332 0.931660 0.000000 -0.992405 -0.123015 -0.000000 0.466797 -0.884365 -0.000000 -1 66
35.635445 241.263031 4.000000 0.879082 0.476671 0.000000 -0.925693 0.378275 0.000000 -0.044532 -0.999008 -0.000000 -1 69
459.567352 259.557495 4.000000 0.402094 0.915599 0.000000 -0.992495 -0.122283 -0.000000 0.677660 -0.735375 -0.000000 -1 72
599.578674 261.564697 4.000000 0.501259 0.865297 0.000000 -0.999340 0.036324 0.000000 0.545824 -0.837900 -0.000000 -1 73
208.284912 264.280853 4.000000 0.623902 0.781502 0.000000 -0.992139 0.125140 0.000000 0.312315 -0.949979 -0.000000 -1 75
105.477448 266.420349 4.000000 -0.327890 0.944716 0.000000 -0.629486 -0.777012 -0.000000 0.953291 -0.302052 -0.000000 -1 76
187.450653 266.484955 4.000000 -0.322580 0.946542 0.000000 -0.604007 -0.796979 -0.000000 0.952237 -0.305360 0.000000 -1 77
79.484924 291.421753 4.000000 0.177790 0.984068 0.000000 -0.918416 -0.395616 0.000000 0.690843 -0.723004 -0.000000 -1 79
167.432358 298.435120 4.000000 0.897512 0.440990 0.000000 -0.871188 0.490950 0.000000 -0.117395 -0.993085 -0.000000 -1 82
