526.483521 5.497806 4.000000 -0.677638 0.735395 0.000000 -0.318620 -0.947882 -0.000000 0.977297 0.211874 0.000000 -1 3
159.527283 15.570710 4.000000 0.526025 0.850469 0.000000 -0.995152 0.098353 0.000000 0.481213 -0.876603 -0.000000 -1 4
299.425690 17.542717 4.000000 -0.507686 0.861542 0.000000 -0.553939 -0.832557 -0.000000 0.999973 0.007405 0.000000 -1 5
99.575340 19.539375 4.000000 0.748672 0.662941 0.000000 -0.847789 0.530334 0.000000 0.152926 -0.988238 -0.000000 -1 6
51.400272 34.530445 4.000000 -0.129901 0.991527 0.000000 -0.766882 -0.641788 -0.000000 0.767805 -0.640683 -0.000000 -1 10
8.432072 45.415787 4.000000 -0.394765 0.918782 0.000000 -0.719698 -0.694288 -0.000000 0.959637 -0.281241 -0.000000 -1 12
208.555176 72.485893 4.000000 0.803982 0.594653 0.000000 -0.927837 0.372987 0.000000 0.232539 -0.972587 0.000000 -1 15
43.453159 79.590584 4.000000 -0.350349 0.936619 0.000000 -0.745810 -0.666158 -0.000000 0.983157 -0.182765 -0.000000 -1 16
135.446823 106.442848 4.000000 -0.678960 0.734176 0.000000 -0.338323 -0.941030 0.000000 0.990547 0.137172 0.000000 -1 19
243.547882 112.472862 4.000000 0.907417 0.420231 -0.000000 -0.823186 0.567772 0.000000 -0.100361 -0.994951 -0.000000 -1 21
16.473635 114.552963 4.000000 0.914056 0.405588 0.000000 -0.779833 0.625988 0.000000 -0.195328 -0.980738 0.000000 -1 22
291.449951 116.510796 4.000000 0.385914 0.922535 0.000000 -0.999647 -0.026550 0.000000 0.535794 -0.844348 -0.000000 -1 23
199.571671 126.534386 4.000000 0.877218 0.480092 0.000000 -0.869376 0.494152 0.000000 0.122848 -0.992425 -0.000000 -1 26
100.481743 128.504486 4.000000 0.896488 0.443068 -0.000000 -0.801841 0.597538 0.000000 -0.104205 -0.994556 -0.000000 -1 27
126.585281 182.565536 4.000000 -0.585699 0.810529 0.000000 -0.301816 -0.953366 -0.000000 0.976964 0.213405 0.000000 -1 31
184.443420 188.577209 4.000000 0.193796 0.981042 0.000000 -0.981250 -0.192742 -0.000000 0.699501 -0.714632 -0.000000 -1 32
79.333961 205.741135 4.000000 0.733650 0.679527 0.000000 -0.936989 0.349359 0.000000 0.214299 -0.976768 -0.000000 -1 34
113.548752 205.519302 4.000000 0.339839 0.940484 0.000000 -0.962805 -0.270197 -0.000000 0.758027 -0.652223 -0.000000 -1 35
182.453262 232.416580 4.000000 -0.321256 0.946992 0.000000 -0.668288 -0.743903 -0.000000 0.953210 -0.302308 0.000000 -1 40
296.498993 238.533890 4.000000 -0.579878 0.814703 0.000000 -0.425515 -0.904951 -0.000000 0.993234 0.116128 0.000000 -1 42
243.472870 239.413406 4.000000 -0.681296 0.732008 0.000000 -0.407218 -0.913331 -0.000000 0.995104 0.098834 0.000000 -1 43
109.482979 246.533554 4.000000 0.470489 0.882406 0.000000 -0.995512 0.094639 0.000000 0.535369 -0.844618 -0.000000 -1 45
455.545013 259.466217 4.000000 0.372323 0.928103 0.000000 -0.975189 -0.221373 -0.000000 0.660664 -0.750682 -0.000000 -1 48
35.525585 260.413818 4.000000 -0.694717 0.719283 0.000000 -0.279247 -0.960219 -0.000000 0.990312 0.138860 0.000000 -1 49
231.573456 262.505371 4.000000 0.351135 0.936325 -0.000000 -0.958289 -0.285801 -0.000000 0.746288 -0.665624 -0.000000 -1 50
0.419322 273.488586 4.000000 0.254509 0.967070 0.000000 -0.985708 -0.168462 0.000000 0.645221 -0.763996 -0.000000 -1 53
137.720901 280.293060 4.000000 0.612694 0.790320 -0.000000 -0.997710 -0.067644 0.000000 0.346732 -0.937964 -0.000000 -1 54
161.482162 287.527039 4.000000 -0.342746 0.939428 0.000000 -0.666060 -0.745898 -0.000000 0.986101 -0.166149 -0.000000 -1 56
269.273773 290.705536 4.000000 -0.382550 0.923935 0.000000 -0.648023 -0.761621 -0.000000 0.996514 -0.083431 0.000000 -1 58
