265.596893 300.522186 4.000000 -0.619982 0.784616 0.000000 -0.203935 -0.978984 -0.000000 0.956473 0.291820 0.000000 -1 1
525.576965 3.527127 4.000000 -0.597046 0.802207 0.000000 -0.277459 -0.960737 -0.000000 0.982432 0.186619 0.000000 -1 2
36.552429 27.430162 4.000000 -0.821860 0.569689 0.000000 -0.008583 -0.999963 -0.000000 0.933844 0.357680 0.000000 -1 5
183.501389 46.452023 4.000000 -0.472310 0.881432 0.000000 -0.523614 -0.851955 -0.000000 0.999214 -0.039653 0.000000 -1 8
5.484584 50.442261 4.000000 0.783728 0.621105 0.000000 -0.903180 0.429262 0.000000 0.285459 -0.958391 -0.000000 -1 10
112.462997 55.583656 4.000000 0.895871 0.444314 0.000000 -0.781951 0.623340 0.000000 -0.171700 -0.985149 -0.000000 -1 12
241.287231 69.728371 4.000000 0.469033 0.883181 0.000000 -0.996990 0.077527 0.000000 0.498891 -0.866665 -0.000000 -1 15
141.464508 86.462143 4.000000 0.838335 0.545156 0.000000 -0.901807 0.432140 0.000000 0.046092 -0.998937 0.000000 -1 18
252.579453 86.469612 4.000000 -0.331244 0.943545 0.000000 -0.560314 -0.828280 0.000000 0.989629 -0.143650 -0.000000 -1 19
52.279488 88.730194 4.000000 0.201364 0.979517 0.000000 -0.979235 -0.202730 -0.000000 0.715352 -0.698764 -0.000000 -1 20
206.474060 91.453964 4.000000 -0.541538 0.840676 0.000000 -0.654099 -0.756409 -0.000000 0.996193 -0.087174 -0.000000 -1 22
264.281036 118.721291 4.000000 0.930105 0.367295 0.000000 -0.800297 0.599604 0.000000 -0.216522 -0.976278 -0.000000 -1 26
25.411190 122.494553 4.000000 0.457692 0.889111 0.000000 -0.998263 0.058916 -0.000000 0.457763 -0.889074 -0.000000 -1 27
98.541420 123.587929 4.000000 0.943165 0.332325 0.000000 -0.652474 0.757811 0.000000 -0.253415 -0.967358 -0.000000 -1 28
595.504822 129.420990 4.000000 0.901180 0.433445 0.000000 -0.908454 0.417985 0.000000 0.020224 -0.999795 -0.000000 -1 30
81.582558 134.442993 4.000000 0.404618 0.914486 0.000000 -0.974976 -0.222311 -0.000000 0.674013 -0.738719 -0.000000 -1 31
185.434280 159.524277 4.000000 0.036516 0.999333 0.000000 -0.933143 -0.359504 -0.000000 0.834000 -0.551765 -0.000000 -1 34
125.460312 162.483826 4.000000 -0.654937 0.755683 0.000000 -0.445462 -0.895301 -0.000000 0.988478 0.151362 -0.000000 -1 35
237.464493 166.535233 4.000000 0.356629 0.934246 0.000000 -0.995954 -0.089861 -0.000000 0.569421 -0.822046 -0.000000 -1 36
80.471977 198.543381 4.000000 0.721313 0.692609 0.000000 -0.973226 0.229851 0.000000 0.332495 -0.943105 -0.000000 -1 41
301.582214 202.541260 4.000000 -0.280568 0.959834 0.000000 -0.572612 -0.819827 -0.000000 0.996083 -0.088421 0.000000 -1 42
250.538452 209.462738 4.000000 -0.114183 0.993460 0.000000 -0.772351 -0.635196 0.000000 0.895194 -0.445677 -0.000000 -1 44
172.279266 225.293381 4.000000 -0.784234 0.620466 0.000000 -0.215734 -0.976452 -0.000000 0.949899 0.312557 0.000000 -1 48
41.720428 230.681976 4.000000 -0.691866 0.722026 0.000000 -0.132719 -0.991154 -0.000000 0.974756 0.223272 0.000000 -1 49
211.575836 234.506271 4.000000 0.470304 0.882505 0.000000 -0.996758 -0.080461 0.000000 0.609629 -0.792687 -0.000000 -1 52
292.687195 234.284592 4.000000 -0.047377 0.998877 0.000000 -0.745277 -0.666755 -0.000000 0.929856 -0.367925 0.000000 -1 53
236.454834 254.583145 4.000000 -0.365051 0.930987 0.000000 -0.695684 -0.718348 -0.000000 0.993771 -0.111440 0.000000 -1 55
456.446350 259.555969 4.000000 0.277151 0.960827 0.000000 -0.994090 -0.108560 0.000000 0.637384 -0.770546 -0.000000 -1 58
43.551346 271.503876 4.000000 0.395902 0.918293 0.000000 -0.969522 0.245006 0.000000 0.503519 -0.863984 0.000000 -1 61
167.553955 274.549286 4.000000 0.363861 0.931453 0.000000 -0.989714 -0.143058 0.000000 0.656992 -0.753897 -0.000000 -1 62
599.459412 279.568146 4.000000 0.457598 0.889159 -0.000000 -0.996995 0.077471 0.000000 0.468609 -0.883405 -0.000000 -1 63
279.549347 285.565918 4.000000 0.101790 0.994806 0.000000 -0.875042 -0.484047 0.000000 0.898282 -0.439420 -0.000000 -1 64
74.524109 296.475464 4.000000 -0.271252 0.962508 0.000000 -0.699341 -0.714788 -0.000000 0.962486 -0.271332 -0.000000 -1 65
