527.565186 7.553139 4.000000 -0.621567 0.783361 0.000000 -0.267057 -0.963681 0.000000 0.967979 0.251032 0.000000 -1 1
192.520126 9.530716 4.000000 -0.402119 0.915587 0.000000 -0.652819 -0.757514 -0.000000 0.991920 -0.126863 -0.000000 -1 2
267.473328 22.566582 4.000000 0.744978 0.667089 0.000000 -0.905973 0.423335 0.000000 0.125566 -0.992085 -0.000000 -1 3
12.553230 33.496655 4.000000 -0.695173 0.718843 0.000000 -0.246363 -0.969178 -0.000000 0.974108 0.226083 -0.000000 -1 5
134.432312 46.458118 4.000000 0.906467 0.422278 0.000000 -0.821844 0.569713 0.000000 -0.184456 -0.982841 -0.000000 -1 8
262.410675 66.521996 4.000000 0.805715 0.592303 0.000000 -0.834195 0.551469 0.000000 -0.041419 -0.999142 -0.000000 -1 10
124.502846 83.515099 4.000000 0.419060 0.907959 0.000000 -0.998726 -0.050456 0.000000 0.561609 -0.827403 -0.000000 -1 13
15.296963 86.723740 4.000000 0.848801 0.528712 0.000000 -0.859191 0.511654 0.000000 -0.121503 -0.992591 -0.000000 -1 14
234.590057 96.436226 4.000000 0.128789 0.991672 0.000000 -0.863554 -0.504257 -0.000000 0.826619 -0.562763 -0.000000 -1 15
93.450356 103.519119 4.000000 -0.406937 0.913456 0.000000 -0.645353 -0.763885 -0.000000 0.987244 -0.159213 0.000000 -1 17
181.563919 111.442993 4.000000 0.801258 0.598319 0.000000 -0.967590 0.252528 0.000000 0.247700 -0.968837 0.000000 -1 18
260.443237 143.407318 4.000000 0.462089 0.886834 0.000000 -0.993474 -0.114058 -0.000000 0.474156 -0.880441 -0.000000 -1 22
272.454437 169.519287 4.000000 -0.446036 0.895015 0.000000 -0.633046 -0.774114 -0.000000 0.996793 -0.080024 0.000000 -1 25
84.554459 175.416977 4.000000 0.428054 0.903753 0.000000 -0.982669 -0.185371 0.000000 0.611884 -0.790947 -0.000000 -1 26
224.715851 176.738235 4.000000 -0.324615 0.945846 0.000000 -0.636241 -0.771491 -0.000000 0.997003 -0.077357 0.000000 -1 27
154.567307 186.589355 4.000000 0.958238 0.285972 0.000000 -0.627637 0.778506 0.000000 -0.254672 -0.967027 -0.000000 -1 32
267.504120 189.440308 4.000000 -0.746768 0.665085 0.000000 -0.286155 -0.958183 0.000000 0.988603 0.150548 -0.000000 -1 34
302.574890 195.534744 4.000000 -0.275761 0.961226 0.000000 -0.598957 -0.800781 -0.000000 0.995571 -0.094008 -0.000000 -1 35
104.456879 199.516510 4.000000 -0.098038 0.995183 0.000000 -0.875274 -0.483628 -0.000000 0.881438 -0.472300 0.000000 -1 36
11.565886 207.440628 4.000000 0.397679 0.917525 0.000000 -0.961166 -0.275971 -0.000000 0.674969 -0.737846 0.000000 -1 37
251.486969 208.563202 4.000000 -0.084698 0.996407 0.000000 -0.828385 -0.560158 -0.000000 0.920245 -0.391342 -0.000000 -1 38
104.530983 219.512314 4.000000 0.854689 0.519140 0.000000 -0.872467 0.488672 0.000000 0.082109 -0.996623 -0.000000 -1 41
135.579041 227.454620 4.000000 0.372193 0.928156 0.000000 -0.967026 -0.254677 -0.000000 0.635484 -0.772114 -0.000000 -1 44
233.401703 245.420074 4.000000 -0.660529 0.750800 0.000000 -0.376143 -0.926561 -0.000000 0.985703 0.168492 0.000000 -1 46
456.517914 258.427826 4.000000 0.346320 0.938116 0.000000 -0.960222 -0.279239 -0.000000 0.636865 -0.770975 -0.000000 -1 48
175.479187 264.487488 4.000000 -0.738479 0.674276 0.000000 -0.217873 -0.975977 -0.000000 0.964155 0.265339 0.000000 -1 49
142.489227 277.543823 4.000000 0.447446 0.894311 -0.000000 -0.999834 0.018239 0.000000 0.528414 -0.848987 -0.000000 -1 53
262.417267 280.559937 4.000000 0.916852 0.399226 0.000000 -0.756351 0.654166 0.000000 -0.156360 -0.987700 -0.000000 -1 54
234.469894 286.499023 4.000000 0.415072 0.909788 0.000000 -0.999928 0.012016 -0.000000 0.511192 -0.859467 -0.000000 -1 55
298.462402 287.426086 4.000000 -0.380088 0.924950 0.000000 -0.691194 -0.722669 -0.000000 0.974147 -0.225916 -0.000000 -1 56
57.575695 299.456360 4.000000 -0.768634 0.639689 0.000000 -0.123673 -0.992323 -0.000000 0.952930 0.303189 0.000000 -1 61
