229.501556 300.477905 4.000000 -0.645517 0.763746 0.000000 -0.729397 -0.684091 -0.000000 0.999776 -0.021143 -0.000000 -1 1
526.424561 3.533557 4.000000 -0.675004 0.737815 0.000000 -0.404435 -0.914567 -0.000000 0.976263 0.216590 0.000000 -1 3
34.576714 27.438896 4.000000 -0.789704 0.613488 0.000000 -0.019956 -0.999801 -0.000000 0.944837 0.327542 0.000000 -1 4
184.447617 46.533508 4.000000 -0.479464 0.877562 0.000000 -0.599723 -0.800207 -0.000000 0.999927 -0.012079 0.000000 -1 7
115.577950 60.488930 4.000000 0.767285 0.641306 0.000000 -0.939291 0.343121 0.000000 0.205641 -0.978628 -0.000000 -1 10
139.734573 86.681206 4.000000 0.845751 0.533577 0.000000 -0.862772 0.505593 0.000000 0.120825 -0.992674 0.000000 -1 13
252.698990 86.265785 4.000000 -0.250894 0.968015 0.000000 -0.689907 -0.723898 0.000000 0.955033 -0.296501 0.000000 -1 14
51.415924 88.553329 4.000000 0.191718 0.981450 0.000000 -0.982911 -0.184079 -0.000000 0.699021 -0.715101 -0.000000 -1 15
204.500305 91.515808 4.000000 -0.453632 0.891189 0.000000 -0.585970 -0.810333 -0.000000 0.998204 -0.059900 0.000000 -1 16
62.378872 115.751083 4.000000 0.938349 0.345689 -0.000000 -0.809721 0.586815 0.000000 -0.324870 -0.945759 -0.000000 -1 21
262.487671 116.536003 4.000000 0.944573 0.328302 0.000000 -0.761202 0.648515 0.000000 -0.247163 -0.968974 -0.000000 -1 22
100.413910 122.558502 4.000000 0.893595 0.448875 0.000000 -0.799718 0.600376 -0.000000 -0.192136 -0.981368 -0.000000 -1 25
21.425009 123.513000 4.000000 0.650062 0.759881 0.000000 -0.983197 0.182550 0.000000 0.381332 -0.924438 -0.000000 -1 26
595.566650 128.575577 4.000000 0.862991 0.505219 0.000000 -0.835302 0.549792 0.000000 0.058680 -0.998277 0.000000 -1 27
79.484077 134.559784 4.000000 0.266639 0.963796 0.000000 -0.981976 -0.189004 -0.000000 0.707823 -0.706390 -0.000000 -1 28
182.477707 157.436676 4.000000 0.364205 0.931319 0.000000 -0.958755 -0.284235 0.000000 0.848859 -0.528619 -0.000000 -1 30
124.550766 160.576141 4.000000 -0.425673 0.904877 0.000000 -0.568848 -0.822443 -0.000000 0.999216 0.039601 0.000000 -1 32
82.555153 199.538803 4.000000 0.765181 0.643815 0.000000 -0.944502 0.328505 0.000000 0.280302 -0.959912 -0.000000 -1 37
300.422852 203.420944 4.000000 -0.494696 0.869066 0.000000 -0.534525 -0.845153 -0.000000 0.991492 -0.130169 0.000000 -1 39
251.413803 212.459305 4.000000 -0.292812 0.956170 0.000000 -0.758841 -0.651276 0.000000 0.921064 -0.389411 -0.000000 -1 41
168.593018 221.430038 4.000000 0.807284 0.590163 0.000000 -0.955878 0.293765 0.000000 0.276177 -0.961107 -0.000000 -1 42
43.536331 229.408768 4.000000 -0.782708 0.622389 0.000000 -0.118181 -0.992992 -0.000000 0.976826 0.214035 0.000000 -1 43
211.529449 235.415512 4.000000 0.452389 0.891820 0.000000 -0.983977 -0.178296 0.000000 0.580511 -0.814252 -0.000000 -1 47
291.578705 237.471619 4.000000 0.101207 0.994865 0.000000 -0.858559 -0.512714 -0.000000 0.822673 -0.568515 -0.000000 -1 48
233.493301 255.468491 4.000000 -0.548935 0.835865 0.000000 -0.512530 -0.858669 -0.000000 0.999739 -0.022839 0.000000 -1 51
456.441895 259.550629 4.000000 0.274338 0.961633 0.000000 -0.993340 -0.115221 -0.000000 0.634932 -0.772568 -0.000000 -1 52
40.724396 273.720917 4.000000 0.637411 0.770524 -0.000000 -0.959104 0.283052 0.000000 0.378256 -0.925701 -0.000000 -1 55
168.428772 274.527313 4.000000 0.215305 0.976547 0.000000 -0.980684 -0.195601 0.000000 0.673824 -0.738892 -0.000000 -1 56
598.513062 278.533264 4.000000 0.464626 0.885507 0.000000 -0.999831 -0.018409 0.000000 0.541642 -0.840609 -0.000000 -1 57
282.432037 288.515930 4.000000 0.015710 0.999877 0.000000 -0.886197 -0.463308 -0.000000 0.849572 -0.527472 -0.000000 -1 59
75.547592 297.518250 4.000000 -0.254835 0.966985 0.000000 -0.692614 -0.721308 -0.000000 0.974041 -0.226372 0.000000 -1 62
