526.555786 6.531129 4.000000 -0.633880 0.773432 0.000000 -0.267172 -0.963649 -0.000000 0.974097 0.226130 0.000000 -1 2
255.565369 18.520836 4.000000 -0.105528 0.994416 0.000000 -0.837389 -0.546607 -0.000000 0.922526 -0.385934 -0.000000 -1 4
217.270645 31.281057 4.000000 0.171748 0.985141 0.000000 -0.936947 -0.349471 -0.000000 0.684797 -0.728734 0.000000 -1 8
176.303909 40.713135 4.000000 -0.646665 0.762774 0.000000 -0.538018 -0.842933 -0.000000 0.992628 0.121205 0.000000 -1 9
97.536766 46.389095 4.000000 0.789219 0.614112 0.000000 -0.982878 0.184259 0.000000 0.351985 -0.936006 -0.000000 -1 10
56.449989 52.501587 4.000000 0.536058 0.844181 0.000000 -0.997447 0.071409 0.000000 0.433900 -0.900961 -0.000000 -1 13
15.613311 61.527885 4.000000 0.747856 0.663861 0.000000 -0.684788 0.728743 0.000000 -0.033794 -0.999429 -0.000000 -1 14
241.414520 63.539436 4.000000 0.959178 0.282805 0.000000 -0.707985 0.706227 0.000000 -0.364014 -0.931394 -0.000000 -1 15
61.282555 69.261612 4.000000 -0.565405 0.824814 0.000000 -0.545423 -0.838161 0.000000 0.999410 -0.034355 -0.000000 -1 19
147.446320 79.465469 4.000000 0.761907 0.647686 0.000000 -0.935383 0.353635 0.000000 0.053141 -0.998587 -0.000000 -1 21
216.459503 87.489449 4.000000 0.168014 0.985785 0.000000 -0.941349 -0.337435 -0.000000 0.769620 -0.638502 -0.000000 -1 23
90.487053 96.520508 4.000000 0.183463 0.983027 0.000000 -0.949908 -0.312528 -0.000000 0.740206 -0.672380 -0.000000 -1 25
280.480499 104.441719 4.000000 0.276960 0.960882 0.000000 -0.958802 -0.284075 0.000000 0.652502 -0.757787 -0.000000 -1 26
180.502670 112.466202 4.000000 -0.191238 0.981544 0.000000 -0.742082 -0.670309 -0.000000 0.931989 -0.362486 -0.000000 -1 28
14.486600 127.561028 4.000000 -0.640195 0.768212 0.000000 -0.371013 -0.928628 -0.000000 0.977174 0.212440 0.000000 -1 29
82.579842 142.440918 4.000000 -0.657698 0.753282 0.000000 -0.243609 -0.969874 -0.000000 0.987671 0.156545 0.000000 -1 31
289.422699 166.505356 4.000000 -0.522762 0.852479 0.000000 -0.471448 -0.881894 -0.000000 0.999647 -0.026575 0.000000 -1 34
13.585945 181.456467 4.000000 -0.731723 0.681602 0.000000 -0.094990 -0.995478 0.000000 0.963906 0.266244 0.000000 -1 36
221.475067 197.537720 4.000000 0.952969 0.303068 0.000000 -0.758459 0.651721 0.000000 -0.306068 -0.952009 -0.000000 -1 38
116.511253 206.478622 4.000000 -0.241972 0.970283 0.000000 -0.676959 -0.736021 -0.000000 0.967052 -0.254579 0.000000 -1 40
242.517380 212.402618 4.000000 0.410267 0.911966 0.000000 -0.975223 -0.221224 -0.000000 0.594887 -0.803809 -0.000000 -1 41
105.692513 228.277634 4.000000 0.834579 0.550889 0.000000 -0.989408 0.145163 0.000000 0.117105 -0.993120 -0.000000 -1 46
75.450417 232.531036 4.000000 0.231382 0.972863 0.000000 -0.961040 -0.276408 0.000000 0.851560 -0.524257 -0.000000 -1 48
3.490449 233.481430 4.000000 0.368387 0.929672 0.000000 -0.986316 -0.164866 0.000000 0.624058 -0.781378 0.000000 -1 49
173.722580 243.311981 4.000000 -0.511539 0.859260 0.000000 -0.380478 -0.924790 -0.000000 0.997106 0.076024 0.000000 -1 54
112.459679 252.452072 4.000000 -0.137649 0.990481 0.000000 -0.797886 -0.602809 0.000000 0.898747 -0.438467 -0.000000 -1 55
47.446354 254.436417 4.000000 0.008942 0.999960 0.000000 -0.861142 -0.508364 -0.000000 0.844305 -0.535863 -0.000000 -1 57
209.455673 254.550369 4.000000 0.541681 0.840584 0.000000 -0.996203 0.087058 -0.000000 0.440994 -0.897510 -0.000000 -1 58
455.574738 258.469208 4.000000 0.395615 0.918416 0.000000 -0.973719 -0.227753 -0.000000 0.684389 -0.729117 -0.000000 -1 59
255.453888 263.528168 4.000000 -0.246422 0.969163 0.000000 -0.765918 -0.642938 -0.000000 0.965022 -0.262170 -0.000000 -1 61
593.442627 265.490021 4.000000 -0.184121 0.982904 0.000000 -0.840715 -0.541478 -0.000000 0.920334 -0.391132 -0.000000 -1 62
300.454224 273.449310 4.000000 -0.813092 0.582135 0.000000 -0.214409 -0.976744 -0.000000 0.950850 0.309653 0.000000 -1 64
162.569809 286.435486 4.000000 -0.150553 0.988602 0.000000 -0.745035 -0.667025 0.000000 0.935690 -0.352824 -0.000000 -1 66
86.465714 294.474487 4.000000 0.636617 0.771180 0.000000 -0.999985 0.005542 0.000000 0.161226 -0.986918 -0.000000 -1 68
