521.487976 5.460230 4.000000 -0.691077 0.722781 0.000000 -0.300741 -0.953706 -0.000000 0.984078 0.177739 0.000000 -1 1
270.446777 22.577364 4.000000 0.898226 0.439533 0.000000 -0.759326 0.650711 0.000000 -0.082115 -0.996623 -0.000000 -1 3
214.734695 39.306919 4.000000 -0.850830 0.525442 0.000000 0.057376 -0.998353 -0.000000 0.891320 0.453375 0.000000 -1 7
151.426437 41.572014 4.000000 0.943097 0.332518 0.000000 -0.730671 0.682730 0.000000 -0.274937 -0.961462 -0.000000 -1 8
298.583984 46.578972 4.000000 -0.366904 0.930259 0.000000 -0.501294 -0.865277 -0.000000 0.998492 0.054892 0.000000 -1 9
125.521759 51.463776 4.000000 0.014512 0.999895 0.000000 -0.855280 -0.518166 -0.000000 0.847155 -0.531346 0.000000 -1 10
38.275024 53.705482 4.000000 0.734109 0.679032 0.000000 -0.917471 0.397804 0.000000 0.100185 -0.994969 -0.000000 -1 11
84.585945 60.586117 4.000000 0.419697 0.907664 0.000000 -0.995473 -0.095049 -0.000000 0.689412 -0.724370 -0.000000 -1 13
162.423080 87.553299 4.000000 -0.454822 0.890582 0.000000 -0.628347 -0.777933 -0.000000 0.995916 -0.090282 0.000000 -1 18
494.432220 92.497826 4.000000 0.105856 0.994381 0.000000 -0.951164 -0.308686 -0.000000 0.742253 -0.670120 -0.000000 -1 21
241.471130 94.591148 4.000000 -0.127536 0.991834 0.000000 -0.862966 -0.505261 -0.000000 0.929495 -0.368834 0.000000 -1 22
40.422409 99.544487 4.000000 -0.629918 0.776661 0.000000 -0.417171 -0.908828 -0.000000 0.971778 0.235898 0.000000 -1 23
384.441742 99.523911 4.000000 0.661382 0.750049 0.000000 -0.970087 0.242757 0.000000 0.247042 -0.969005 -0.000000 -1 24
280.698364 108.278770 4.000000 0.416677 0.909055 0.000000 -0.977399 -0.211404 0.000000 0.700178 -0.713968 -0.000000 -1 25
26.476349 115.582588 4.000000 0.236265 0.971689 0.000000 -0.988763 -0.149493 -0.000000 0.669478 -0.742832 -0.000000 -1 27
166.539932 152.446472 4.000000 0.835006 0.550241 0.000000 -0.945125 0.326708 0.000000 0.176076 -0.984377 -0.000000 -1 32
279.487762 166.466766 4.000000 0.768944 0.639316 0.000000 -0.974135 0.225968 -0.000000 0.319963 -0.947430 -0.000000 -1 34
238.424667 170.587921 4.000000 0.381388 0.924415 0.000000 -0.997924 0.064396 0.000000 0.544047 -0.839055 -0.000000 -1 35
112.462448 174.557404 4.000000 0.933202 0.359353 0.000000 -0.748132 0.663550 0.000000 -0.282903 -0.959148 -0.000000 -1 36
190.467743 179.495438 4.000000 0.571814 0.820383 0.000000 -0.995836 0.091164 0.000000 0.409867 -0.912145 -0.000000 -1 38
600.516724 189.567673 4.000000 0.448025 0.894021 0.000000 -0.998304 0.058217 0.000000 0.526701 -0.850051 -0.000000 -1 39
436.492462 195.551575 4.000000 -0.384062 0.923307 0.000000 -0.618749 -0.785589 -0.000000 0.997648 -0.068538 -0.000000 -1 41
51.562485 211.548508 4.000000 -0.446347 0.894860 0.000000 -0.485885 -0.874023 -0.000000 0.999555 0.029841 0.000000 -1 45
129.526230 218.428406 4.000000 -0.486287 0.873799 0.000000 -0.488801 -0.872396 -0.000000 0.994926 -0.100608 0.000000 -1 47
286.555481 220.491379 4.000000 0.788495 0.615041 0.000000 -0.943452 0.331508 0.000000 0.261458 -0.965215 -0.000000 -1 48
249.459564 226.427277 4.000000 0.096360 0.995347 0.000000 -0.900488 -0.434881 -0.000000 0.764214 -0.644963 0.000000 -1 49
56.435268 257.502930 4.000000 0.643061 0.765815 0.000000 -0.979253 0.202640 0.000000 0.243914 -0.969797 -0.000000 -1 53
108.449577 259.452209 4.000000 -0.424602 0.905380 0.000000 -0.605850 -0.795579 -0.000000 0.979118 -0.203295 -0.000000 -1 54
460.484558 259.530243 4.000000 0.330682 0.943742 0.000000 -0.992118 -0.125309 0.000000 0.633331 -0.773881 -0.000000 -1 55
0.430360 260.452759 4.000000 0.481769 0.876298 0.000000 -0.999621 -0.027533 -0.000000 0.422817 -0.906215 0.000000 -1 56
87.261353 284.714294 4.000000 0.691046 0.722811 0.000000 -0.914535 0.404507 -0.000000 0.134046 -0.990975 -0.000000 -1 60
171.519348 298.578461 4.000000 -0.545200 0.838306 0.000000 -0.425125 -0.905135 -0.000000 0.982534 0.186085 0.000000 -1 63
