525.430603 3.478896 4.000000 -0.677784 0.735261 0.000000 -0.405562 -0.914068 -0.000000 0.986995 0.160748 0.000000 -1 3
238.528915 21.422777 4.000000 -0.249324 0.968420 0.000000 -0.744465 -0.667661 -0.000000 0.916855 -0.399222 0.000000 -1 5
42.523548 24.490427 4.000000 -0.626500 0.779422 0.000000 -0.367414 -0.930058 -0.000000 0.993400 0.114706 0.000000 -1 7
150.589020 32.448101 4.000000 -0.690655 0.723185 0.000000 -0.183878 -0.982949 0.000000 0.988210 0.153103 0.000000 -1 10
257.688538 32.723122 4.000000 0.771834 0.635824 0.000000 -0.932277 0.361745 0.000000 0.298750 -0.954331 -0.000000 -1 11
114.549461 44.434280 4.000000 0.648743 0.761007 0.000000 -0.999676 -0.025437 0.000000 0.616808 -0.787114 -0.000000 -1 14
300.593201 44.508160 4.000000 -0.245784 0.969325 0.000000 -0.627950 -0.778253 -0.000000 0.987462 -0.157859 -0.000000 -1 15
236.522232 61.468987 4.000000 0.062654 0.998035 0.000000 -0.878104 -0.478470 -0.000000 0.838844 -0.544371 -0.000000 -1 17
75.464935 63.451553 4.000000 -0.611793 0.791018 0.000000 -0.467001 -0.884257 -0.000000 0.998551 0.053807 0.000000 -1 18
48.583988 86.464600 4.000000 0.395459 0.918484 0.000000 -0.972362 -0.233478 -0.000000 0.698206 -0.715896 -0.000000 -1 21
146.473007 88.559052 4.000000 -0.584909 0.811099 0.000000 -0.418395 -0.908265 -0.000000 0.988363 0.152111 0.000000 -1 22
251.499557 89.484512 4.000000 0.884178 0.467151 0.000000 -0.863825 0.503792 -0.000000 -0.077244 -0.997012 -0.000000 -1 24
5.525393 101.431503 4.000000 -0.536532 0.843880 0.000000 -0.438341 -0.898809 -0.000000 0.998553 -0.053769 0.000000 -1 28
120.497139 108.478935 4.000000 0.192872 0.981224 0.000000 -0.926134 -0.377195 -0.000000 0.746348 -0.665555 0.000000 -1 29
220.489151 115.428856 4.000000 0.873823 0.486245 0.000000 -0.871909 0.489667 0.000000 -0.031506 -0.999504 -0.000000 -1 30
185.593323 116.487869 4.000000 0.705224 0.708985 0.000000 -0.971138 0.238518 0.000000 0.371559 -0.928409 -0.000000 -1 31
270.452545 121.509308 4.000000 -0.212370 0.977189 0.000000 -0.752066 -0.659087 -0.000000 0.957795 -0.287452 -0.000000 -1 33
6.568711 129.497437 4.000000 -0.460627 0.887594 0.000000 -0.437186 -0.899371 -0.000000 0.998856 -0.047810 -0.000000 -1 36
54.581444 140.500641 4.000000 -0.089571 0.995980 0.000000 -0.757172 -0.653215 0.000000 0.942921 -0.333016 -0.000000 -1 37
111.471626 144.542068 4.000000 0.764401 0.644741 0.000000 -0.958008 0.286741 0.000000 0.366240 -0.930520 -0.000000 -1 39
245.297897 153.723251 4.000000 -0.175250 0.984524 0.000000 -0.767653 -0.640865 -0.000000 0.975199 -0.221328 -0.000000 -1 41
192.546402 177.582367 4.000000 -0.245836 0.969311 0.000000 -0.645765 -0.763536 -0.000000 0.988329 -0.152333 0.000000 -1 46
118.516014 184.557602 4.000000 0.939846 0.341600 0.000000 -0.726846 0.686801 0.000000 -0.162651 -0.986684 0.000000 -1 47
431.466400 201.554337 4.000000 -0.275041 0.961433 0.000000 -0.741588 -0.670855 -0.000000 0.974754 -0.223280 -0.000000 -1 49
281.448303 203.483124 4.000000 -0.088384 0.996086 0.000000 -0.833136 -0.553068 -0.000000 0.884563 -0.466421 -0.000000 -1 50
11.490404 211.415817 4.000000 -0.804862 0.593462 0.000000 -0.120167 -0.992754 -0.000000 0.947550 0.319608 -0.000000 -1 51
274.432281 235.413422 4.000000 0.781783 0.623550 0.000000 -0.965869 0.259031 0.000000 0.134078 -0.990971 -0.000000 -1 55
210.543533 239.419968 4.000000 0.368490 0.929632 0.000000 -0.973234 -0.229818 0.000000 0.634771 -0.772700 -0.000000 -1 56
64.511772 258.599670 4.000000 0.078327 0.996928 0.000000 -0.932611 -0.360883 0.000000 0.867345 -0.497707 -0.000000 -1 58
456.513458 259.556122 4.000000 0.341111 0.940023 0.000000 -0.993324 -0.115354 0.000000 0.658924 -0.752210 -0.000000 -1 59
16.415796 261.478973 4.000000 0.904777 0.425885 -0.000000 -0.858949 0.512062 0.000000 -0.204618 -0.978842 0.000000 -1 60
125.454155 282.533722 4.000000 -0.262322 0.964980 0.000000 -0.668240 -0.743946 -0.000000 0.997529 -0.070250 -0.000000 -1 64
199.441177 289.430939 4.000000 -0.556049 0.831149 0.000000 -0.475968 -0.879463 -0.000000 0.999860 -0.016738 0.000000 -1 67
74.495766 293.548676 4.000000 -0.642647 0.766163 0.000000 -0.324728 -0.945807 -0.000000 0.977890 0.209118 0.000000 -1 68
