526.553528 6.523995 4.000000 -0.638286 0.769800 0.000000 -0.266715 -0.963775 -0.000000 0.975667 0.219257 0.000000 -1 1
255.434433 19.478842 4.000000 -0.078875 0.996884 0.000000 -0.868625 -0.495469 -0.000000 0.849498 -0.527591 -0.000000 -1 3
217.509811 31.497864 4.000000 0.153282 0.988182 0.000000 -0.927702 -0.373321 -0.000000 0.762202 -0.647339 -0.000000 -1 7
177.524780 41.623524 4.000000 -0.642557 0.766238 0.000000 -0.608259 -0.793739 -0.000000 0.979483 0.201526 0.000000 -1 8
95.398758 46.232853 4.000000 0.811342 0.584572 0.000000 -0.979551 0.201198 0.000000 0.385107 -0.922872 -0.000000 -1 10
56.295818 52.276798 4.000000 0.513296 0.858212 0.000000 -0.999507 -0.031402 -0.000000 0.457197 -0.889365 -0.000000 -1 12
17.456766 63.530441 4.000000 0.870572 0.492041 0.000000 -0.817257 0.576273 0.000000 -0.181544 -0.983383 -0.000000 -1 14
111.477386 63.532345 4.000000 0.923306 0.384064 0.000000 -0.850033 0.526730 0.000000 -0.454033 -0.890985 -0.000000 -1 15
241.425201 64.448471 4.000000 -0.715939 0.698163 0.000000 -0.349659 -0.936877 -0.000000 0.974645 0.223755 0.000000 -1 16
60.421833 68.537247 4.000000 -0.511897 0.859047 0.000000 -0.588063 -0.808815 0.000000 0.999999 0.001714 -0.000000 -1 17
146.585648 78.443542 4.000000 0.806759 0.590880 0.000000 -0.921300 0.388853 0.000000 0.171322 -0.985215 -0.000000 -1 22
216.440628 87.487015 4.000000 0.129166 0.991623 0.000000 -0.933570 -0.358395 -0.000000 0.792605 -0.609735 -0.000000 -1 24
90.570610 96.517647 4.000000 0.288141 0.957588 0.000000 -0.950715 -0.310066 -0.000000 0.740871 -0.671647 -0.000000 -1 26
280.278351 102.703346 4.000000 0.245391 0.969424 0.000000 -0.984454 -0.175644 0.000000 0.663358 -0.748303 -0.000000 -1 27
179.574890 112.486061 4.000000 -0.200352 0.979724 0.000000 -0.688524 -0.725214 -0.000000 0.962396 -0.271649 -0.000000 -1 29
15.507812 128.487488 4.000000 -0.651461 0.758683 0.000000 -0.374344 -0.927290 -0.000000 0.991854 0.127377 0.000000 -1 30
81.529541 143.416397 4.000000 -0.673008 0.739635 0.000000 -0.275245 -0.961374 -0.000000 0.992168 0.124911 0.000000 -1 33
238.440277 148.510513 4.000000 0.442966 0.896538 0.000000 -0.991255 -0.131964 -0.000000 0.383642 -0.923482 -0.000000 -1 35
287.448212 163.556763 4.000000 -0.488740 0.872430 0.000000 -0.486118 -0.873893 -0.000000 0.997312 0.073272 0.000000 -1 37
110.552315 171.424866 4.000000 0.383058 0.923724 0.000000 -0.957410 -0.288730 -0.000000 0.704967 -0.709240 -0.000000 -1 38
185.531448 174.533188 4.000000 0.319296 0.947655 0.000000 -0.944605 -0.328209 -0.000000 0.768935 -0.639328 -0.000000 -1 41
13.566240 181.476913 4.000000 -0.741834 0.670584 0.000000 -0.104834 -0.994490 -0.000000 0.953305 0.302008 0.000000 -1 43
223.532211 198.413300 4.000000 -0.790009 0.613095 0.000000 -0.300658 -0.953732 -0.000000 0.986052 0.166437 0.000000 -1 44
116.477905 206.430008 4.000000 -0.268215 0.963359 0.000000 -0.664659 -0.747147 -0.000000 0.957961 -0.286900 -0.000000 -1 47
242.514191 212.542313 4.000000 0.440461 0.897772 0.000000 -0.998948 -0.045850 0.000000 0.575493 -0.817807 -0.000000 -1 48
3.489571 233.500092 4.000000 0.367938 0.929850 0.000000 -0.989191 -0.146635 0.000000 0.625856 -0.779939 -0.000000 -1 53
173.403687 241.464478 4.000000 -0.520136 0.854084 0.000000 -0.493202 -0.869915 -0.000000 0.987975 0.154615 0.000000 -1 55
46.533424 253.587814 4.000000 0.042633 0.999091 0.000000 -0.877257 -0.480021 -0.000000 0.915475 -0.402375 -0.000000 -1 59
113.432167 253.471405 4.000000 -0.029351 0.999569 0.000000 -0.872292 -0.488986 0.000000 0.837061 -0.547110 -0.000000 -1 60
208.535553 253.571793 4.000000 0.568085 0.822970 0.000000 -0.994757 0.102265 0.000000 0.493663 -0.869653 -0.000000 -1 61
455.573212 258.476013 4.000000 0.393803 0.919195 0.000000 -0.975112 -0.221714 -0.000000 0.685134 -0.728417 -0.000000 -1 62
255.484070 263.525696 4.000000 -0.218584 0.975818 0.000000 -0.750676 -0.660671 -0.000000 0.968073 -0.250670 -0.000000 -1 64
595.525940 264.553131 4.000000 -0.163942 0.986470 0.000000 -0.840537 -0.541753 -0.000000 0.957374 -0.288852 -0.000000 -1 66
300.417542 273.581421 4.000000 0.917940 0.396720 -0.000000 -0.772353 0.635193 0.000000 -0.252632 -0.967563 -0.000000 -1 67
162.469330 285.595917 4.000000 -0.177177 0.984179 0.000000 -0.841817 -0.539763 -0.000000 0.951708 -0.307006 -0.000000 -1 70
