262.460907 2.553335 4.000000 0.913332 0.407217 0.000000 -0.787355 0.616500 0.000000 -0.224405 -0.974496 -0.000000 -1 3
525.552002 3.495247 4.000000 -0.620600 0.784127 0.000000 -0.292736 -0.956193 -0.000000 0.987284 0.158968 0.000000 -1 4
164.461136 8.572116 4.000000 -0.363827 0.931467 0.000000 -0.646479 -0.762932 -0.000000 0.997634 -0.068748 -0.000000 -1 5
216.430176 18.437590 4.000000 0.797361 0.603502 0.000000 -0.924634 0.380856 0.000000 0.087634 -0.996153 0.000000 -1 6
40.480026 27.566626 4.000000 0.857376 0.514690 0.000000 -0.806125 0.591745 0.000000 -0.049812 -0.998759 -0.000000 -1 9
182.443359 42.564583 4.000000 -0.471487 0.881873 0.000000 -0.510095 -0.860118 0.000000 0.987671 0.156546 0.000000 -1 14
108.491974 47.419998 4.000000 -0.436616 0.899648 0.000000 -0.582764 -0.812641 -0.000000 0.973838 -0.227244 -0.000000 -1 15
11.293985 50.725655 4.000000 0.953587 0.301118 0.000000 -0.696263 0.717786 0.000000 -0.280587 -0.959828 0.000000 -1 16
245.269409 68.330124 4.000000 0.429813 0.902918 0.000000 -0.999838 0.017976 0.000000 0.458222 -0.888838 -0.000000 -1 20
253.464539 85.553848 4.000000 -0.547051 0.837099 0.000000 -0.459425 -0.888217 0.000000 0.996793 0.080017 0.000000 -1 24
143.424393 87.495247 4.000000 0.826295 0.563238 0.000000 -0.904027 0.427475 0.000000 0.007810 -0.999969 -0.000000 -1 25
54.473984 89.575783 4.000000 0.089309 0.996004 0.000000 -0.938492 -0.345301 -0.000000 0.819317 -0.573341 -0.000000 -1 26
94.426537 96.436935 4.000000 0.399570 0.916703 0.000000 -0.978409 -0.206680 0.000000 0.624394 -0.781109 -0.000000 -1 27
189.478943 117.445869 4.000000 0.583489 0.812121 0.000000 -0.999578 0.029060 -0.000000 0.408218 -0.912885 -0.000000 -1 32
267.533081 119.523270 4.000000 0.947681 0.319218 0.000000 -0.739219 0.673465 0.000000 -0.169070 -0.985604 0.000000 -1 33
27.409443 120.552521 4.000000 0.536033 0.844197 0.000000 -0.977421 0.211303 -0.000000 0.350026 -0.936740 0.000000 -1 34
95.560272 124.558990 4.000000 -0.470870 0.882203 0.000000 -0.432012 -0.901868 -0.000000 0.987900 0.155091 0.000000 -1 35
595.525940 130.421478 4.000000 0.897720 0.440566 0.000000 -0.910726 0.413011 0.000000 0.035987 -0.999352 -0.000000 -1 37
83.520424 133.452820 4.000000 0.473946 0.880554 0.000000 -0.994776 -0.102084 -0.000000 0.502050 -0.864838 -0.000000 -1 38
52.491253 138.519211 4.000000 0.083991 0.996466 0.000000 -0.883729 -0.467999 -0.000000 0.832262 -0.554383 -0.000000 -1 39
298.419708 152.473679 4.000000 -0.585898 0.810385 0.000000 -0.509159 -0.860672 -0.000000 0.999656 0.026217 0.000000 -1 45
217.581146 154.530594 4.000000 0.904319 0.426857 -0.000000 -0.818485 0.574528 0.000000 0.030484 -0.999535 -0.000000 -1 46
233.504440 156.537827 4.000000 0.526362 0.850261 0.000000 -0.999300 0.037420 -0.000000 0.487718 -0.873002 -0.000000 -1 48
186.507721 161.470032 4.000000 0.244570 0.969632 0.000000 -0.909908 -0.414810 -0.000000 0.890643 -0.454703 -0.000000 -1 50
127.541519 162.418533 4.000000 -0.824844 0.565360 0.000000 -0.104798 -0.994494 0.000000 0.943079 0.332569 0.000000 -1 52
92.573654 171.435623 4.000000 -0.112194 0.993686 0.000000 -0.712031 -0.702148 0.000000 0.906232 -0.422781 -0.000000 -1 53
271.506744 183.512192 4.000000 0.791692 0.610921 0.000000 -0.940561 0.339626 0.000000 0.319551 -0.947569 -0.000000 -1 56
303.551880 199.531723 4.000000 -0.251109 0.967959 0.000000 -0.649227 -0.760594 -0.000000 0.992613 -0.121324 0.000000 -1 58
250.384201 209.535950 4.000000 -0.136191 0.990683 0.000000 -0.794216 -0.607636 -0.000000 0.825298 -0.564697 -0.000000 -1 61
97.583229 225.468262 4.000000 0.217881 0.975975 0.000000 -0.886553 -0.462627 -0.000000 0.799172 -0.601103 -0.000000 -1 64
174.515762 229.528473 4.000000 -0.604997 0.796228 0.000000 -0.366962 -0.930236 -0.000000 0.987081 0.160221 0.000000 -1 65
212.412491 232.547668 4.000000 0.391741 0.920075 0.000000 -0.999831 0.018365 0.000000 0.491896 -0.870654 -0.000000 -1 66
241.430115 256.508606 4.000000 -0.331262 0.943539 0.000000 -0.723599 -0.690221 -0.000000 0.973006 -0.230782 -0.000000 -1 70
456.458038 259.556702 4.000000 0.288281 0.957546 0.000000 -0.994339 -0.106256 -0.000000 0.640434 -0.768013 -0.000000 -1 71
105.546974 269.455658 4.000000 0.768128 0.640296 0.000000 -0.980149 0.198264 0.000000 0.438190 -0.898882 0.000000 -1 73
166.423706 275.496674 4.000000 0.406259 0.913758 0.000000 -0.995574 -0.093983 0.000000 0.456476 -0.889736 0.000000 -1 74
131.577835 282.491669 4.000000 0.034829 0.999393 0.000000 -0.869998 -0.493055 -0.000000 0.879390 -0.476102 -0.000000 -1 75
599.584473 282.495544 4.000000 0.578530 0.815661 0.000000 -0.999999 -0.001717 -0.000000 0.514330 -0.857592 -0.000000 -1 76
73.478027 293.464813 4.000000 -0.318693 0.947858 0.000000 -0.694777 -0.719225 0.000000 0.964782 -0.263051 -0.000000 -1 78
