225.524567 300.524170 4.000000 -0.380184 0.924911 0.000000 -0.632391 -0.774649 -0.000000 0.990942 -0.134293 0.000000 -1 1
526.442993 3.517282 4.000000 -0.671781 0.740750 0.000000 -0.381770 -0.924257 -0.000000 0.978395 0.206747 0.000000 -1 3
185.486359 8.534172 4.000000 -0.388744 0.921346 0.000000 -0.829806 -0.558052 -0.000000 0.968881 -0.247528 -0.000000 -1 6
62.580723 21.502851 4.000000 0.297295 0.954786 0.000000 -0.938861 -0.344297 -0.000000 0.814160 -0.580640 -0.000000 -1 9
118.695290 23.263941 4.000000 0.124334 0.992240 0.000000 -0.863300 -0.504692 0.000000 0.837826 -0.545937 -0.000000 -1 10
255.464294 23.520092 4.000000 0.121427 0.992600 0.000000 -0.930056 -0.367418 0.000000 0.855797 -0.517312 -0.000000 -1 11
33.502213 24.574345 4.000000 -0.595215 0.803567 0.000000 -0.307713 -0.951479 -0.000000 0.970027 0.242997 0.000000 -1 12
183.489349 45.581482 4.000000 -0.387372 0.921924 0.000000 -0.646361 -0.763032 -0.000000 0.999181 -0.040458 0.000000 -1 17
62.444927 56.456783 4.000000 -0.641427 0.767184 0.000000 -0.387297 -0.921955 0.000000 0.997887 0.064973 -0.000000 -1 20
117.427811 64.474831 4.000000 0.054407 0.998519 0.000000 -0.909663 -0.415348 -0.000000 0.808556 -0.588419 -0.000000 -1 22
23.454109 66.587677 4.000000 -0.015920 0.999873 0.000000 -0.937611 -0.347686 -0.000000 0.844025 -0.536303 -0.000000 -1 23
7.496627 88.508591 4.000000 0.507535 0.861631 -0.000000 -0.994938 0.100489 0.000000 0.454011 -0.890996 -0.000000 -1 27
133.727417 88.720215 4.000000 -0.546416 0.837514 0.000000 -0.336565 -0.941660 -0.000000 0.987576 0.157145 0.000000 -1 28
52.542633 89.509094 4.000000 0.385309 0.922788 0.000000 -0.991787 -0.127898 -0.000000 0.655944 -0.754810 -0.000000 -1 29
203.698975 93.733177 4.000000 -0.432386 0.901689 0.000000 -0.529501 -0.848309 -0.000000 0.999705 0.024295 0.000000 -1 30
21.566893 102.410622 4.000000 -0.429563 0.903037 0.000000 -0.526057 -0.850449 0.000000 0.983858 -0.178950 -0.000000 -1 32
262.268982 114.693153 4.000000 0.882966 0.469437 0.000000 -0.848013 0.529976 0.000000 -0.099297 -0.995058 -0.000000 -1 37
236.556808 121.526695 4.000000 -0.118606 0.992941 0.000000 -0.739834 -0.672789 -0.000000 0.961494 -0.274827 -0.000000 -1 40
99.428612 122.537682 4.000000 0.823638 0.567116 0.000000 -0.870849 0.491551 0.000000 -0.014980 -0.999888 -0.000000 -1 41
595.526733 129.489578 4.000000 0.922152 0.386827 -0.000000 -0.835898 0.548885 0.000000 -0.026729 -0.999643 -0.000000 -1 42
141.470413 137.483490 4.000000 0.672732 0.739886 0.000000 -0.960419 0.278559 0.000000 0.222781 -0.974868 -0.000000 -1 43
155.410263 155.509277 4.000000 -0.237789 0.971317 0.000000 -0.691169 -0.722693 -0.000000 0.894665 -0.446738 -0.000000 -1 46
121.525963 159.438889 4.000000 -0.241008 0.970523 0.000000 -0.710521 -0.703676 -0.000000 0.938902 -0.344184 -0.000000 -1 47
81.436279 201.460831 4.000000 0.887637 0.460544 0.000000 -0.868109 0.496374 0.000000 -0.081766 -0.996652 -0.000000 -1 51
299.419220 203.575485 4.000000 -0.499081 0.866555 0.000000 -0.567757 -0.823196 -0.000000 0.999502 0.031569 0.000000 -1 52
168.481079 217.490936 4.000000 0.450916 0.892567 0.000000 -0.998367 -0.057117 0.000000 0.514804 -0.857308 -0.000000 -1 55
41.727119 229.265625 4.000000 -0.867907 0.496726 0.000000 0.043944 -0.999034 -0.000000 0.917766 0.397121 0.000000 -1 57
211.476288 232.574097 4.000000 0.299648 0.954050 0.000000 -0.991752 -0.128173 -0.000000 0.682527 -0.730861 -0.000000 -1 58
260.550598 232.398026 4.000000 0.878848 0.477102 0.000000 -0.947135 0.320835 0.000000 0.289446 -0.957194 -0.000000 -1 59
151.493622 246.583405 4.000000 0.643219 0.765682 0.000000 -0.965650 0.259847 0.000000 0.280828 -0.959758 -0.000000 -1 62
233.534210 258.492737 4.000000 -0.496412 0.868087 0.000000 -0.486276 -0.873805 -0.000000 0.999781 -0.020916 -0.000000 -1 65
456.439209 259.528381 4.000000 0.275782 0.961220 0.000000 -0.990399 -0.138238 -0.000000 0.627657 -0.778490 -0.000000 -1 66
116.568855 272.504822 4.000000 0.495010 0.868887 0.000000 -0.990267 -0.139180 0.000000 0.460378 -0.887723 -0.000000 -1 67
39.515480 274.445862 4.000000 0.783164 0.621815 0.000000 -0.948589 0.316511 0.000000 0.162019 -0.986788 0.000000 -1 68
165.526596 274.413239 4.000000 0.135420 0.990788 0.000000 -0.888752 -0.458389 -0.000000 0.778913 -0.627133 -0.000000 -1 69
599.408142 278.566345 4.000000 0.199363 0.979926 0.000000 -0.988560 -0.150826 0.000000 0.648401 -0.761299 -0.000000 -1 70
81.417389 299.461609 4.000000 -0.231390 0.972861 0.000000 -0.849367 -0.527802 0.000000 0.880436 -0.474166 0.000000 -1 74
