526.554382 6.426937 4.000000 -0.676789 0.736177 0.000000 -0.229738 -0.973252 0.000000 0.991845 0.127450 0.000000 -1 1
157.460510 12.537220 4.000000 0.798686 0.601748 0.000000 -0.890341 0.455294 0.000000 0.071977 -0.997406 -0.000000 -1 3
252.712845 22.704323 4.000000 0.303668 0.952778 0.000000 -0.982631 -0.185571 -0.000000 0.708431 -0.705780 -0.000000 -1 4
90.404968 28.565689 4.000000 -0.307202 0.951644 0.000000 -0.788202 -0.615417 -0.000000 0.946198 -0.323588 -0.000000 -1 7
218.482239 37.422176 4.000000 -0.453985 0.891009 0.000000 -0.538119 -0.842869 -0.000000 0.987522 -0.157483 -0.000000 -1 8
108.275185 60.671238 4.000000 0.861931 0.507025 0.000000 -0.676402 0.736532 0.000000 -0.175593 -0.984463 -0.000000 -1 12
41.407623 94.522423 4.000000 -0.610685 0.791874 0.000000 -0.397855 -0.917449 -0.000000 0.967489 0.252914 0.000000 -1 15
96.526527 95.561180 4.000000 0.006951 0.999976 0.000000 -0.898662 -0.438641 -0.000000 0.870996 -0.491290 -0.000000 -1 16
273.466553 95.557465 4.000000 0.483342 0.875432 0.000000 -0.999978 -0.006679 0.000000 0.640417 -0.768028 -0.000000 -1 17
178.559769 108.534340 4.000000 -0.362008 0.932175 0.000000 -0.585754 -0.810489 -0.000000 0.998496 -0.054823 0.000000 -1 20
232.569824 114.443176 4.000000 -0.584509 0.811387 0.000000 -0.302706 -0.953084 -0.000000 0.999611 0.027893 0.000000 -1 21
169.523422 134.587875 4.000000 0.716948 0.697126 0.000000 -0.930168 0.367135 0.000000 0.256572 -0.966525 -0.000000 -1 26
212.510864 147.394287 4.000000 -0.518347 0.855170 0.000000 -0.530796 -0.847499 -0.000000 0.996003 -0.089325 0.000000 -1 28
146.509247 150.505325 4.000000 -0.353401 0.935472 0.000000 -0.644874 -0.764289 0.000000 0.983676 -0.179947 -0.000000 -1 29
120.527367 171.522232 4.000000 0.523562 0.851987 0.000000 -0.999995 0.003062 0.000000 0.551743 -0.834014 -0.000000 -1 30
13.579016 185.457642 4.000000 -0.781725 0.623623 0.000000 -0.041248 -0.999149 -0.000000 0.936364 0.351031 0.000000 -1 31
240.430420 214.441620 4.000000 0.789021 0.614366 0.000000 -0.965938 0.258773 0.000000 0.005921 -0.999982 -0.000000 -1 35
150.436081 216.576080 4.000000 0.124607 0.992206 0.000000 -0.978104 -0.208114 -0.000000 0.736481 -0.676458 -0.000000 -1 36
1.476585 233.568588 4.000000 0.268924 0.963161 0.000000 -0.994313 -0.106497 0.000000 0.653515 -0.756914 -0.000000 -1 40
299.464508 236.563660 4.000000 -0.544989 0.838444 0.000000 -0.468313 -0.883562 -0.000000 0.992986 0.118235 -0.000000 -1 41
112.490211 255.523483 4.000000 0.583361 0.812213 0.000000 -0.989035 0.147682 0.000000 0.424072 -0.905628 -0.000000 -1 42
455.577759 258.554230 4.000000 0.386180 0.922423 0.000000 -0.985667 -0.168702 -0.000000 0.711087 -0.703104 -0.000000 -1 43
0.416863 278.509277 4.000000 0.128216 0.991746 0.000000 -0.969695 -0.244320 -0.000000 0.766587 -0.642140 -0.000000 -1 45
302.456970 283.428131 4.000000 -0.419561 0.907727 0.000000 -0.599731 -0.800201 -0.000000 0.978804 -0.204802 0.000000 -1 47
45.417759 290.502625 4.000000 0.781835 0.623486 0.000000 -0.920573 0.390570 0.000000 0.051308 -0.998683 -0.000000 -1 50
256.448029 294.444336 4.000000 -0.661762 0.749714 0.000000 -0.360206 -0.932873 -0.000000 0.998358 0.057276 0.000000 -1 51
