526.531982 5.537570 4.000000 -0.644705 0.764431 0.000000 -0.286815 -0.957986 -0.000000 0.970082 0.242780 0.000000 -1 2
158.421570 15.555021 4.000000 0.685552 0.728024 0.000000 -0.949881 0.312613 0.000000 0.179007 -0.983848 0.000000 -1 6
252.538757 24.457554 4.000000 0.209338 0.977843 0.000000 -0.934871 -0.354989 -0.000000 0.764520 -0.644600 -0.000000 -1 8
97.480087 28.431602 4.000000 -0.418561 0.908189 0.000000 -0.595009 -0.803719 -0.000000 0.987679 -0.156495 -0.000000 -1 10
216.527161 38.452148 4.000000 -0.558881 0.829248 0.000000 -0.388811 -0.921318 -0.000000 0.999998 0.002106 0.000000 -1 11
90.424088 59.453217 4.000000 0.085331 0.996353 0.000000 -0.926161 -0.377128 -0.000000 0.728069 -0.685504 -0.000000 -1 13
44.265678 90.668480 4.000000 0.979949 0.199251 0.000000 -0.644846 0.764313 0.000000 -0.407347 -0.913273 -0.000000 -1 17
181.568344 107.525276 4.000000 -0.268970 0.963149 0.000000 -0.648743 -0.761008 0.000000 0.983138 -0.182864 -0.000000 -1 19
292.549255 125.478912 4.000000 0.468674 0.883371 0.000000 -0.997260 0.073971 0.000000 0.479186 -0.877713 -0.000000 -1 21
97.452988 131.417374 4.000000 0.888145 0.459564 0.000000 -0.885642 0.464370 0.000000 -0.045001 -0.998987 -0.000000 -1 23
33.575417 142.508011 4.000000 -0.130001 0.991514 0.000000 -0.604345 -0.796723 -0.000000 0.900667 -0.434511 -0.000000 -1 24
145.462158 152.560608 4.000000 -0.374456 0.927244 0.000000 -0.668044 -0.744122 -0.000000 0.988487 -0.151305 -0.000000 -1 25
92.242134 166.373901 4.000000 0.423524 0.905885 0.000000 -0.978730 0.205152 -0.000000 0.339519 -0.940599 -0.000000 -1 29
74.498421 171.546341 4.000000 -0.200171 0.979761 0.000000 -0.750785 -0.660547 -0.000000 0.950439 -0.310910 -0.000000 -1 31
118.481804 173.469391 4.000000 0.427022 0.904241 0.000000 -0.998715 -0.050685 0.000000 0.520049 -0.854136 -0.000000 -1 33
12.491794 190.575485 4.000000 -0.636724 0.771092 0.000000 -0.339403 -0.940641 -0.000000 0.965575 0.260123 0.000000 -1 34
182.569763 190.454132 4.000000 0.153898 0.988087 0.000000 -0.901456 -0.432870 -0.000000 0.798047 -0.602596 -0.000000 -1 35
241.503510 190.547867 4.000000 0.079693 0.996819 0.000000 -0.913374 -0.407121 -0.000000 0.846926 -0.531711 -0.000000 -1 36
211.595154 218.487015 4.000000 0.401410 0.915898 0.000000 -0.997461 -0.071218 -0.000000 0.647241 -0.762285 0.000000 -1 40
44.000000 227.468735 4.000000 0.548826 0.835937 0.000000 -0.999931 -0.011760 -0.000000 0.820732 -0.571313 -0.000000 -1 43
600.484070 234.457703 4.000000 0.466354 0.884598 0.000000 -0.996091 -0.088329 -0.000000 0.474801 -0.880093 -0.000000 -1 45
178.509766 234.573898 4.000000 -0.123764 0.992312 0.000000 -0.793153 -0.609023 -0.000000 0.949458 -0.313894 -0.000000 -1 47
297.592102 237.556381 4.000000 -0.495059 0.868859 0.000000 -0.398068 -0.917356 -0.000000 0.995020 0.099672 -0.000000 -1 49
266.448273 246.542908 4.000000 0.106209 0.994344 0.000000 -0.990466 -0.137757 -0.000000 0.699363 -0.714767 -0.000000 -1 50
111.578430 254.523132 4.000000 0.495788 0.868444 0.000000 -0.998751 -0.049965 0.000000 0.601602 -0.798796 -0.000000 -1 52
455.587555 259.426666 4.000000 0.402598 0.915377 0.000000 -0.965516 -0.260343 -0.000000 0.672399 -0.740189 -0.000000 -1 54
42.413048 263.494110 4.000000 0.716148 0.697949 0.000000 -0.965448 0.260596 0.000000 0.159062 -0.987269 -0.000000 -1 55
243.456589 269.496033 4.000000 0.191387 0.981515 0.000000 -0.998039 0.062589 0.000000 0.562408 -0.826860 -0.000000 -1 57
204.486359 272.453735 4.000000 -0.590419 0.807097 0.000000 -0.378639 -0.925545 -0.000000 0.992744 0.120246 0.000000 -1 59
599.585022 275.494507 4.000000 0.342892 0.939375 0.000000 -0.957764 -0.287557 -0.000000 0.737365 -0.675495 -0.000000 -1 60
159.265076 281.272278 4.000000 -0.304528 0.952503 0.000000 -0.673816 -0.738899 -0.000000 0.969864 -0.243648 0.000000 -1 62
52.557903 297.427368 4.000000 -0.449728 0.893166 0.000000 -0.463448 -0.886124 -0.000000 0.994740 -0.102433 -0.000000 -1 64
114.491089 297.562836 4.000000 -0.716845 0.697232 0.000000 -0.443149 -0.896448 -0.000000 0.981984 0.188966 0.000000 -1 65
