527.428467 7.441397 4.000000 -0.719068 0.694939 0.000000 -0.363523 -0.931585 0.000000 0.984032 0.177989 -0.000000 -1 2
229.732407 12.354213 4.000000 -0.493688 0.869639 0.000000 -0.368561 -0.929603 -0.000000 0.987863 0.155330 0.000000 -1 3
212.455246 32.493790 4.000000 0.288471 0.957489 0.000000 -0.985052 -0.172257 -0.000000 0.612370 -0.790571 -0.000000 -1 5
142.462585 35.530148 4.000000 0.940630 0.339432 0.000000 -0.754443 0.656366 0.000000 -0.253534 -0.967326 -0.000000 -1 6
284.551025 54.447212 4.000000 0.005709 0.999984 0.000000 -0.807433 -0.589960 -0.000000 0.901721 -0.432319 -0.000000 -1 9
91.279671 102.287506 4.000000 -0.303007 0.952988 0.000000 -0.739516 -0.673139 -0.000000 0.950437 -0.310916 0.000000 -1 11
181.428009 114.517471 4.000000 0.080238 0.996776 0.000000 -0.936241 -0.351359 0.000000 0.778395 -0.627775 -0.000000 -1 12
117.565620 122.494576 4.000000 0.288815 0.957385 0.000000 -0.958087 -0.286478 -0.000000 0.723526 -0.690297 -0.000000 -1 14
11.415485 123.471077 4.000000 -0.740488 0.672070 0.000000 -0.303015 -0.952986 -0.000000 0.961445 0.274997 0.000000 -1 15
265.512207 139.395966 4.000000 0.892394 0.451258 0.000000 -0.919221 0.393741 0.000000 0.125720 -0.992066 -0.000000 -1 17
166.503036 165.574753 4.000000 0.894604 0.446860 0.000000 -0.702035 0.712143 0.000000 -0.179021 -0.983845 -0.000000 -1 22
14.419763 178.523300 4.000000 -0.598617 0.801036 0.000000 -0.500157 -0.865935 -0.000000 0.998074 0.062029 0.000000 -1 24
217.732590 195.705429 4.000000 0.908337 0.418240 0.000000 -0.785530 0.618823 0.000000 -0.060474 -0.998170 -0.000000 -1 27
191.548264 199.429703 4.000000 -0.143968 0.989582 0.000000 -0.735613 -0.677402 0.000000 0.912595 -0.408865 -0.000000 -1 28
246.418304 208.487793 4.000000 0.366935 0.930247 0.000000 -0.997406 -0.071981 0.000000 0.565988 -0.824414 -0.000000 -1 29
161.414856 221.528778 4.000000 0.238241 0.971206 0.000000 -0.993855 -0.110688 0.000000 0.643464 -0.765476 0.000000 -1 32
0.457809 233.522583 4.000000 0.293049 0.956098 0.000000 -0.986882 -0.161442 -0.000000 0.766919 -0.641744 -0.000000 -1 34
44.284889 247.290344 4.000000 0.458553 0.888667 0.000000 -0.998428 -0.056053 0.000000 0.510616 -0.859809 -0.000000 -1 38
170.555191 248.502411 4.000000 -0.098107 0.995176 0.000000 -0.676692 -0.736266 -0.000000 0.864796 -0.502124 -0.000000 -1 39
208.460281 250.555191 4.000000 0.344500 0.938786 0.000000 -0.996282 -0.086158 0.000000 0.591979 -0.805953 -0.000000 -1 40
130.528610 251.526825 4.000000 -0.503999 0.863705 0.000000 -0.660185 -0.751103 -0.000000 0.989548 -0.144202 0.000000 -1 42
456.431885 258.450073 4.000000 0.280236 0.959931 0.000000 -0.972660 -0.232232 -0.000000 0.609655 -0.792667 -0.000000 -1 43
86.475929 264.606964 4.000000 0.288947 0.957345 0.000000 -0.994504 -0.104703 -0.000000 0.714073 -0.700072 -0.000000 -1 44
299.489471 271.523651 4.000000 -0.502231 0.864733 0.000000 -0.464662 -0.885488 -0.000000 0.996435 0.084368 -0.000000 -1 45
287.730865 292.305969 4.000000 0.099457 0.995042 0.000000 -0.871749 -0.489953 -0.000000 0.844377 -0.535749 -0.000000 -1 50
47.429703 299.533386 4.000000 -0.240615 0.970621 0.000000 -0.751439 -0.659802 0.000000 0.939199 -0.343373 -0.000000 -1 52
