264.444122 0.473632 4.000000 0.937023 0.349268 -0.000000 -0.766213 0.642586 0.000000 -0.230486 -0.973076 -0.000000 -1 1
525.571533 3.521837 4.000000 -0.602267 0.798294 0.000000 -0.282215 -0.959351 0.000000 0.983312 0.181928 0.000000 -1 2
37.524349 27.445410 4.000000 0.922175 0.386774 0.000000 -0.826825 0.562459 0.000000 -0.031375 -0.999508 -0.000000 -1 5
183.419601 45.564701 4.000000 -0.481669 0.876353 0.000000 -0.595029 -0.803704 -0.000000 0.999711 0.024058 -0.000000 -1 8
6.596106 50.472961 4.000000 0.918062 0.396436 0.000000 -0.774981 0.631985 0.000000 0.064168 -0.997939 -0.000000 -1 10
110.427696 53.542995 4.000000 -0.688430 0.725303 0.000000 -0.366296 -0.930498 -0.000000 0.978912 0.204283 0.000000 -1 12
242.464386 69.528000 4.000000 0.508545 0.861036 0.000000 -0.997339 0.072908 0.000000 0.465226 -0.885192 -0.000000 -1 14
253.456055 85.564415 4.000000 -0.450227 0.892914 0.000000 -0.579931 -0.814665 -0.000000 0.999893 -0.014613 -0.000000 -1 18
141.584213 86.488388 4.000000 0.859954 0.510372 0.000000 -0.875645 0.482956 0.000000 0.148211 -0.988956 -0.000000 -1 19
52.486870 89.430824 4.000000 0.250252 0.968181 0.000000 -0.935299 -0.353858 -0.000000 0.690852 -0.722997 -0.000000 -1 21
265.471985 119.495804 4.000000 0.931713 0.363196 0.000000 -0.819925 0.572471 0.000000 -0.165217 -0.986257 -0.000000 -1 25
189.573334 121.553612 4.000000 0.730019 0.683427 0.000000 -0.956562 0.291529 0.000000 0.227147 -0.973860 0.000000 -1 26
26.271961 122.272202 4.000000 0.520135 0.854084 0.000000 -0.999887 0.015065 0.000000 0.408602 -0.912712 -0.000000 -1 27
97.554802 124.490608 4.000000 -0.643092 0.765789 0.000000 -0.273408 -0.961898 -0.000000 0.981292 0.192526 0.000000 -1 28
595.480652 129.441681 4.000000 0.882523 0.470269 0.000000 -0.907327 0.420427 0.000000 -0.000917 -1.000000 -0.000000 -1 29
82.515785 133.561203 4.000000 0.361896 0.932219 0.000000 -0.994208 -0.107469 -0.000000 0.647923 -0.761706 -0.000000 -1 31
186.456329 160.508362 4.000000 0.050272 0.998736 0.000000 -0.917575 -0.397562 -0.000000 0.841637 -0.540044 0.000000 -1 34
125.440605 163.415314 4.000000 -0.744318 0.667825 0.000000 -0.360836 -0.932629 -0.000000 0.980983 0.194095 0.000000 -1 35
236.426102 164.438614 4.000000 0.337502 0.941325 0.000000 -0.979853 -0.199719 0.000000 0.549404 -0.835557 -0.000000 -1 36
76.520065 198.538071 4.000000 0.784093 0.620643 0.000000 -0.982732 0.185035 0.000000 0.497783 -0.867302 -0.000000 -1 40
302.508636 202.460846 4.000000 -0.348347 0.937366 0.000000 -0.593740 -0.804657 -0.000000 0.981199 -0.192997 0.000000 -1 43
250.445206 208.544739 4.000000 -0.139470 0.990226 0.000000 -0.829342 -0.558741 -0.000000 0.896901 -0.442231 -0.000000 -1 44
173.479492 227.413818 4.000000 -0.697531 0.716554 0.000000 -0.289671 -0.957126 0.000000 0.991134 0.132867 0.000000 -1 48
39.493473 233.471207 4.000000 -0.678525 0.734577 0.000000 -0.123020 -0.992404 -0.000000 0.999327 0.036675 0.000000 -1 50
212.287369 233.722885 4.000000 0.373058 0.927808 0.000000 -0.999950 -0.009984 0.000000 0.563570 -0.826069 -0.000000 -1 51
238.416061 255.476685 4.000000 -0.371452 0.928452 0.000000 -0.715453 -0.698661 -0.000000 0.971387 -0.237504 0.000000 -1 55
456.448395 259.557617 4.000000 0.279169 0.960242 0.000000 -0.994267 -0.106924 0.000000 0.638381 -0.769720 -0.000000 -1 56
167.463638 274.538696 4.000000 0.338769 0.940870 0.000000 -0.995292 -0.096922 0.000000 0.580917 -0.813962 -0.000000 -1 58
599.507751 280.504059 4.000000 0.541525 0.840684 0.000000 -0.999836 0.018098 0.000000 0.461357 -0.887214 -0.000000 -1 59
278.555511 284.583771 4.000000 0.106092 0.994356 0.000000 -0.878780 -0.477227 0.000000 0.911321 -0.411697 -0.000000 -1 60
74.446770 295.531708 4.000000 -0.321179 0.947019 0.000000 -0.740451 -0.672110 -0.000000 0.969205 -0.246254 -0.000000 -1 61
