521.510986 5.466052 4.000000 -0.679227 0.733928 0.000000 -0.282472 -0.959276 -0.000000 0.984442 0.175711 0.000000 -1 3
270.578033 21.456043 4.000000 0.900787 0.434262 0.000000 -0.886439 0.462845 0.000000 0.135183 -0.990821 -0.000000 -1 4
213.594269 38.472137 4.000000 0.911040 0.412318 0.000000 -0.821368 0.570399 0.000000 0.035572 -0.999367 -0.000000 -1 7
151.585114 44.516754 4.000000 0.799148 0.601134 0.000000 -0.902915 0.429819 0.000000 0.183420 -0.983035 -0.000000 -1 9
297.735748 47.285591 4.000000 -0.487187 0.873298 0.000000 -0.416810 -0.908994 -0.000000 0.998478 -0.055156 -0.000000 -1 10
39.542995 50.549511 4.000000 0.672322 0.740259 0.000000 -0.847312 0.531096 -0.000000 0.136408 -0.990653 0.000000 -1 12
122.563850 51.484165 4.000000 -0.082160 0.996619 0.000000 -0.752202 -0.658933 -0.000000 0.924019 -0.382347 0.000000 -1 13
86.451889 60.468666 4.000000 0.425927 0.904757 0.000000 -0.996865 -0.079127 -0.000000 0.523835 -0.851820 -0.000000 -1 15
59.483055 67.481354 4.000000 -0.229042 0.973416 0.000000 -0.603472 -0.797384 -0.000000 0.920353 -0.391089 -0.000000 -1 16
8.465754 79.509796 4.000000 0.555253 0.831681 0.000000 -0.998855 0.047842 0.000000 0.340462 -0.940258 -0.000000 -1 17
161.555756 85.588013 4.000000 -0.264007 0.964521 0.000000 -0.659019 -0.752127 0.000000 0.994084 -0.108612 -0.000000 -1 22
493.562927 92.543442 4.000000 0.237415 0.971408 0.000000 -0.947939 -0.318453 -0.000000 0.801185 -0.598417 -0.000000 -1 25
240.573639 93.568062 4.000000 -0.047545 0.998869 0.000000 -0.805863 -0.592102 -0.000000 0.940608 -0.339493 0.000000 -1 27
384.518860 99.440086 4.000000 0.724430 0.689349 0.000000 -0.982566 0.185916 0.000000 0.291531 -0.956561 -0.000000 -1 29
41.513691 100.429779 4.000000 -0.649753 0.760145 0.000000 -0.322216 -0.946666 -0.000000 0.991185 0.132486 0.000000 -1 30
283.529694 110.446846 4.000000 0.316046 0.948744 0.000000 -0.956511 -0.291696 0.000000 0.704758 -0.709448 -0.000000 -1 31
25.591208 115.501747 4.000000 0.315250 0.949009 0.000000 -0.957432 -0.288658 -0.000000 0.736947 -0.675951 -0.000000 -1 32
213.446274 118.525597 4.000000 0.540443 0.841381 0.000000 -0.981059 0.193707 0.000000 0.364479 -0.931212 -0.000000 -1 33
282.539551 166.528503 4.000000 0.679906 0.733300 0.000000 -0.979684 0.200546 0.000000 0.416701 -0.909044 -0.000000 -1 39
238.516586 171.437286 4.000000 0.487127 0.873331 0.000000 -0.998447 -0.055712 -0.000000 0.528373 -0.849013 -0.000000 -1 40
111.456993 174.449463 4.000000 -0.782574 0.622557 0.000000 -0.246814 -0.969063 -0.000000 0.954665 0.297683 0.000000 -1 41
190.463562 178.453415 4.000000 0.512597 0.858629 0.000000 -0.999844 -0.017645 0.000000 0.450507 -0.892773 -0.000000 -1 42
600.483093 189.562561 4.000000 0.429149 0.903234 0.000000 -0.998034 0.062670 0.000000 0.503575 -0.863951 -0.000000 -1 44
436.463593 195.554947 4.000000 -0.405678 0.914016 0.000000 -0.635791 -0.771861 -0.000000 0.997043 -0.076844 -0.000000 -1 46
53.280025 210.267136 4.000000 -0.732620 0.680638 0.000000 -0.342499 -0.939518 -0.000000 0.987186 0.159576 0.000000 -1 49
128.553741 216.559875 4.000000 -0.395688 0.918385 0.000000 -0.538718 -0.842486 -0.000000 0.999994 -0.003406 0.000000 -1 51
248.561005 226.586746 4.000000 0.165312 0.986241 0.000000 -0.936752 -0.349994 -0.000000 0.840734 -0.541448 -0.000000 -1 52
59.474758 255.479675 4.000000 0.727761 0.685831 0.000000 -0.939431 0.342738 0.000000 0.145529 -0.989354 -0.000000 -1 56
460.461670 259.531982 4.000000 0.310914 0.950438 0.000000 -0.993008 -0.118048 -0.000000 0.622513 -0.782610 -0.000000 -1 58
600.557678 260.513336 4.000000 0.523931 0.851761 0.000000 -0.999708 0.024185 0.000000 0.512509 -0.858682 -0.000000 -1 59
107.437935 260.488129 4.000000 -0.376472 0.926428 0.000000 -0.659217 -0.751953 0.000000 0.974616 -0.223883 -0.000000 -1 60
86.549675 288.573120 4.000000 0.621651 0.783294 0.000000 -0.972886 0.231284 0.000000 0.360574 -0.932730 -0.000000 -1 64
170.532715 299.447937 4.000000 -0.631468 0.775402 0.000000 -0.323757 -0.946140 -0.000000 0.993118 0.117122 0.000000 -1 66
