527.469604 7.483840 4.000000 -0.687595 0.726094 -0.000000 -0.331105 -0.943594 -0.000000 0.979871 0.199631 0.000000 -1 2
230.727219 15.312738 4.000000 -0.696445 0.717611 0.000000 -0.200432 -0.979708 0.000000 0.960800 0.277241 0.000000 -1 3
211.540817 33.566456 4.000000 0.391678 0.920102 0.000000 -0.998014 -0.062998 -0.000000 0.601008 -0.799243 -0.000000 -1 8
67.481499 35.535385 4.000000 0.855520 0.517770 0.000000 -0.809056 0.587732 0.000000 -0.058925 -0.998262 0.000000 -1 9
140.734283 38.285477 4.000000 -0.824217 0.566275 0.000000 -0.023865 -0.999715 -0.000000 0.932941 0.360030 0.000000 -1 10
86.485748 44.448090 4.000000 -0.011531 0.999934 0.000000 -0.825910 -0.563801 -0.000000 0.827671 -0.561214 0.000000 -1 11
287.442627 61.574974 4.000000 -0.086445 0.996257 0.000000 -0.832716 -0.553700 -0.000000 0.879951 -0.475065 -0.000000 -1 13
190.571274 76.573647 4.000000 -0.621545 0.783379 0.000000 -0.222373 -0.974962 -0.000000 0.964240 0.265031 0.000000 -1 16
236.539062 90.476074 4.000000 0.211016 0.977483 0.000000 -0.959186 -0.282777 -0.000000 0.739569 -0.673081 -0.000000 -1 18
88.548302 104.533424 4.000000 -0.343756 0.939059 0.000000 -0.605904 -0.795538 -0.000000 0.996287 -0.086090 0.000000 -1 21
181.734055 116.308739 4.000000 0.474992 0.879990 0.000000 -0.996150 -0.087669 -0.000000 0.566346 -0.824167 0.000000 -1 24
10.533394 122.418938 4.000000 -0.739122 0.673572 0.000000 -0.156890 -0.987616 -0.000000 0.971892 0.235428 0.000000 -1 25
118.542557 123.435585 4.000000 0.271254 0.962508 0.000000 -0.943470 -0.331458 -0.000000 0.692292 -0.721617 -0.000000 -1 26
58.587788 131.551132 4.000000 0.569238 0.822173 0.000000 -0.986022 0.166614 0.000000 0.487303 -0.873233 -0.000000 -1 27
266.464081 139.492569 4.000000 0.774167 0.632981 0.000000 -0.946056 0.324003 0.000000 0.175370 -0.984503 -0.000000 -1 28
86.517822 167.539246 4.000000 0.500583 0.865689 0.000000 -0.964456 0.264245 0.000000 0.425709 -0.904860 -0.000000 -1 31
217.527115 195.508499 4.000000 0.852308 0.523039 0.000000 -0.862788 0.505566 0.000000 0.036204 -0.999344 -0.000000 -1 35
193.423248 199.558624 4.000000 -0.165899 0.986143 0.000000 -0.813407 -0.581694 -0.000000 0.929289 -0.369353 -0.000000 -1 36
248.445648 210.556015 4.000000 0.758695 0.651446 0.000000 -0.946513 0.322665 -0.000000 0.171631 -0.985161 -0.000000 -1 39
159.505875 221.520798 4.000000 0.292477 0.956273 0.000000 -0.982780 -0.184780 -0.000000 0.720155 -0.693813 -0.000000 -1 41
256.512024 237.460114 4.000000 0.804326 0.594188 0.000000 -0.967216 0.253955 0.000000 0.279410 -0.960172 0.000000 -1 44
44.268391 239.280075 4.000000 0.882302 0.470684 0.000000 -0.879053 0.476723 0.000000 -0.119219 -0.992868 -0.000000 -1 45
206.582565 251.441620 4.000000 0.366122 0.930567 0.000000 -0.956298 -0.292394 -0.000000 0.674335 -0.738426 -0.000000 -1 47
456.450897 258.448364 4.000000 0.296658 0.954984 0.000000 -0.970576 -0.240795 0.000000 0.617472 -0.786593 -0.000000 -1 50
88.462494 264.476898 4.000000 0.325209 0.945642 0.000000 -0.986518 -0.163651 -0.000000 0.635760 -0.771886 0.000000 -1 51
296.590942 276.474457 4.000000 -0.208682 0.977984 0.000000 -0.645099 -0.764099 -0.000000 0.981420 -0.191871 0.000000 -1 52
204.509338 279.479340 4.000000 -0.255492 0.966811 0.000000 -0.572000 -0.820254 -0.000000 0.999768 0.021527 0.000000 -1 53
47.555916 299.489014 4.000000 -0.269395 0.963030 0.000000 -0.634547 -0.772884 0.000000 0.970178 -0.242392 -0.000000 -1 56
