528.421753 7.587860 4.000000 0.954131 0.299389 -0.000000 -0.674420 0.738348 0.000000 -0.368465 -0.929642 -0.000000 -1 1
194.269241 8.282553 4.000000 -0.016490 0.999864 0.000000 -0.836229 -0.548381 0.000000 0.848482 -0.529224 -0.000000 -1 2
58.494881 10.534229 4.000000 0.883825 0.467818 0.000000 -0.712868 0.701298 0.000000 -0.122125 -0.992515 0.000000 -1 3
75.520180 21.537273 4.000000 -0.144710 0.989474 0.000000 -0.727949 -0.685631 -0.000000 0.981759 -0.190132 -0.000000 -1 7
301.494568 28.560078 4.000000 -0.491945 0.870626 0.000000 -0.516013 -0.856581 -0.000000 0.994349 0.106164 0.000000 -1 10
39.764351 35.315273 4.000000 0.080053 0.996791 0.000000 -0.802452 -0.596717 -0.000000 0.795609 -0.605810 0.000000 -1 12
273.510773 42.475819 4.000000 -0.552707 0.833375 0.000000 -0.430257 -0.902707 -0.000000 0.999333 0.036524 -0.000000 -1 16
247.239166 50.367157 4.000000 -0.243267 0.969959 0.000000 -0.703842 -0.710357 -0.000000 0.892982 -0.450092 0.000000 -1 17
45.586929 76.488068 4.000000 0.073509 0.997295 0.000000 -0.851077 -0.525040 -0.000000 0.801022 -0.598635 -0.000000 -1 20
127.440041 78.460716 4.000000 0.772319 0.635235 0.000000 -0.955386 0.295359 0.000000 0.111267 -0.993791 -0.000000 -1 21
194.536072 78.466965 4.000000 -0.290870 0.956763 0.000000 -0.592350 -0.805681 0.000000 0.968466 -0.249147 -0.000000 -1 23
233.546066 94.488831 4.000000 0.276670 0.960965 0.000000 -0.959923 -0.280263 -0.000000 0.742182 -0.670199 -0.000000 -1 24
169.490646 98.441841 4.000000 0.856382 0.516343 0.000000 -0.901556 0.432662 0.000000 0.071586 -0.997434 -0.000000 -1 26
103.547607 111.522232 4.000000 0.694532 0.719461 0.000000 -0.964738 0.263211 0.000000 0.339542 -0.940591 -0.000000 -1 29
64.411232 112.495018 4.000000 0.820099 0.572222 0.000000 -0.886199 0.463305 0.000000 -0.025895 -0.999665 -0.000000 -1 31
160.314056 114.264389 4.000000 0.685158 0.728395 0.000000 -0.991741 0.128260 -0.000000 0.342659 -0.939460 -0.000000 -1 32
234.493988 118.522400 4.000000 0.904911 0.425601 0.000000 -0.817979 0.575247 0.000000 -0.108125 -0.994137 -0.000000 -1 34
303.556152 118.462097 4.000000 -0.528781 0.848758 0.000000 -0.479032 -0.877797 -0.000000 0.999959 -0.009014 -0.000000 -1 35
275.583771 125.486794 4.000000 0.069264 0.997598 0.000000 -0.832052 -0.554698 0.000000 0.891733 -0.452562 -0.000000 -1 36
85.520134 136.487839 4.000000 0.107647 0.994189 0.000000 -0.900619 -0.434609 -0.000000 0.822841 -0.568271 -0.000000 -1 37
44.595604 145.459045 4.000000 -0.422480 0.906372 0.000000 -0.456103 -0.889927 0.000000 0.989256 -0.146195 -0.000000 -1 40
1.522497 166.525497 4.000000 0.436386 0.899759 0.000000 -0.998816 -0.048640 -0.000000 0.589362 -0.807869 -0.000000 -1 41
201.573578 172.427200 4.000000 -0.359280 0.933230 0.000000 -0.563809 -0.825905 -0.000000 0.985376 -0.170395 -0.000000 -1 42
149.728256 183.703049 4.000000 -0.470358 0.882476 0.000000 -0.456712 -0.889615 -0.000000 0.998539 0.054036 -0.000000 -1 45
251.508545 189.415176 4.000000 0.858353 0.513059 0.000000 -0.933388 0.358868 0.000000 0.065970 -0.997822 -0.000000 -1 46
33.479420 210.537308 4.000000 0.219365 0.975643 0.000000 -0.978563 -0.205947 -0.000000 0.707284 -0.706929 -0.000000 -1 49
116.499985 219.521622 4.000000 0.890781 0.454433 0.000000 -0.807602 0.589729 0.000000 -0.067415 -0.997725 0.000000 -1 50
75.444717 220.575195 4.000000 0.029135 0.999575 0.000000 -0.920689 -0.390296 -0.000000 0.884214 -0.467081 -0.000000 -1 51
227.542633 243.572540 4.000000 0.563383 0.826196 0.000000 -0.990254 0.139271 0.000000 0.472738 -0.881203 -0.000000 -1 59
131.495941 246.518173 4.000000 -0.616333 0.787486 0.000000 -0.423570 -0.905863 -0.000000 0.990873 0.134800 0.000000 -1 62
0.577315 248.538239 4.000000 0.504730 0.863277 0.000000 -0.999844 0.017687 0.000000 0.540555 -0.841309 -0.000000 -1 63
301.557587 249.434158 4.000000 -0.749693 0.661786 0.000000 -0.155182 -0.987886 -0.000000 0.977518 0.210852 0.000000 -1 64
457.426636 257.521027 4.000000 0.237450 0.971400 0.000000 -0.986320 -0.164839 0.000000 0.641007 -0.767535 -0.000000 -1 66
38.534912 286.453247 4.000000 -0.100595 0.994927 0.000000 -0.733038 -0.680187 -0.000000 0.857681 -0.514182 0.000000 -1 69
218.450653 294.560944 4.000000 0.662473 0.749086 0.000000 -0.953442 0.301577 0.000000 0.224811 -0.974402 -0.000000 -1 70
