525.461731 3.482820 4.000000 -0.661079 0.750317 0.000000 -0.374162 -0.927364 0.000000 0.987247 0.159194 0.000000 -1 1
41.494354 23.571535 4.000000 -0.658375 0.752690 0.000000 -0.337148 -0.941452 -0.000000 0.966416 0.256982 0.000000 -1 3
153.556564 32.507702 4.000000 -0.753240 0.657745 0.000000 -0.175573 -0.984466 -0.000000 0.966031 0.258427 0.000000 -1 8
254.692139 33.724701 4.000000 0.790793 0.612083 0.000000 -0.908079 0.418799 0.000000 0.229626 -0.973279 -0.000000 -1 9
116.279854 45.266556 4.000000 0.447592 0.894238 0.000000 -0.990657 -0.136379 0.000000 0.513036 -0.858367 -0.000000 -1 11
234.409775 57.438797 4.000000 0.123150 0.992388 0.000000 -0.915025 -0.403397 -0.000000 0.769929 -0.638129 -0.000000 -1 13
75.535149 61.494072 4.000000 -0.253543 0.967324 0.000000 -0.694022 -0.719954 -0.000000 0.964859 -0.262767 -0.000000 -1 15
51.272648 87.283783 4.000000 0.242381 0.970181 0.000000 -0.956093 -0.293063 -0.000000 0.677673 -0.735363 -0.000000 -1 18
144.574509 89.577072 4.000000 -0.653323 0.757079 0.000000 -0.247994 -0.968762 -0.000000 0.960300 0.278968 0.000000 -1 19
253.568237 90.440048 4.000000 -0.803230 0.595669 0.000000 -0.086511 -0.996251 -0.000000 0.948615 0.316431 0.000000 -1 20
185.551422 116.422264 4.000000 0.632450 0.774601 0.000000 -0.998260 0.058968 0.000000 0.412534 -0.910942 -0.000000 -1 22
270.467621 121.545891 4.000000 -0.300875 0.953664 0.000000 -0.673235 -0.739429 0.000000 0.985916 -0.167240 -0.000000 -1 24
54.475155 139.544571 4.000000 -0.222629 0.974903 0.000000 -0.769326 -0.638857 -0.000000 0.956311 -0.292351 -0.000000 -1 27
120.507111 141.488800 4.000000 0.610369 0.792118 0.000000 -0.995384 0.095975 0.000000 0.513887 -0.857858 -0.000000 -1 28
214.532730 149.516708 4.000000 -0.630857 0.775899 0.000000 -0.296800 -0.954940 -0.000000 0.990997 0.133884 -0.000000 -1 29
170.563446 155.498856 4.000000 0.537853 0.843039 0.000000 -0.997096 0.076156 0.000000 0.508435 -0.861100 -0.000000 -1 31
192.520462 180.504776 4.000000 -0.408946 0.912558 0.000000 -0.566070 -0.824357 -0.000000 0.987932 -0.154890 -0.000000 -1 37
37.269238 183.343643 4.000000 -0.469711 0.882820 0.000000 -0.430906 -0.902397 -0.000000 0.972964 -0.230959 0.000000 -1 38
117.554100 185.554779 4.000000 0.945914 0.324419 0.000000 -0.674545 0.738234 0.000000 -0.184416 -0.982848 0.000000 -1 39
149.553406 187.511963 4.000000 0.169432 0.985542 0.000000 -0.968602 -0.248616 -0.000000 0.765592 -0.643326 -0.000000 -1 40
431.429718 202.510757 4.000000 -0.321666 0.946853 0.000000 -0.747828 -0.663893 0.000000 0.961368 -0.275268 -0.000000 -1 42
11.708958 207.272812 4.000000 -0.809918 0.586543 0.000000 -0.061922 -0.998081 -0.000000 0.937862 0.347009 0.000000 -1 43
275.542267 235.440140 4.000000 0.788754 0.614709 0.000000 -0.956304 0.292375 0.000000 0.254024 -0.967198 -0.000000 -1 49
210.558350 236.581039 4.000000 0.328389 0.944543 0.000000 -0.985704 -0.168486 0.000000 0.728518 -0.685027 -0.000000 -1 50
13.565995 257.446045 4.000000 0.916706 0.399562 0.000000 -0.832514 0.554004 0.000000 -0.022726 -0.999742 -0.000000 -1 51
63.440697 259.522125 4.000000 0.011427 0.999935 0.000000 -0.919103 -0.394017 -0.000000 0.832780 -0.553605 -0.000000 -1 52
456.499268 259.557556 4.000000 0.325539 0.945529 0.000000 -0.993786 -0.111307 0.000000 0.654581 -0.755992 -0.000000 -1 53
128.424347 283.537567 4.000000 -0.270720 0.962658 0.000000 -0.794767 -0.606915 -0.000000 0.956854 -0.290568 -0.000000 -1 58
195.260849 292.297852 4.000000 -0.333414 0.942781 0.000000 -0.683916 -0.729561 -0.000000 0.951914 -0.306367 -0.000000 -1 59
75.429695 293.455017 4.000000 -0.593094 0.805133 0.000000 -0.472399 -0.881385 0.000000 0.999175 0.040614 0.000000 -1 60
