204.487854 2.589059 4.000000 0.676333 0.736596 0.000000 -0.942884 0.333120 -0.000000 0.241050 -0.970513 -0.000000 -1 1
520.525757 5.520721 4.000000 -0.665113 0.746743 0.000000 -0.273051 -0.961999 -0.000000 0.971242 0.238092 0.000000 -1 2
272.474396 26.508339 4.000000 0.695849 0.718188 0.000000 -0.972531 0.232775 0.000000 0.256912 -0.966435 -0.000000 -1 7
95.434204 30.437868 4.000000 -0.677205 0.735795 0.000000 -0.375732 -0.926728 -0.000000 0.991767 0.128053 0.000000 -1 8
297.500732 38.452793 4.000000 -0.458373 0.888760 0.000000 -0.496386 -0.868102 0.000000 0.999999 0.001227 0.000000 -1 10
219.525589 41.600838 4.000000 0.912797 0.408414 0.000000 -0.745098 0.666956 0.000000 -0.149700 -0.988731 -0.000000 -1 13
50.292503 42.732281 4.000000 -0.003706 0.999993 0.000000 -0.905072 -0.425259 -0.000000 0.889156 -0.457605 0.000000 -1 14
119.425316 51.413113 4.000000 0.841836 0.539733 0.000000 -0.939567 0.342366 0.000000 0.025280 -0.999680 -0.000000 -1 16
10.288262 61.726772 4.000000 -0.591368 0.806402 0.000000 -0.500607 -0.865675 0.000000 0.996316 0.085762 0.000000 -1 18
150.509537 62.583706 4.000000 0.634855 0.772631 -0.000000 -0.954866 0.297036 0.000000 0.327985 -0.944683 -0.000000 -1 19
75.471779 81.526665 4.000000 0.602590 0.798051 0.000000 -0.972053 0.234760 0.000000 0.270591 -0.962694 -0.000000 -1 21
163.523773 88.538475 4.000000 -0.192792 0.981240 0.000000 -0.737120 -0.675762 -0.000000 0.968945 -0.247278 0.000000 -1 24
224.460175 90.539658 4.000000 0.904613 0.426233 0.000000 -0.817862 0.575414 0.000000 -0.174503 -0.984657 -0.000000 -1 25
495.503418 91.423424 4.000000 0.180467 0.983581 0.000000 -0.911791 -0.410654 -0.000000 0.732947 -0.680286 -0.000000 -1 26
382.447998 101.480949 4.000000 0.676903 0.736072 0.000000 -0.979891 0.199531 0.000000 0.239185 -0.970974 0.000000 -1 31
108.427979 102.462929 4.000000 0.202783 0.979224 0.000000 -0.981402 -0.191965 0.000000 0.662569 -0.749001 -0.000000 -1 32
193.676071 105.265617 4.000000 0.340842 0.940121 0.000000 -0.936675 -0.350200 -0.000000 0.808467 -0.588542 -0.000000 -1 33
158.509094 108.600067 4.000000 0.774567 0.632492 0.000000 -0.915135 0.403148 0.000000 0.170186 -0.985412 -0.000000 -1 35
6.577876 121.534096 4.000000 -0.669405 0.742897 0.000000 -0.246836 -0.969057 0.000000 0.972258 0.233913 0.000000 -1 37
240.724075 128.283279 4.000000 -0.291055 0.956706 0.000000 -0.588418 -0.808557 -0.000000 0.976631 -0.214923 0.000000 -1 39
1.555378 164.419724 4.000000 0.286803 0.957990 0.000000 -0.950112 -0.311908 0.000000 0.735574 -0.677444 0.000000 -1 44
59.497509 176.537109 4.000000 -0.641759 0.766906 0.000000 -0.315065 -0.949070 0.000000 0.974395 0.224845 0.000000 -1 47
113.543144 177.425476 4.000000 -0.708863 0.705346 0.000000 -0.159927 -0.987129 -0.000000 0.986382 0.164471 0.000000 -1 48
187.280594 180.263519 4.000000 -0.780248 0.625471 0.000000 -0.292036 -0.956407 -0.000000 0.960885 0.276947 0.000000 -1 49
89.455063 181.476730 4.000000 0.201703 0.979447 0.000000 -0.996256 -0.086452 0.000000 0.599890 -0.800083 -0.000000 -1 50
3.699157 191.280609 4.000000 0.554162 0.832409 0.000000 -0.997471 -0.071081 -0.000000 0.456343 -0.889804 -0.000000 -1 52
437.487061 195.554657 4.000000 -0.410572 0.911828 0.000000 -0.601367 -0.798973 -0.000000 0.999052 -0.043532 -0.000000 -1 54
205.559250 212.583893 4.000000 0.024800 0.999692 0.000000 -0.855931 -0.517090 -0.000000 0.921475 -0.388437 -0.000000 -1 57
136.490967 219.422348 4.000000 -0.472172 0.881507 0.000000 -0.507394 -0.861714 -0.000000 0.992758 -0.120133 0.000000 -1 59
26.432547 223.558716 4.000000 0.509935 0.860213 0.000000 -0.992125 0.125251 0.000000 0.381488 -0.924374 -0.000000 -1 60
248.533844 225.462433 4.000000 0.371461 0.928449 0.000000 -0.973335 -0.229387 -0.000000 0.621836 -0.783148 -0.000000 -1 61
57.408749 257.536713 4.000000 0.576539 0.817070 0.000000 -0.984285 0.176587 0.000000 0.309252 -0.950980 -0.000000 -1 67
111.434059 259.484650 4.000000 -0.125870 0.992047 0.000000 -0.788310 -0.615279 -0.000000 0.906190 -0.422870 -0.000000 -1 68
460.575653 259.499969 4.000000 0.423425 0.905931 0.000000 -0.986232 -0.165370 -0.000000 0.670208 -0.742173 -0.000000 -1 69
290.518219 267.525726 4.000000 0.817117 0.576471 0.000000 -0.900517 0.434820 0.000000 0.069819 -0.997560 -0.000000 -1 70
257.414490 272.419647 4.000000 -0.122698 0.992444 0.000000 -0.828215 -0.560410 -0.000000 0.878796 -0.477197 -0.000000 -1 71
24.533817 283.436890 4.000000 -0.307178 0.951652 0.000000 -0.672155 -0.740411 -0.000000 0.959666 -0.281143 0.000000 -1 72
170.580566 297.453888 4.000000 -0.541919 0.840431 0.000000 -0.378325 -0.925673 0.000000 0.999824 0.018759 0.000000 -1 76
