523.521118 4.569792 4.000000 -0.607181 0.794563 0.000000 -0.335532 -0.942029 -0.000000 0.966626 0.256193 -0.000000 -1 1
261.419525 8.468579 4.000000 -0.045519 0.998963 0.000000 -0.889563 -0.456813 0.000000 0.826993 -0.562212 -0.000000 -1 3
267.426697 22.545883 4.000000 0.938632 0.344920 0.000000 -0.788471 0.615072 0.000000 -0.175091 -0.984552 0.000000 -1 5
17.428272 28.419882 4.000000 -0.857516 0.514458 0.000000 -0.253073 -0.967447 -0.000000 0.939136 0.343546 0.000000 -1 6
153.509567 37.458290 4.000000 -0.299700 0.954033 0.000000 -0.656964 -0.753922 -0.000000 0.943760 -0.330631 0.000000 -1 10
301.589722 40.421448 4.000000 -0.444531 0.895764 0.000000 -0.421782 -0.906697 -0.000000 0.992200 -0.124653 -0.000000 -1 13
85.539070 41.595112 4.000000 0.772013 0.635607 0.000000 -0.888922 0.458058 0.000000 0.133006 -0.991115 -0.000000 -1 14
108.579468 49.459648 4.000000 0.030780 0.999526 0.000000 -0.823204 -0.567746 0.000000 0.886977 -0.461814 -0.000000 -1 15
42.457321 51.464355 4.000000 0.410529 0.911847 0.000000 -0.988830 -0.149045 -0.000000 0.575785 -0.817601 -0.000000 -1 16
251.481537 67.519089 4.000000 0.127073 0.991893 0.000000 -0.949139 -0.314857 -0.000000 0.765819 -0.643056 -0.000000 -1 20
152.533508 78.466690 4.000000 -0.135317 0.990802 0.000000 -0.777845 -0.628456 -0.000000 0.901920 -0.431903 -0.000000 -1 21
194.564072 94.492447 4.000000 -0.544095 0.839024 0.000000 -0.392505 -0.919750 -0.000000 0.999563 0.029555 0.000000 -1 22
69.507439 95.414894 4.000000 0.341673 0.939819 0.000000 -0.963707 -0.266961 0.000000 0.633075 -0.774090 -0.000000 -1 23
120.438370 99.522766 4.000000 0.319478 0.947594 0.000000 -0.992582 -0.121577 -0.000000 0.630076 -0.776533 -0.000000 -1 25
490.514191 99.536072 4.000000 0.210547 0.977584 0.000000 -0.962460 -0.271422 -0.000000 0.757066 -0.653338 -0.000000 -1 26
254.425766 122.531876 4.000000 -0.615748 0.787943 0.000000 -0.483010 -0.875615 -0.000000 0.989858 0.142063 0.000000 -1 29
204.449768 132.546036 4.000000 0.776773 0.629781 0.000000 -0.870052 0.492960 0.000000 0.003919 -0.999992 -0.000000 -1 32
43.583088 135.489777 4.000000 0.389097 0.921197 0.000000 -0.976235 -0.216716 -0.000000 0.659787 -0.751453 0.000000 -1 33
299.525238 139.565689 4.000000 -0.674480 0.738293 0.000000 -0.260788 -0.965396 -0.000000 0.960875 0.276983 0.000000 -1 35
176.438904 142.474869 4.000000 -0.514956 0.857217 0.000000 -0.415105 -0.909773 -0.000000 0.995181 -0.098055 -0.000000 -1 37
235.446060 146.575241 4.000000 0.841719 0.539916 0.000000 -0.816280 0.577657 0.000000 -0.058091 -0.998311 -0.000000 -1 38
88.441460 162.456528 4.000000 -0.317091 0.948395 0.000000 -0.757035 -0.653374 -0.000000 0.945641 -0.325213 -0.000000 -1 42
159.267929 171.691177 4.000000 -0.029860 0.999554 0.000000 -0.906763 -0.421641 -0.000000 0.840064 -0.542487 -0.000000 -1 44
114.437889 184.549362 4.000000 0.957284 0.289151 0.000000 -0.726085 0.687605 0.000000 -0.255711 -0.966753 -0.000000 -1 45
432.581787 197.546295 4.000000 -0.221145 0.975241 0.000000 -0.646686 -0.762756 -0.000000 0.990805 -0.135301 -0.000000 -1 47
158.566299 213.481659 4.000000 0.415911 0.909405 0.000000 -0.977336 -0.211695 -0.000000 0.638017 -0.770022 -0.000000 -1 50
259.503357 215.486572 4.000000 0.231206 0.972905 0.000000 -0.951927 -0.306325 -0.000000 0.747787 -0.663939 -0.000000 -1 52
105.279373 227.311157 4.000000 0.041985 0.999118 0.000000 -0.925913 -0.377736 -0.000000 0.788906 -0.614514 0.000000 -1 54
45.539680 233.565094 4.000000 0.951063 0.308997 -0.000000 -0.689624 0.724168 0.000000 -0.224700 -0.974428 -0.000000 -1 55
181.267746 238.702377 4.000000 0.919462 0.393178 0.000000 -0.752373 0.658737 0.000000 -0.257691 -0.966227 -0.000000 -1 58
457.541260 260.434845 4.000000 0.399081 0.916916 0.000000 -0.974728 -0.223397 -0.000000 0.622757 -0.782416 -0.000000 -1 62
198.578476 263.581024 4.000000 -0.025740 0.999669 0.000000 -0.805221 -0.592974 0.000000 0.938805 -0.344449 -0.000000 -1 63
57.502197 281.552368 4.000000 0.872956 0.487799 0.000000 -0.827760 0.561082 0.000000 -0.067469 -0.997721 -0.000000 -1 66
37.412796 285.574554 4.000000 -0.446569 0.894749 0.000000 -0.645572 -0.763700 -0.000000 0.996376 -0.085060 -0.000000 -1 68
160.463181 291.437836 4.000000 -0.299772 0.954011 -0.000000 -0.654962 -0.755662 -0.000000 0.935548 -0.353199 -0.000000 -1 70
111.566223 296.545563 4.000000 -0.015713 0.999877 0.000000 -0.799594 -0.600541 0.000000 0.881444 -0.472288 -0.000000 -1 71
