521.545959 5.484093 4.000000 -0.656185 0.754600 0.000000 -0.260849 -0.965380 -0.000000 0.983380 0.181561 0.000000 -1 1
190.468262 13.469289 4.000000 0.183434 0.983032 0.000000 -0.921265 -0.388935 0.000000 0.691925 -0.721970 -0.000000 -1 5
272.433289 19.482529 4.000000 0.897744 0.440517 0.000000 -0.853545 0.521019 0.000000 -0.111768 -0.993734 -0.000000 -1 7
210.414581 34.427258 4.000000 -0.700824 0.713334 0.000000 -0.347482 -0.937687 0.000000 0.972082 0.234643 0.000000 -1 8
178.260147 46.322170 4.000000 0.827162 0.561963 0.000000 -0.865764 0.500452 0.000000 -0.009711 -0.999953 -0.000000 -1 12
297.472565 46.511417 4.000000 -0.582275 0.812992 0.000000 -0.457545 -0.889187 -0.000000 0.997493 0.070769 0.000000 -1 14
152.588745 48.455929 4.000000 0.608080 0.793876 0.000000 -0.994844 0.101416 0.000000 0.456931 -0.889502 -0.000000 -1 15
116.723656 49.703197 4.000000 -0.385478 0.922717 0.000000 -0.528124 -0.849167 0.000000 0.999329 -0.036626 0.000000 -1 16
59.426064 61.450256 4.000000 -0.575573 0.817750 0.000000 -0.485394 -0.874296 0.000000 0.999208 -0.039790 -0.000000 -1 17
88.580673 62.434071 4.000000 0.534718 0.845031 0.000000 -0.998524 -0.054318 -0.000000 0.542046 -0.840349 -0.000000 -1 18
197.288483 69.710495 4.000000 0.120119 0.992759 0.000000 -0.937280 -0.348576 -0.000000 0.776965 -0.629544 0.000000 -1 20
6.535807 76.497604 4.000000 0.635418 0.772168 0.000000 -0.991706 0.128526 0.000000 0.393543 -0.919306 -0.000000 -1 21
159.410767 90.465355 4.000000 -0.343652 0.939097 0.000000 -0.676307 -0.736620 0.000000 0.947332 -0.320254 -0.000000 -1 25
239.699615 90.274017 4.000000 -0.007969 0.999968 0.000000 -0.831686 -0.555246 -0.000000 0.845339 -0.534230 -0.000000 -1 26
493.493042 93.455986 4.000000 0.179769 0.983709 0.000000 -0.930234 -0.366968 -0.000000 0.740231 -0.672353 -0.000000 -1 28
385.567413 97.507523 4.000000 0.731828 0.681490 0.000000 -0.964304 0.264797 0.000000 0.375514 -0.926817 -0.000000 -1 30
42.495338 99.433479 4.000000 -0.627173 0.778880 0.000000 -0.389266 -0.921125 -0.000000 0.995435 0.095443 0.000000 -1 31
120.574837 111.492584 4.000000 -0.354592 0.935021 0.000000 -0.540234 -0.841515 -0.000000 0.998673 -0.051502 -0.000000 -1 36
218.587784 113.487328 4.000000 0.483430 0.875383 0.000000 -0.996302 0.085917 0.000000 0.557207 -0.830373 -0.000000 -1 37
284.605621 117.486229 4.000000 0.023788 0.999717 0.000000 -0.769513 -0.638631 -0.000000 0.895246 -0.445572 0.000000 -1 39
176.533646 136.439636 4.000000 -0.717114 0.696956 0.000000 -0.194358 -0.980931 -0.000000 0.968882 0.247522 0.000000 -1 43
55.543949 153.533417 4.000000 -0.637426 0.770511 0.000000 -0.371295 -0.928515 -0.000000 0.982447 0.186543 0.000000 -1 44
286.503082 168.460022 4.000000 0.571065 0.820904 0.000000 -0.999482 0.032168 0.000000 0.439757 -0.898117 -0.000000 -1 45
238.277161 171.280853 4.000000 0.528726 0.848792 0.000000 -0.999904 0.013886 0.000000 0.399763 -0.916619 -0.000000 -1 47
109.596657 172.497940 4.000000 -0.702128 0.712051 0.000000 -0.160409 -0.987051 -0.000000 0.963017 0.269442 0.000000 -1 48
189.538803 174.535858 4.000000 0.404079 0.914724 0.000000 -0.992298 -0.123870 0.000000 0.631017 -0.775769 -0.000000 -1 49
600.475220 190.432861 4.000000 0.469317 0.883030 0.000000 -0.995770 -0.091876 -0.000000 0.455521 -0.890225 -0.000000 -1 54
435.577606 195.575500 4.000000 -0.290353 0.956920 0.000000 -0.597560 -0.801824 -0.000000 0.999130 -0.041702 0.000000 -1 55
53.506847 204.521912 4.000000 0.750183 0.661230 0.000000 -0.951104 0.308870 0.000000 0.221154 -0.975239 -0.000000 -1 57
222.467575 211.549316 4.000000 0.581636 0.813449 0.000000 -0.951710 0.306998 0.000000 0.332787 -0.943002 -0.000000 -1 58
125.575874 212.463745 4.000000 -0.314669 0.949201 0.000000 -0.550242 -0.835005 -0.000000 0.982996 -0.183629 -0.000000 -1 59
177.590637 228.521988 4.000000 0.788202 0.615416 0.000000 -0.890278 0.455418 0.000000 0.189690 -0.981844 -0.000000 -1 65
247.418381 231.428497 4.000000 0.232985 0.972480 0.000000 -0.950165 -0.311747 -0.000000 0.619249 -0.785195 -0.000000 -1 67
459.578491 259.551849 4.000000 0.417894 0.908496 0.000000 -0.991561 -0.129642 -0.000000 0.683745 -0.729721 -0.000000 -1 71
600.428650 261.513611 4.000000 0.435396 0.900239 0.000000 -0.999952 0.009797 0.000000 0.449587 -0.893237 -0.000000 -1 72
208.412460 263.474274 4.000000 0.567266 0.823535 0.000000 -0.988106 0.153773 0.000000 0.312719 -0.949846 -0.000000 -1 73
105.529678 264.481842 4.000000 -0.265758 0.964040 0.000000 -0.663763 -0.747943 -0.000000 0.969203 -0.246265 -0.000000 -1 74
80.545731 291.555634 4.000000 0.276494 0.961016 0.000000 -0.970929 -0.239369 -0.000000 0.704707 -0.709499 -0.000000 -1 77
168.436646 297.578613 4.000000 0.901283 0.433230 0.000000 -0.760010 0.649912 0.000000 -0.209864 -0.977731 -0.000000 -1 78
