528.468628 8.527678 4.000000 -0.682830 0.730577 0.000000 -0.327257 -0.944935 0.000000 0.967738 0.251959 0.000000 -1 1
161.469681 41.509617 4.000000 -0.632661 0.774429 0.000000 -0.386368 -0.922345 -0.000000 0.991486 0.130213 0.000000 -1 6
245.452530 42.428547 4.000000 -0.300344 0.953831 0.000000 -0.648624 -0.761109 0.000000 0.976122 -0.217224 -0.000000 -1 7
278.563751 42.550846 4.000000 0.875699 0.482858 0.000000 -0.843941 0.536436 0.000000 0.028042 -0.999607 -0.000000 -1 8
254.522476 73.534370 4.000000 0.858383 0.513009 0.000000 -0.866400 0.499351 0.000000 -0.032987 -0.999456 -0.000000 -1 11
96.437149 76.556755 4.000000 0.947655 0.319295 0.000000 -0.727941 0.685640 0.000000 -0.303825 -0.952728 0.000000 -1 12
127.493759 82.491600 4.000000 0.544096 0.839023 0.000000 -0.994968 0.100196 0.000000 0.407262 -0.913312 -0.000000 -1 13
298.540344 82.490265 4.000000 -0.410999 0.911636 0.000000 -0.530145 -0.847907 -0.000000 0.999642 -0.026742 0.000000 -1 14
163.518692 99.567093 4.000000 0.801788 0.597609 0.000000 -0.876428 0.481533 0.000000 0.124725 -0.992191 -0.000000 -1 19
101.489365 111.542816 4.000000 -0.415743 0.909482 0.000000 -0.613001 -0.790082 -0.000000 0.999677 -0.025418 0.000000 -1 21
60.561848 114.550201 4.000000 -0.455315 0.890330 0.000000 -0.498213 -0.867055 -0.000000 0.998046 0.062481 0.000000 -1 22
599.595032 114.471031 4.000000 0.565078 0.825038 0.000000 -0.999751 -0.022328 0.000000 0.509724 -0.860338 -0.000000 -1 23
197.579880 119.501480 4.000000 -0.197142 0.980375 0.000000 -0.730473 -0.682941 -0.000000 0.964453 -0.264254 -0.000000 -1 24
238.281754 120.282127 4.000000 0.817990 0.575232 0.000000 -0.930576 0.366099 0.000000 0.042153 -0.999111 -0.000000 -1 25
280.481873 125.499657 4.000000 0.208734 0.977973 0.000000 -0.958458 -0.285234 -0.000000 0.726308 -0.687370 -0.000000 -1 27
142.461243 143.527115 4.000000 0.023246 0.999730 0.000000 -0.936571 -0.350477 -0.000000 0.805812 -0.592171 -0.000000 -1 29
252.491531 146.456284 4.000000 0.020535 0.999789 0.000000 -0.845116 -0.534584 -0.000000 0.829079 -0.559131 0.000000 -1 31
92.623077 160.000000 4.000000 -0.065729 0.997838 0.000000 -0.606741 -0.794899 -0.000000 0.739695 -0.672942 0.000000 -1 35
0.481785 165.451370 4.000000 0.448719 0.893673 0.000000 -0.995522 -0.094534 -0.000000 0.532813 -0.846233 -0.000000 -1 37
209.423798 169.561493 4.000000 -0.293623 0.955921 0.000000 -0.800901 -0.598796 0.000000 0.943876 -0.330300 -0.000000 -1 38
292.592957 184.536682 4.000000 0.199543 0.979889 0.000000 -0.896332 -0.443384 -0.000000 0.749800 -0.661664 -0.000000 -1 41
148.474213 186.574066 4.000000 -0.426060 0.904695 0.000000 -0.639682 -0.768640 -0.000000 0.998292 -0.058428 -0.000000 -1 42
238.568024 211.518524 4.000000 -0.097465 0.995239 0.000000 -0.787853 -0.615864 -0.000000 0.940798 -0.338968 -0.000000 -1 45
114.421638 220.465637 4.000000 -0.765759 0.643127 0.000000 -0.262607 -0.964903 -0.000000 0.949856 0.312686 0.000000 -1 48
97.496902 247.429184 4.000000 0.093497 0.995620 0.000000 -0.864614 -0.502436 -0.000000 0.751679 -0.659529 -0.000000 -1 51
0.506760 249.500793 4.000000 0.455675 0.890146 0.000000 -0.999551 -0.029967 -0.000000 0.518978 -0.854788 -0.000000 -1 53
173.492004 251.500488 4.000000 0.842260 0.539071 0.000000 -0.578782 0.815482 0.000000 -0.104692 -0.994505 -0.000000 -1 54
196.585556 253.548325 4.000000 0.338937 0.940809 0.000000 -0.963702 -0.266979 -0.000000 0.746416 -0.665479 -0.000000 -1 56
457.459167 257.488831 4.000000 0.281850 0.959458 0.000000 -0.978969 -0.204009 0.000000 0.643134 -0.765754 -0.000000 -1 57
86.442886 283.423920 4.000000 -0.651449 0.758692 0.000000 -0.352914 -0.935656 0.000000 0.995891 0.090561 0.000000 -1 61
111.515190 292.552856 4.000000 0.378588 0.925565 0.000000 -0.994372 -0.105949 -0.000000 0.625952 -0.779861 0.000000 -1 64
168.408066 293.588623 4.000000 0.272365 0.962194 0.000000 -1.000000 -0.000369 0.000000 0.595020 -0.803711 -0.000000 -1 65
214.452835 293.550751 4.000000 0.579928 0.814667 0.000000 -0.980766 0.195186 0.000000 0.349498 -0.936937 -0.000000 -1 66
