225.426941 300.432465 4.000000 -0.696048 0.717995 0.000000 -0.410410 -0.911901 -0.000000 0.983123 0.182944 -0.000000 -1 1
522.572327 5.484250 4.000000 -0.629015 0.777393 0.000000 -0.251456 -0.967869 -0.000000 0.987636 0.156765 0.000000 -1 2
91.586021 6.448832 4.000000 -0.687156 0.726510 0.000000 -0.192506 -0.981296 -0.000000 0.978221 0.207566 0.000000 -1 4
273.508545 26.514215 4.000000 0.876264 0.481832 0.000000 -0.869313 0.494262 0.000000 -0.050542 -0.998722 -0.000000 -1 8
212.523849 36.560329 4.000000 0.417612 0.908625 0.000000 -0.998129 -0.061149 0.000000 0.567885 -0.823108 -0.000000 -1 11
300.455872 39.539085 4.000000 -0.447155 0.894456 0.000000 -0.587186 -0.809452 -0.000000 0.999016 -0.044342 -0.000000 -1 12
44.391235 46.502388 4.000000 0.785262 0.619164 0.000000 -0.887803 0.460223 0.000000 -0.053195 -0.998584 -0.000000 -1 14
114.493256 49.584709 4.000000 -0.287647 0.957737 0.000000 -0.691533 -0.722345 -0.000000 0.990112 -0.140281 -0.000000 -1 16
228.457550 60.524166 4.000000 -0.706595 0.707619 0.000000 -0.446502 -0.894783 -0.000000 0.985007 0.172516 0.000000 -1 17
278.454529 68.512901 4.000000 0.857878 0.513854 0.000000 -0.826511 0.562921 0.000000 -0.041990 -0.999118 -0.000000 -1 20
148.487473 79.554260 4.000000 -0.319094 0.947723 0.000000 -0.671987 -0.740563 -0.000000 0.990041 -0.140776 0.000000 -1 22
49.550247 91.537949 4.000000 -0.549698 0.835364 0.000000 -0.404250 -0.914648 -0.000000 0.995036 0.099516 0.000000 -1 24
197.577393 96.451790 4.000000 -0.761167 0.648556 0.000000 -0.080877 -0.996724 -0.000000 0.943353 0.331792 0.000000 -1 26
491.449738 97.552437 4.000000 0.140536 0.990076 0.000000 -0.969257 -0.246052 0.000000 0.748979 -0.662594 -0.000000 -1 27
118.468735 100.493652 4.000000 0.373966 0.927442 0.000000 -0.997391 -0.072185 -0.000000 0.561102 -0.827746 -0.000000 -1 28
234.599792 110.470802 4.000000 0.931347 0.364133 0.000000 -0.667980 0.744179 0.000000 -0.106926 -0.994267 0.000000 -1 29
255.444397 118.442024 4.000000 -0.063879 0.997958 0.000000 -0.835903 -0.548877 -0.000000 0.858692 -0.512491 -0.000000 -1 32
170.563553 132.526840 4.000000 -0.297855 0.954611 0.000000 -0.472779 -0.881181 0.000000 0.986363 0.164585 0.000000 -1 35
47.465256 138.472183 4.000000 -0.042893 0.999080 0.000000 -0.860560 -0.509349 0.000000 0.866467 -0.499234 -0.000000 -1 37
301.470612 143.571823 4.000000 -0.409825 0.912164 0.000000 -0.586038 -0.810284 0.000000 0.999969 0.007934 0.000000 -1 38
93.558640 158.405121 4.000000 0.921639 0.388047 0.000000 -0.854795 0.518966 0.000000 0.018240 -0.999834 -0.000000 -1 40
61.479427 170.448090 4.000000 0.774898 0.632086 0.000000 -0.915527 0.402255 0.000000 0.115575 -0.993299 0.000000 -1 43
433.534576 197.423859 4.000000 -0.333500 0.942750 0.000000 -0.596284 -0.802773 -0.000000 0.964172 -0.265279 -0.000000 -1 46
155.504700 208.457123 4.000000 0.200084 0.979779 0.000000 -0.916061 -0.401040 -0.000000 0.757623 -0.652693 -0.000000 -1 47
261.466431 214.449936 4.000000 0.290077 0.957003 0.000000 -0.979105 -0.203355 0.000000 0.629992 -0.776602 -0.000000 -1 49
294.582245 216.508575 4.000000 0.482221 0.876049 0.000000 -0.943876 0.330301 0.000000 0.474504 -0.880253 -0.000000 -1 50
6.443870 220.565018 4.000000 0.948397 0.317086 0.000000 -0.742501 0.669845 0.000000 -0.227706 -0.973730 0.000000 -1 52
78.449120 223.464417 4.000000 -0.123503 0.992344 -0.000000 -0.788667 -0.614820 0.000000 0.942589 -0.333955 -0.000000 -1 53
178.579224 235.579422 4.000000 0.844053 0.536260 0.000000 -0.841266 0.540622 0.000000 0.048951 -0.998801 -0.000000 -1 56
258.466766 257.507996 4.000000 -0.381510 0.924365 0.000000 -0.634310 -0.773079 -0.000000 0.991221 -0.132215 0.000000 -1 62
458.451202 260.421692 4.000000 0.347070 0.937839 0.000000 -0.970923 -0.239391 0.000000 0.566052 -0.824370 -0.000000 -1 64
200.478363 270.585114 4.000000 -0.162860 0.986649 0.000000 -0.796914 -0.604093 -0.000000 0.964611 -0.263676 0.000000 -1 65
53.559643 284.541077 4.000000 0.715345 0.698771 0.000000 -0.960545 0.278123 0.000000 0.281432 -0.959581 -0.000000 -1 67
33.590485 285.493286 4.000000 -0.444334 0.895861 -0.000000 -0.442088 -0.896972 -0.000000 0.999973 -0.007342 0.000000 -1 68
