85.439407 5.532343 4.000000 -0.605273 0.796018 0.000000 -0.357739 -0.933822 0.000000 0.998676 0.051436 0.000000 -1 2
521.563049 5.503527 4.000000 -0.639142 0.769089 0.000000 -0.252402 -0.967622 -0.000000 0.981326 0.192353 0.000000 -1 3
52.512077 14.491576 4.000000 0.572006 0.820249 0.000000 -0.999995 0.003140 -0.000000 0.557865 -0.829932 -0.000000 -1 5
189.505829 14.443208 4.000000 0.266385 0.963867 0.000000 -0.945386 -0.325953 0.000000 0.677100 -0.735891 -0.000000 -1 6
272.451874 17.500879 4.000000 0.911362 0.411607 0.000000 -0.817550 0.575858 0.000000 -0.143349 -0.989672 -0.000000 -1 7
179.523102 45.445854 4.000000 0.765089 0.643924 0.000000 -0.953415 0.301662 0.000000 0.199006 -0.979998 -0.000000 -1 13
297.523590 46.465012 4.000000 -0.586142 0.810208 0.000000 -0.398192 -0.917302 -0.000000 0.999193 0.040157 0.000000 -1 14
116.465988 48.499882 4.000000 -0.616455 0.787390 0.000000 -0.439856 -0.898068 0.000000 0.996022 0.089110 0.000000 -1 15
151.270294 52.298054 4.000000 0.360015 0.932947 0.000000 -0.991841 -0.127482 0.000000 0.560704 -0.828016 -0.000000 -1 17
264.495697 54.511814 4.000000 0.242917 0.970047 0.000000 -0.985263 0.171044 -0.000000 0.552122 -0.833763 -0.000000 -1 18
60.426559 59.573551 4.000000 -0.695020 0.718990 0.000000 -0.355347 -0.934734 -0.000000 0.967241 0.253861 0.000000 -1 20
86.558189 65.566490 4.000000 0.453639 0.891185 0.000000 -0.999838 -0.017975 0.000000 0.604590 -0.796537 -0.000000 -1 21
5.455914 75.550232 4.000000 0.608741 0.793369 0.000000 -0.980778 0.195129 0.000000 0.333442 -0.942771 -0.000000 -1 23
240.529251 87.498062 4.000000 0.187666 0.982233 0.000000 -0.934072 -0.357085 0.000000 0.746102 -0.665831 -0.000000 -1 26
493.443817 93.524239 4.000000 0.122528 0.992465 0.000000 -0.958585 -0.284806 -0.000000 0.749736 -0.661737 -0.000000 -1 27
42.528408 98.444847 4.000000 -0.536936 0.843623 0.000000 -0.469002 -0.883197 -0.000000 0.999865 -0.016411 -0.000000 -1 29
124.274841 109.704041 4.000000 0.981332 0.192321 -0.000000 -0.590521 0.807023 0.000000 -0.429832 -0.902909 -0.000000 -1 30
178.407410 142.476562 4.000000 0.832202 0.554473 0.000000 -0.896649 0.442743 0.000000 -0.049070 -0.998795 0.000000 -1 35
115.588463 143.541336 4.000000 0.495297 0.868724 0.000000 -0.998251 -0.059116 -0.000000 0.574104 -0.818782 -0.000000 -1 37
56.434296 151.563354 4.000000 -0.532179 0.846632 0.000000 -0.521894 -0.853011 0.000000 0.999277 0.038028 0.000000 -1 40
14.446324 157.584030 4.000000 -0.731359 0.681993 0.000000 -0.451056 -0.892496 -0.000000 0.977720 0.209912 0.000000 -1 41
236.578064 167.466919 4.000000 0.520725 0.853724 0.000000 -0.992733 0.120337 0.000000 0.477570 -0.878594 -0.000000 -1 43
289.490265 170.483414 4.000000 0.508761 0.860908 0.000000 -1.000000 -0.000402 0.000000 0.468861 -0.883272 -0.000000 -1 45
190.557983 172.532211 4.000000 0.350560 0.936540 0.000000 -0.975738 -0.218940 -0.000000 0.714934 -0.699192 -0.000000 -1 46
111.554604 173.415222 4.000000 -0.797928 0.602753 0.000000 -0.194458 -0.980911 0.000000 0.964582 0.263784 0.000000 -1 48
600.406677 190.533844 4.000000 0.369667 0.929164 0.000000 -0.999999 -0.001153 -0.000000 0.482739 -0.875764 -0.000000 -1 49
435.524536 195.575592 4.000000 -0.322621 0.946528 0.000000 -0.628227 -0.778030 -0.000000 0.998688 -0.051200 0.000000 -1 50
51.589832 204.557037 4.000000 0.659189 0.751977 0.000000 -0.985393 0.170294 0.000000 0.430555 -0.902564 -0.000000 -1 53
126.472298 207.520172 4.000000 -0.237854 0.971301 0.000000 -0.697640 -0.716449 -0.000000 0.949806 -0.312839 -0.000000 -1 57
177.562286 228.583252 4.000000 0.757412 0.652938 0.000000 -0.877534 0.479515 0.000000 0.169014 -0.985614 -0.000000 -1 60
459.538055 259.566284 4.000000 0.366419 0.930450 0.000000 -0.994555 -0.104209 -0.000000 0.667871 -0.744277 -0.000000 -1 63
598.550537 261.538544 4.000000 0.547608 0.836735 0.000000 -0.998441 0.055823 0.000000 0.503876 -0.863776 -0.000000 -1 64
187.502716 263.486877 4.000000 -0.376126 0.926569 0.000000 -0.558864 -0.829259 -0.000000 0.988122 -0.153675 -0.000000 -1 65
208.534592 263.555969 4.000000 0.580457 0.814291 0.000000 -0.985561 0.169321 0.000000 0.438152 -0.898901 -0.000000 -1 66
78.472694 289.488647 4.000000 0.119181 0.992872 0.000000 -0.927465 -0.373909 -0.000000 0.758893 -0.651216 -0.000000 -1 69
166.484253 298.579193 4.000000 0.803328 0.595537 0.000000 -0.854188 0.519964 0.000000 0.040264 -0.999189 -0.000000 -1 72
