85.492706 5.513278 4.000000 -0.595597 0.803283 0.000000 -0.354463 -0.935070 -0.000000 0.999172 0.040686 0.000000 -1 2
521.569519 5.508627 4.000000 -0.633734 0.773551 0.000000 -0.248751 -0.968567 -0.000000 0.980885 0.194587 0.000000 -1 3
54.680893 14.252992 4.000000 0.524702 0.851286 0.000000 -0.995434 -0.095454 -0.000000 0.590945 -0.806712 -0.000000 -1 6
190.399643 15.501583 4.000000 0.174617 0.984636 0.000000 -0.960405 -0.278608 -0.000000 0.658866 -0.752260 0.000000 -1 7
272.423645 16.505642 4.000000 0.911903 0.410405 0.000000 -0.818833 0.574032 0.000000 -0.180758 -0.983528 0.000000 -1 8
13.542357 40.579166 4.000000 -0.568706 0.822541 0.000000 -0.509506 -0.860467 -0.000000 0.994123 0.108258 -0.000000 -1 13
179.491425 44.416695 4.000000 0.676934 0.736044 0.000000 -0.990393 0.138281 0.000000 0.270660 -0.962675 -0.000000 -1 17
297.579315 46.447182 4.000000 -0.573738 0.819039 0.000000 -0.345060 -0.938581 -0.000000 0.999776 0.021164 0.000000 -1 18
116.521378 48.548637 4.000000 -0.575192 0.818019 0.000000 -0.414251 -0.910163 -0.000000 0.991852 0.127396 -0.000000 -1 19
150.429306 52.477638 4.000000 0.372167 0.928166 0.000000 -0.995724 -0.092375 0.000000 0.546966 -0.837155 -0.000000 -1 21
264.479706 56.435268 4.000000 0.414996 0.909823 0.000000 -0.999477 -0.032352 -0.000000 0.509957 -0.860200 -0.000000 -1 22
60.473347 59.560200 4.000000 -0.682184 0.731181 0.000000 -0.309134 -0.951018 -0.000000 0.965176 0.261600 0.000000 -1 23
85.472816 66.591057 4.000000 0.320159 0.947364 0.000000 -0.999347 -0.036128 -0.000000 0.634269 -0.773112 -0.000000 -1 25
4.512173 75.551292 4.000000 0.633930 0.773391 0.000000 -0.978741 0.205102 0.000000 0.366773 -0.930310 -0.000000 -1 28
241.440613 86.570267 4.000000 0.158681 0.987330 0.000000 -0.972959 -0.230978 -0.000000 0.715206 -0.698914 -0.000000 -1 29
493.426819 93.548698 4.000000 0.099892 0.994998 0.000000 -0.966612 -0.256246 -0.000000 0.752418 -0.658686 -0.000000 -1 30
42.520527 97.475151 4.000000 -0.479917 0.877314 0.000000 -0.538175 -0.842833 -0.000000 0.998522 -0.054350 -0.000000 -1 32
125.428703 109.549156 4.000000 -0.647335 0.762205 0.000000 -0.361938 -0.932202 -0.000000 0.963627 0.267252 0.000000 -1 33
179.442719 144.538910 4.000000 0.723154 0.690687 0.000000 -0.919455 0.393194 0.000000 0.131472 -0.991320 0.000000 -1 39
115.474640 146.530807 4.000000 0.506301 0.862357 0.000000 -0.999849 0.017359 -0.000000 0.409219 -0.912436 0.000000 -1 40
56.506233 151.507751 4.000000 -0.489045 0.872259 0.000000 -0.487897 -0.872901 -0.000000 0.999401 -0.034595 0.000000 -1 43
10.551098 157.528397 4.000000 -0.750331 0.661062 0.000000 -0.210417 -0.977612 -0.000000 0.963871 0.266370 0.000000 -1 45
290.505951 171.428497 4.000000 0.508408 0.861117 0.000000 -0.997541 -0.070079 0.000000 0.462746 -0.886491 -0.000000 -1 46
191.487106 172.450867 4.000000 0.280645 0.959812 0.000000 -0.953164 -0.302455 0.000000 0.691264 -0.722602 -0.000000 -1 47
599.590759 191.424194 4.000000 0.516641 0.856202 0.000000 -0.995771 -0.091872 0.000000 0.539653 -0.841888 -0.000000 -1 49
435.507385 195.578583 4.000000 -0.333961 0.942587 0.000000 -0.638011 -0.770028 -0.000000 0.998562 -0.053616 0.000000 -1 51
51.473236 204.566116 4.000000 0.569030 0.822317 0.000000 -0.987222 0.159349 0.000000 0.390084 -0.920779 -0.000000 -1 53
126.519333 206.568634 4.000000 -0.202625 0.979256 0.000000 -0.699269 -0.714859 -0.000000 0.971330 -0.237734 -0.000000 -1 54
177.593231 228.562714 4.000000 0.776254 0.630420 0.000000 -0.886128 0.463440 0.000000 0.190899 -0.981610 -0.000000 -1 58
459.522675 259.570740 4.000000 0.347388 0.937721 0.000000 -0.995477 -0.094998 -0.000000 0.663512 -0.748165 -0.000000 -1 62
598.536072 260.550629 4.000000 0.580880 0.813990 0.000000 -0.990096 0.140389 -0.000000 0.432316 -0.901722 -0.000000 -1 63
187.497192 262.481384 4.000000 -0.377914 0.925841 0.000000 -0.560057 -0.828454 -0.000000 0.987694 -0.156397 -0.000000 -1 64
208.543701 263.430359 4.000000 0.523528 0.852009 0.000000 -0.999421 -0.034036 0.000000 0.491770 -0.870725 -0.000000 -1 65
78.442398 289.466217 4.000000 0.065167 0.997874 0.000000 -0.913919 -0.405897 -0.000000 0.784570 -0.620040 -0.000000 -1 68
104.532219 290.572693 4.000000 0.892666 0.450718 0.000000 -0.835613 0.549319 0.000000 0.075161 -0.997171 -0.000000 -1 69
166.535217 299.433258 4.000000 0.859487 0.511157 0.000000 -0.903435 0.428725 0.000000 0.086852 -0.996221 -0.000000 -1 72
