523.534180 4.566831 4.000000 -0.603670 0.797234 0.000000 -0.326414 -0.945227 -0.000000 0.968840 0.247688 0.000000 -1 2
261.408051 8.451104 4.000000 -0.039551 0.999218 0.000000 -0.876592 -0.481234 0.000000 0.832231 -0.554429 -0.000000 -1 3
267.531525 22.530930 4.000000 -0.734438 0.678676 0.000000 -0.154595 -0.987978 -0.000000 0.954687 0.297612 0.000000 -1 4
16.290827 26.714491 4.000000 0.913039 0.407872 0.000000 -0.797165 0.603761 0.000000 -0.205783 -0.978598 -0.000000 -1 5
302.504547 39.531116 4.000000 -0.513944 0.857824 0.000000 -0.480689 -0.876891 0.000000 0.999152 0.041168 0.000000 -1 10
85.491150 42.468430 4.000000 0.813866 0.581053 0.000000 -0.926449 0.376420 0.000000 0.093129 -0.995654 -0.000000 -1 11
108.469315 49.468689 4.000000 -0.057168 0.998365 0.000000 -0.842847 -0.538153 0.000000 0.874015 -0.485898 -0.000000 -1 13
39.496235 51.457661 4.000000 0.380555 0.924758 0.000000 -0.968665 -0.248371 0.000000 0.697281 -0.716798 -0.000000 -1 15
251.537704 67.505814 4.000000 0.169988 0.985446 0.000000 -0.937279 -0.348580 -0.000000 0.778271 -0.627928 -0.000000 -1 18
153.588348 78.445496 4.000000 -0.069332 0.997594 0.000000 -0.777313 -0.629114 -0.000000 0.890566 -0.454855 -0.000000 -1 19
69.418777 94.530617 4.000000 0.245072 0.969505 0.000000 -0.986921 -0.161202 0.000000 0.651766 -0.758420 -0.000000 -1 21
193.534225 94.533234 4.000000 -0.566116 0.824326 0.000000 -0.418359 -0.908282 -0.000000 0.996540 0.083117 0.000000 -1 22
120.464989 99.577026 4.000000 0.310573 0.950549 0.000000 -0.995461 -0.095171 -0.000000 0.667182 -0.744895 -0.000000 -1 23
490.504181 99.574387 4.000000 0.187765 0.982214 0.000000 -0.973292 -0.229572 0.000000 0.769082 -0.639150 -0.000000 -1 24
253.510300 122.534477 4.000000 -0.578932 0.815376 0.000000 -0.429141 -0.903238 -0.000000 0.989500 0.144534 0.000000 -1 27
204.523972 132.547852 4.000000 0.805849 0.592121 0.000000 -0.855821 0.517272 0.000000 0.017923 -0.999839 -0.000000 -1 29
43.535664 135.468307 4.000000 0.343196 0.939264 0.000000 -0.969797 -0.243915 -0.000000 0.636085 -0.771619 -0.000000 -1 31
300.584900 139.420639 4.000000 -0.705953 0.708258 0.000000 -0.188189 -0.982133 -0.000000 0.989601 0.143842 0.000000 -1 33
235.391129 145.544006 4.000000 0.848981 0.528424 0.000000 -0.792699 0.609614 0.000000 -0.136063 -0.990700 -0.000000 -1 35
89.545494 163.507156 4.000000 -0.125524 0.992091 0.000000 -0.892862 -0.450331 0.000000 0.892973 -0.450111 0.000000 -1 38
159.463593 172.544037 4.000000 -0.023097 0.999733 0.000000 -0.886239 -0.463227 -0.000000 0.869588 -0.493779 -0.000000 -1 40
114.447586 184.524765 4.000000 -0.700289 0.713859 0.000000 -0.294551 -0.955636 -0.000000 0.970608 0.240666 0.000000 -1 41
432.577057 197.561584 4.000000 -0.222864 0.974850 0.000000 -0.657921 -0.753087 -0.000000 0.991821 -0.127640 -0.000000 -1 43
157.528183 215.530670 4.000000 0.520143 0.854079 0.000000 -0.999531 -0.030618 0.000000 0.467113 -0.884197 -0.000000 -1 47
259.466614 215.490921 4.000000 0.182407 0.983223 0.000000 -0.948076 -0.318045 0.000000 0.754478 -0.656325 -0.000000 -1 48
104.502525 227.433823 4.000000 0.109177 0.994022 0.000000 -0.908837 -0.417152 -0.000000 0.771487 -0.636245 -0.000000 -1 50
45.523830 233.545319 4.000000 0.930052 0.367429 -0.000000 -0.766311 0.642470 0.000000 -0.168919 -0.985630 -0.000000 -1 51
181.503677 239.445511 4.000000 -0.754507 0.656292 0.000000 -0.192203 -0.981355 -0.000000 0.948166 0.317776 0.000000 -1 54
457.531586 260.434937 4.000000 0.392735 0.919652 0.000000 -0.974765 -0.223234 -0.000000 0.617231 -0.786782 -0.000000 -1 58
199.425125 263.504913 4.000000 -0.168580 0.985688 0.000000 -0.816541 -0.577287 -0.000000 0.901030 -0.433757 -0.000000 -1 59
59.442497 282.476959 4.000000 0.912443 0.409204 0.000000 -0.841662 0.540005 0.000000 -0.190818 -0.981625 -0.000000 -1 62
38.495354 285.511353 4.000000 -0.456423 0.889763 0.000000 -0.547650 -0.836708 -0.000000 0.999472 -0.032486 -0.000000 -1 64
160.505203 290.502838 4.000000 -0.254205 0.967150 0.000000 -0.676809 -0.736159 -0.000000 0.954088 -0.299527 -0.000000 -1 65
113.473419 295.482605 4.000000 -0.156046 0.987750 0.000000 -0.771671 -0.636022 -0.000000 0.907656 -0.419715 -0.000000 -1 67
