46.755928 1.338573 4.000000 -0.002582 0.999997 0.000000 -0.770042 -0.637993 0.000000 0.868969 -0.494866 0.000000 -1 1
526.580933 6.583528 4.000000 0.958154 0.286253 -0.000000 -0.598112 0.801412 0.000000 -0.270124 -0.962826 0.000000 -1 3
213.481735 31.562386 4.000000 0.280663 0.959807 0.000000 -0.989854 -0.142089 0.000000 0.653087 -0.757283 0.000000 -1 8
144.438904 34.399921 4.000000 -0.723312 0.690521 0.000000 -0.399935 -0.916544 -0.000000 0.991725 0.128379 0.000000 -1 9
99.461365 48.570286 4.000000 0.861104 0.508429 0.000000 -0.846786 0.531933 0.000000 0.018982 -0.999820 0.000000 -1 11
131.485367 49.589817 4.000000 0.305042 0.952339 0.000000 -0.987485 -0.157716 0.000000 0.718540 -0.695486 -0.000000 -1 12
242.553848 63.453930 4.000000 -0.656228 0.754563 0.000000 -0.283509 -0.958970 -0.000000 0.987152 0.159784 -0.000000 -1 14
153.461288 85.482704 4.000000 0.430185 0.902741 0.000000 -0.998284 -0.058551 0.000000 0.412088 -0.911144 -0.000000 -1 17
91.718353 98.696320 4.000000 0.010738 0.999942 0.000000 -0.864455 -0.502709 0.000000 0.880773 -0.473538 -0.000000 -1 18
281.254242 110.625633 4.000000 0.202912 0.979197 0.000000 -0.919547 -0.392979 -0.000000 0.505116 -0.863052 -0.000000 -1 20
181.544495 112.568832 4.000000 0.053731 0.998555 0.000000 -0.887086 -0.461605 -0.000000 0.888754 -0.458384 -0.000000 -1 22
155.381012 115.731644 4.000000 0.875283 0.483611 0.000000 -0.890302 0.455370 0.000000 -0.090004 -0.995941 -0.000000 -1 23
117.312462 122.271629 4.000000 0.205691 0.978617 0.000000 -0.948468 -0.316873 -0.000000 0.703070 -0.711121 -0.000000 -1 24
11.710919 125.281166 4.000000 -0.688072 0.725643 0.000000 -0.231872 -0.972746 -0.000000 0.984127 0.177465 0.000000 -1 25
14.489565 180.459991 4.000000 -0.709117 0.705091 -0.000000 -0.253015 -0.967462 -0.000000 0.975754 0.218871 0.000000 -1 32
218.530579 196.500931 4.000000 0.940145 0.340775 0.000000 -0.771068 0.636753 0.000000 -0.131275 -0.991346 -0.000000 -1 33
191.467926 198.480637 4.000000 -0.177174 0.984180 0.000000 -0.822754 -0.568397 -0.000000 0.899137 -0.437668 -0.000000 -1 34
116.545937 205.471558 4.000000 -0.396007 0.918247 0.000000 -0.568366 -0.822776 -0.000000 0.995046 -0.099416 0.000000 -1 35
243.510696 210.459854 4.000000 0.325799 0.945439 0.000000 -0.970254 -0.242090 -0.000000 0.669076 -0.743194 -0.000000 -1 37
165.699097 216.673233 4.000000 0.351592 0.936153 0.000000 -0.996413 0.084619 -0.000000 0.585080 -0.810976 -0.000000 -1 40
103.722328 226.296387 4.000000 0.784767 0.619790 0.000000 -0.959556 0.281518 0.000000 0.278143 -0.960540 -0.000000 -1 43
3.455341 232.527161 4.000000 0.296127 0.955148 0.000000 -0.989533 -0.144306 0.000000 0.661669 -0.749796 -0.000000 -1 46
174.416046 246.458664 4.000000 -0.483927 0.875108 0.000000 -0.571539 -0.820575 -0.000000 0.996598 -0.082420 0.000000 -1 48
46.495155 251.576782 4.000000 0.128687 0.991685 0.000000 -0.956649 -0.291242 -0.000000 0.809102 -0.587669 -0.000000 -1 50
209.271439 252.713226 4.000000 0.400043 0.916496 0.000000 -0.999934 -0.011474 0.000000 0.531992 -0.846749 -0.000000 -1 52
456.421631 258.455902 4.000000 0.268413 0.963304 0.000000 -0.975295 -0.220907 -0.000000 0.604881 -0.796316 -0.000000 -1 53
253.448471 261.588745 4.000000 -0.180791 0.983522 0.000000 -0.841283 -0.540595 -0.000000 0.958603 -0.284746 0.000000 -1 55
81.503304 264.590668 4.000000 0.307035 0.951698 0.000000 -0.974879 -0.222735 0.000000 0.826939 -0.562292 -0.000000 -1 57
301.414581 270.452698 4.000000 -0.785346 0.619057 0.000000 -0.292021 -0.956412 -0.000000 0.953017 0.302916 -0.000000 -1 59
165.420166 287.560272 4.000000 -0.359508 0.933142 0.000000 -0.741540 -0.670909 -0.000000 0.983904 -0.178695 -0.000000 -1 61
285.508209 288.490875 4.000000 0.123982 0.992284 0.000000 -0.904101 -0.427318 0.000000 0.835055 -0.550166 -0.000000 -1 62
82.476990 292.481323 4.000000 0.633350 0.773866 0.000000 -0.984863 0.173337 0.000000 0.270815 -0.962631 -0.000000 -1 64
