56.503841 8.561604 4.000000 0.922228 0.386646 0.000000 -0.645598 0.763678 0.000000 -0.210996 -0.977487 -0.000000 -1 2
190.560364 8.510583 4.000000 0.254949 0.966955 0.000000 -0.881821 -0.471584 -0.000000 0.819969 -0.572408 -0.000000 -1 3
528.437927 8.439125 4.000000 -0.721695 0.692211 0.000000 -0.342590 -0.939485 -0.000000 0.982901 0.184135 0.000000 -1 4
39.747673 36.667870 4.000000 -0.026843 0.999640 0.000000 -0.799112 -0.601183 -0.000000 0.830417 -0.557143 -0.000000 -1 10
275.432190 40.434158 4.000000 -0.741809 0.670612 0.000000 -0.286607 -0.958048 -0.000000 0.972610 0.232442 0.000000 -1 11
247.537964 46.559666 4.000000 -0.095641 0.995416 0.000000 -0.768953 -0.639306 -0.000000 0.942711 -0.333611 -0.000000 -1 12
193.587799 76.444504 4.000000 -0.427232 0.904142 0.000000 -0.448769 -0.893648 -0.000000 0.993946 -0.109866 -0.000000 -1 16
259.466370 76.439880 4.000000 0.826866 0.562399 0.000000 -0.972242 0.233976 0.000000 -0.065858 -0.997829 -0.000000 -1 17
298.400299 76.453705 4.000000 -0.483665 0.875253 0.000000 -0.566484 -0.824073 -0.000000 0.999999 -0.001372 0.000000 -1 18
127.497223 78.436844 4.000000 0.757811 0.652474 0.000000 -0.965606 0.260008 0.000000 0.178109 -0.984011 -0.000000 -1 19
96.556229 79.419312 4.000000 -0.462050 0.886854 0.000000 -0.418400 -0.908263 0.000000 0.989783 -0.142582 -0.000000 -1 20
231.574799 93.540543 4.000000 0.360145 0.932896 0.000000 -0.979411 -0.201876 -0.000000 0.735664 -0.677347 -0.000000 -1 23
169.414032 98.538361 4.000000 0.771822 0.635839 0.000000 -0.911579 0.411125 0.000000 0.071658 -0.997429 -0.000000 -1 25
102.570114 112.525276 4.000000 0.814037 0.580813 0.000000 -0.889495 0.456944 0.000000 0.143804 -0.989606 -0.000000 -1 29
64.433769 113.481560 4.000000 0.875464 0.483283 0.000000 -0.830945 0.556355 0.000000 -0.107353 -0.994221 -0.000000 -1 30
234.519516 119.470802 4.000000 0.924826 0.380391 0.000000 -0.823941 0.566676 0.000000 -0.096232 -0.995359 -0.000000 -1 31
276.541290 125.501381 4.000000 0.134216 0.990952 0.000000 -0.896538 -0.442966 -0.000000 0.829858 -0.557975 -0.000000 -1 32
84.482834 137.552032 4.000000 -0.058838 0.998268 0.000000 -0.829995 -0.557771 -0.000000 0.949184 -0.314720 -0.000000 -1 33
45.416859 144.496872 4.000000 -0.437603 0.899168 0.000000 -0.642102 -0.766619 -0.000000 0.978232 -0.207513 -0.000000 -1 36
250.503632 151.465500 4.000000 -0.120637 0.992697 0.000000 -0.779453 -0.626461 0.000000 0.934756 -0.355292 -0.000000 -1 38
2.417901 166.423126 4.000000 0.407967 0.912997 0.000000 -0.991616 -0.129223 -0.000000 0.507895 -0.861419 -0.000000 -1 39
202.579620 172.408966 4.000000 -0.333114 0.942886 0.000000 -0.582214 -0.813035 -0.000000 0.972340 -0.233572 -0.000000 -1 40
149.494888 184.512283 4.000000 -0.477509 0.878627 0.000000 -0.541337 -0.840805 -0.000000 0.999543 -0.030217 -0.000000 -1 42
36.519424 208.510101 4.000000 0.190232 0.981739 0.000000 -0.967941 -0.251177 -0.000000 0.713178 -0.700983 -0.000000 -1 46
229.519348 211.449677 4.000000 0.130632 0.991431 0.000000 -0.810059 -0.586349 -0.000000 0.936359 -0.351044 -0.000000 -1 47
115.508087 218.587631 4.000000 0.881783 0.471656 0.000000 -0.757711 0.652591 0.000000 -0.088222 -0.996101 -0.000000 -1 50
165.447144 223.517166 4.000000 -0.507668 0.861553 0.000000 -0.453426 -0.891294 -0.000000 0.988700 0.149909 0.000000 -1 51
0.503585 248.569733 4.000000 0.431839 0.901951 0.000000 -0.998642 0.052098 0.000000 0.524644 -0.851322 -0.000000 -1 56
195.566727 257.451385 4.000000 0.269832 0.962907 0.000000 -0.910143 -0.414294 -0.000000 0.687851 -0.725851 0.000000 -1 59
457.433197 257.509460 4.000000 0.249849 0.968285 0.000000 -0.983969 -0.178339 0.000000 0.640356 -0.768078 -0.000000 -1 60
39.546276 283.494568 4.000000 -0.140436 0.990090 -0.000000 -0.747292 -0.664495 -0.000000 0.914556 -0.404460 -0.000000 -1 62
217.415314 294.516602 4.000000 0.638827 0.769350 0.000000 -0.972886 0.231286 -0.000000 0.218720 -0.975788 0.000000 -1 64
