526.525330 5.534122 4.000000 -0.648452 0.761255 0.000000 -0.290734 -0.956804 -0.000000 0.970476 0.241198 0.000000 -1 3
157.716217 16.280336 4.000000 0.743272 0.668989 0.000000 -0.971723 0.236123 0.000000 0.292024 -0.956411 0.000000 -1 5
301.522400 16.590496 4.000000 -0.384443 0.923149 0.000000 -0.670797 -0.741641 -0.000000 0.999968 -0.007991 0.000000 -1 6
252.492996 24.439463 4.000000 0.168661 0.985674 0.000000 -0.924612 -0.380910 0.000000 0.761378 -0.648309 -0.000000 -1 9
98.560997 28.424471 4.000000 -0.508872 0.860842 0.000000 -0.431125 -0.902292 0.000000 0.999351 -0.036013 -0.000000 -1 11
216.513809 38.568203 4.000000 -0.488674 0.872466 0.000000 -0.489334 -0.872096 -0.000000 0.998850 0.047944 0.000000 -1 14
91.416748 58.499752 4.000000 0.114315 0.993445 0.000000 -0.954549 -0.298053 0.000000 0.708467 -0.705744 -0.000000 -1 15
43.463200 89.445992 4.000000 -0.720226 0.693740 0.000000 -0.298917 -0.954279 -0.000000 0.973322 0.229443 0.000000 -1 20
181.541443 107.439949 4.000000 -0.297688 0.954663 0.000000 -0.634870 -0.772619 0.000000 0.958828 -0.283989 -0.000000 -1 22
291.726654 126.286690 4.000000 0.495802 0.868436 0.000000 -0.999985 -0.005524 0.000000 0.493434 -0.869783 -0.000000 -1 24
97.467682 130.544495 4.000000 0.841763 0.539847 -0.000000 -0.849519 0.527558 0.000000 -0.008535 -0.999964 -0.000000 -1 25
266.593811 131.505127 4.000000 -0.319329 0.947644 0.000000 -0.464754 -0.885440 -0.000000 0.985313 -0.170761 -0.000000 -1 26
131.256638 145.337036 4.000000 0.837934 0.545772 0.000000 -0.848741 0.528809 0.000000 -0.082427 -0.996597 -0.000000 -1 28
145.418884 153.551926 4.000000 -0.388741 0.921347 0.000000 -0.706209 -0.708004 -0.000000 0.978447 -0.206500 -0.000000 -1 30
75.458824 172.489746 4.000000 -0.247531 0.968880 0.000000 -0.750657 -0.660692 -0.000000 0.929425 -0.369011 -0.000000 -1 34
118.311554 172.291870 4.000000 0.352318 0.935880 0.000000 -0.993961 -0.109736 -0.000000 0.546966 -0.837155 -0.000000 -1 35
182.590469 189.541412 4.000000 0.242584 0.970130 0.000000 -0.936700 -0.350133 -0.000000 0.801966 -0.597370 -0.000000 -1 36
12.576420 191.571182 4.000000 -0.600405 0.799696 0.000000 -0.311253 -0.950327 -0.000000 0.974648 0.223743 -0.000000 -1 38
126.677887 191.686432 4.000000 -0.757253 0.653122 0.000000 0.098171 -0.995170 -0.000000 0.981384 0.192055 0.000000 -1 39
241.479553 191.488251 4.000000 0.049089 0.998794 0.000000 -0.896920 -0.442193 -0.000000 0.830083 -0.557639 -0.000000 -1 40
212.297165 217.358276 4.000000 0.191035 0.981583 0.000000 -0.999816 0.019205 -0.000000 0.595089 -0.803660 -0.000000 -1 43
600.467590 234.552551 4.000000 0.423110 0.906079 0.000000 -0.999897 0.014375 0.000000 0.493724 -0.869619 -0.000000 -1 47
179.421661 234.441818 4.000000 -0.201388 0.979511 0.000000 -0.768358 -0.640020 -0.000000 0.907115 -0.420884 -0.000000 -1 48
297.552887 237.547729 4.000000 -0.526459 0.850200 0.000000 -0.412197 -0.911095 -0.000000 0.994568 0.104093 -0.000000 -1 50
111.473465 253.526093 4.000000 0.424431 0.905460 0.000000 -0.998875 -0.047412 0.000000 0.558141 -0.829746 -0.000000 -1 53
455.580963 259.435272 4.000000 0.398793 0.917041 0.000000 -0.966934 -0.255027 -0.000000 0.672973 -0.739667 -0.000000 -1 54
40.508560 263.533905 4.000000 0.793016 0.609201 0.000000 -0.909867 0.414900 0.000000 0.129810 -0.991539 -0.000000 -1 55
203.577591 270.492828 4.000000 -0.555425 0.831566 0.000000 -0.291478 -0.956578 -0.000000 0.982459 0.186481 0.000000 -1 57
600.405212 275.455414 4.000000 0.191853 0.981424 0.000000 -0.958379 -0.285500 0.000000 0.664942 -0.746895 -0.000000 -1 59
159.574722 282.552307 4.000000 -0.214112 0.976809 0.000000 -0.661449 -0.749990 -0.000000 0.989937 -0.141512 -0.000000 -1 60
53.411846 297.433685 4.000000 -0.513132 0.858310 0.000000 -0.566552 -0.824026 -0.000000 0.996285 -0.086119 0.000000 -1 62
