525.422791 3.482191 4.000000 -0.682331 0.731044 0.000000 -0.415679 -0.909511 -0.000000 0.986419 0.164251 -0.000000 -1 1
238.503082 20.418482 4.000000 -0.267145 0.963656 0.000000 -0.806734 -0.590915 -0.000000 0.903184 -0.429254 0.000000 -1 5
42.524414 24.544617 4.000000 -0.594276 0.804261 0.000000 -0.396735 -0.917933 -0.000000 0.990467 0.137753 0.000000 -1 7
150.456894 33.427094 4.000000 -0.680178 0.733047 0.000000 -0.306922 -0.951735 0.000000 0.994815 0.101703 0.000000 -1 9
256.523285 33.592022 4.000000 0.822819 0.568303 0.000000 -0.916722 0.399526 0.000000 0.365909 -0.930651 -0.000000 -1 10
300.425842 44.420132 4.000000 -0.398589 0.917130 0.000000 -0.640952 -0.767581 -0.000000 0.972124 -0.234468 -0.000000 -1 12
236.577423 61.570038 4.000000 0.044733 0.998999 0.000000 -0.860180 -0.509991 -0.000000 0.917774 -0.397103 -0.000000 -1 14
75.540916 63.558205 4.000000 -0.580405 0.814328 0.000000 -0.420949 -0.907084 -0.000000 0.987394 0.158281 0.000000 -1 15
48.548519 86.483704 4.000000 0.381628 0.924316 0.000000 -0.979353 -0.202156 -0.000000 0.676920 -0.736057 -0.000000 -1 18
145.441284 88.455368 4.000000 -0.671812 0.740722 0.000000 -0.346550 -0.938032 -0.000000 0.982834 0.184492 0.000000 -1 20
251.543411 89.415588 4.000000 0.923965 0.382476 0.000000 -0.850383 0.526163 0.000000 -0.059699 -0.998216 0.000000 -1 21
7.468493 100.502174 4.000000 -0.550515 0.834825 0.000000 -0.504381 -0.863481 -0.000000 0.999841 0.017821 0.000000 -1 24
119.515121 107.443642 4.000000 0.181224 0.983442 0.000000 -0.907141 -0.420826 -0.000000 0.767789 -0.640703 -0.000000 -1 26
301.573029 110.488945 4.000000 -0.379538 0.925176 0.000000 -0.568918 -0.822394 -0.000000 0.996483 -0.083799 -0.000000 -1 27
186.267960 116.294472 4.000000 0.677158 0.735838 0.000000 -0.977473 0.211062 0.000000 0.202450 -0.979293 -0.000000 -1 30
222.451050 116.423965 4.000000 0.898264 0.439457 0.000000 -0.869189 0.494480 0.000000 -0.098105 -0.995176 -0.000000 -1 31
270.459473 121.479240 4.000000 -0.175327 0.984510 0.000000 -0.759377 -0.650651 -0.000000 0.946037 -0.324058 -0.000000 -1 33
8.504416 131.570786 4.000000 -0.573752 0.819029 0.000000 -0.412129 -0.911125 -0.000000 0.988608 0.150516 0.000000 -1 35
55.406086 140.570023 4.000000 -0.219986 0.975503 0.000000 -0.837243 -0.546832 -0.000000 0.931602 -0.363481 -0.000000 -1 36
244.530441 155.574158 4.000000 -0.196929 0.980418 0.000000 -0.717467 -0.696592 -0.000000 0.985225 -0.171266 -0.000000 -1 39
192.458817 177.563278 4.000000 -0.280917 0.959732 0.000000 -0.676912 -0.736064 -0.000000 0.973544 -0.228501 -0.000000 -1 41
117.552391 184.595062 4.000000 0.936843 0.349750 0.000000 -0.676452 0.736487 0.000000 -0.190056 -0.981773 0.000000 -1 44
279.561890 201.468918 4.000000 0.056526 0.998401 0.000000 -0.839523 -0.543325 -0.000000 0.886986 -0.461796 -0.000000 -1 46
431.478149 201.517593 4.000000 -0.275890 0.961189 0.000000 -0.722788 -0.691070 -0.000000 0.968572 -0.248735 -0.000000 -1 47
11.467423 211.584656 4.000000 0.896517 0.443010 0.000000 -0.740672 0.671867 0.000000 -0.160529 -0.987031 -0.000000 -1 49
273.484863 235.407089 4.000000 0.813394 0.581714 0.000000 -0.955800 0.294017 0.000000 0.162999 -0.986626 -0.000000 -1 52
210.460144 239.454651 4.000000 0.316131 0.948716 0.000000 -0.984378 -0.176067 0.000000 0.606200 -0.795313 -0.000000 -1 53
64.537758 258.587616 4.000000 0.087800 0.996138 0.000000 -0.921029 -0.389494 -0.000000 0.871231 -0.490873 -0.000000 -1 55
456.518036 259.555634 4.000000 0.346181 0.938168 0.000000 -0.993172 -0.116662 0.000000 0.660319 -0.750985 -0.000000 -1 56
17.519939 262.532837 4.000000 0.898493 0.438989 -0.000000 -0.837545 0.546369 0.000000 -0.132361 -0.991202 -0.000000 -1 57
200.456268 288.495728 4.000000 -0.565208 0.824948 0.000000 -0.456663 -0.889640 -0.000000 0.997119 0.075859 0.000000 -1 61
73.567780 294.414185 4.000000 -0.682919 0.730494 0.000000 -0.211071 -0.977471 0.000000 0.993728 0.111824 -0.000000 -1 63
