526.466492 3.543268 4.000000 -0.654649 0.755933 0.000000 -0.358346 -0.933589 -0.000000 0.971981 0.235060 0.000000 -1 1
181.714828 5.707668 4.000000 -0.242115 0.970248 0.000000 -0.711773 -0.702410 -0.000000 0.970821 -0.239804 -0.000000 -1 2
106.573952 7.465380 4.000000 0.850941 0.525261 0.000000 -0.779930 0.625867 0.000000 -0.011699 -0.999932 -0.000000 -1 4
63.486179 25.457394 4.000000 -0.074225 0.997242 0.000000 -0.821267 -0.570544 -0.000000 0.888416 -0.459040 -0.000000 -1 7
285.431274 45.534550 4.000000 -0.187736 0.982219 0.000000 -0.802789 -0.596263 -0.000000 0.950443 -0.310900 0.000000 -1 11
118.487808 63.558601 4.000000 -0.209848 0.977734 0.000000 -0.752976 -0.658048 -0.000000 0.962959 -0.269649 -0.000000 -1 14
22.451353 68.482292 4.000000 -0.386087 0.922462 0.000000 -0.664909 -0.746925 -0.000000 0.983158 -0.182757 0.000000 -1 15
57.423058 88.476501 4.000000 0.427560 0.903987 -0.000000 -0.996815 -0.079750 0.000000 0.504938 -0.863156 -0.000000 -1 16
204.584122 97.472382 4.000000 -0.369246 0.929332 0.000000 -0.514585 -0.857440 -0.000000 0.993532 -0.113552 0.000000 -1 17
238.487885 117.554062 4.000000 -0.638590 0.769548 0.000000 -0.321856 -0.946788 -0.000000 0.973035 0.230656 0.000000 -1 21
97.538261 121.457024 4.000000 -0.783930 0.620850 0.000000 -0.104840 -0.994489 -0.000000 0.938105 0.346350 0.000000 -1 23
210.499649 132.547516 4.000000 0.264158 0.964479 0.000000 -0.997818 -0.066025 -0.000000 0.631835 -0.775103 -0.000000 -1 24
142.436737 142.429901 4.000000 0.861369 0.507980 0.000000 -0.906038 0.423196 0.000000 -0.040421 -0.999183 -0.000000 -1 25
121.428772 164.451126 4.000000 -0.177889 0.984051 0.000000 -0.821872 -0.569673 -0.000000 0.870878 -0.491499 -0.000000 -1 28
77.410721 169.445297 4.000000 -0.321731 0.946831 0.000000 -0.743004 -0.669287 -0.000000 0.938031 -0.346550 -0.000000 -1 29
260.443420 183.552582 4.000000 0.775123 0.631810 0.000000 -0.933420 0.358785 0.000000 0.227171 -0.973855 0.000000 -1 33
10.490892 204.449203 4.000000 -0.772448 0.635078 0.000000 -0.189832 -0.981817 -0.000000 0.958570 0.284857 0.000000 -1 35
302.568329 204.444504 4.000000 -0.526916 0.849917 0.000000 -0.464258 -0.885700 -0.000000 0.999481 -0.032224 0.000000 -1 37
168.753143 220.320023 4.000000 0.343162 0.939276 0.000000 -0.947443 -0.319925 -0.000000 0.599752 -0.800186 -0.000000 -1 39
179.592789 230.501755 4.000000 -0.352556 0.935791 0.000000 -0.413277 -0.910605 -0.000000 0.981687 -0.190503 0.000000 -1 41
263.272125 231.295471 4.000000 0.812427 0.583063 0.000000 -0.924501 0.381179 0.000000 0.041768 -0.999127 -0.000000 -1 42
153.491882 250.540405 4.000000 0.537831 0.843053 0.000000 -0.998899 0.046911 0.000000 0.449948 -0.893055 -0.000000 -1 46
236.508698 259.556061 4.000000 -0.176394 0.984320 0.000000 -0.752539 -0.658548 -0.000000 0.962605 -0.270909 -0.000000 -1 47
456.432159 259.500549 4.000000 0.273338 0.961918 0.000000 -0.986214 -0.165475 0.000000 0.616842 -0.787087 -0.000000 -1 48
112.714394 266.293518 4.000000 0.731707 0.681619 0.000000 -0.978811 0.204767 0.000000 0.297319 -0.954778 0.000000 -1 49
41.486065 274.594330 4.000000 0.802029 0.597286 0.000000 -0.864173 0.503194 0.000000 0.029165 -0.999575 -0.000000 -1 51
158.538925 276.455505 4.000000 -0.487415 0.873171 0.000000 -0.488762 -0.872417 0.000000 0.998698 -0.051017 -0.000000 -1 52
597.502930 277.564667 4.000000 0.225006 0.974357 0.000000 -0.971676 -0.236319 0.000000 0.747654 -0.664088 -0.000000 -1 53
249.507706 294.543060 4.000000 0.600800 0.799399 0.000000 -0.939817 0.341678 0.000000 0.299605 -0.954063 -0.000000 -1 57
