226.452225 0.512497 4.000000 0.946904 0.321516 0.000000 -0.740864 0.671655 0.000000 -0.290776 -0.956791 -0.000000 -1 1
91.280678 5.708619 4.000000 0.936664 0.350229 0.000000 -0.708272 0.705940 0.000000 -0.276652 -0.960970 -0.000000 -1 2
522.548035 5.526843 4.000000 -0.627466 0.778644 0.000000 -0.288544 -0.957467 -0.000000 0.978068 0.208288 0.000000 -1 3
198.546814 9.528045 4.000000 0.212028 0.977264 0.000000 -0.932069 -0.362282 -0.000000 0.788528 -0.614998 -0.000000 -1 4
269.495392 23.484722 4.000000 0.778261 0.627941 0.000000 -0.947326 0.320271 0.000000 0.173131 -0.984899 -0.000000 -1 7
213.417191 39.437263 4.000000 0.429472 0.903080 0.000000 -0.987057 -0.160369 0.000000 0.436690 -0.899612 -0.000000 -1 11
300.472717 39.525845 4.000000 -0.434428 0.900706 0.000000 -0.569013 -0.822329 0.000000 0.998650 -0.051948 -0.000000 -1 12
117.277260 51.720684 4.000000 0.972364 0.233470 -0.000000 -0.642048 0.766664 0.000000 -0.342704 -0.939444 -0.000000 -1 15
278.487427 65.561134 4.000000 0.890305 0.455364 0.000000 -0.713835 0.700314 0.000000 -0.148184 -0.988960 -0.000000 -1 16
149.557129 80.412056 4.000000 -0.173958 0.984753 0.000000 -0.718056 -0.695986 -0.000000 0.928472 -0.371403 -0.000000 -1 19
13.592547 81.589043 4.000000 0.748678 0.662934 0.000000 -0.910446 0.413628 0.000000 0.201059 -0.979579 -0.000000 -1 20
52.435143 89.556465 4.000000 -0.566990 0.823724 0.000000 -0.600317 -0.799762 -0.000000 0.998640 0.052141 0.000000 -1 22
197.486710 95.531097 4.000000 0.914389 0.404837 0.000000 -0.744199 0.667958 0.000000 -0.166487 -0.986044 -0.000000 -1 24
491.487061 97.456482 4.000000 0.192857 0.981227 0.000000 -0.937177 -0.348854 -0.000000 0.726819 -0.686830 -0.000000 -1 25
89.326637 102.756462 4.000000 0.906323 0.422587 0.000000 -0.845856 0.533412 0.000000 -0.207928 -0.978144 -0.000000 -1 28
255.528458 118.586044 4.000000 0.136251 0.990674 0.000000 -0.929195 -0.369591 -0.000000 0.837459 -0.546500 -0.000000 -1 29
60.543537 126.555122 4.000000 0.931313 0.364221 0.000000 -0.745398 0.666620 0.000000 -0.200177 -0.979760 -0.000000 -1 32
46.494331 140.463394 4.000000 -0.015130 0.999885 0.000000 -0.850267 -0.526352 -0.000000 0.858802 -0.512308 -0.000000 -1 33
95.578415 157.433609 4.000000 0.872233 0.489090 0.000000 -0.882102 0.471059 0.000000 0.078982 -0.996876 -0.000000 -1 36
285.430359 159.489059 4.000000 0.637721 0.770268 0.000000 -0.990335 0.138698 -0.000000 0.266398 -0.963863 -0.000000 -1 37
433.572327 196.552658 4.000000 -0.259190 0.965826 0.000000 -0.632071 -0.774910 -0.000000 0.993745 -0.111672 0.000000 -1 41
153.491302 207.551453 4.000000 0.255370 0.966843 0.000000 -0.975967 -0.217920 -0.000000 0.605710 -0.795686 -0.000000 -1 42
263.514526 212.482239 4.000000 0.345202 0.938528 0.000000 -0.999499 -0.031657 -0.000000 0.565949 -0.824440 -0.000000 -1 43
8.584724 221.561401 4.000000 0.950295 0.311350 0.000000 -0.729380 0.684109 0.000000 -0.173056 -0.984912 -0.000000 -1 45
81.493340 225.457336 4.000000 -0.319559 0.947566 0.000000 -0.657586 -0.753380 -0.000000 0.973098 -0.230390 0.000000 -1 48
179.479080 235.503403 4.000000 0.843857 0.536568 0.000000 -0.880103 0.474783 0.000000 -0.003252 -0.999995 -0.000000 -1 51
121.551750 245.471268 4.000000 0.422050 0.906573 0.000000 -0.984616 -0.174731 -0.000000 0.594722 -0.803932 -0.000000 -1 56
257.733917 255.696976 4.000000 -0.337309 0.941394 0.000000 -0.554952 -0.831882 -0.000000 0.996777 -0.080224 0.000000 -1 57
458.482483 259.579102 4.000000 0.307024 0.951702 0.000000 -0.997625 -0.068879 0.000000 0.646933 -0.762547 -0.000000 -1 58
200.425705 272.422729 4.000000 -0.215503 0.976503 0.000000 -0.747746 -0.663985 -0.000000 0.931562 -0.363583 -0.000000 -1 60
35.405582 285.440857 4.000000 -0.549446 0.835529 0.000000 -0.535804 -0.844343 -0.000000 0.999252 -0.038665 0.000000 -1 62
55.533806 286.499939 4.000000 0.697951 0.716146 0.000000 -0.978710 0.205247 0.000000 0.272350 -0.962198 -0.000000 -1 63
