228.452881 300.452332 4.000000 -0.338616 0.940925 0.000000 -0.721152 -0.692777 -0.000000 0.945359 -0.326031 -0.000000 -1 1
526.452393 3.503417 4.000000 -0.672754 0.739867 0.000000 -0.369763 -0.929126 -0.000000 0.980420 0.196917 0.000000 -1 4
181.432388 8.546508 4.000000 -0.397444 0.917627 0.000000 -0.770937 -0.636912 -0.000000 0.973862 -0.227140 0.000000 -1 6
119.433167 21.461639 4.000000 -0.126946 0.991910 -0.000000 -0.802902 -0.596112 -0.000000 0.902603 -0.430473 -0.000000 -1 8
64.277466 22.732313 4.000000 -0.021421 0.999771 0.000000 -0.920438 -0.390890 -0.000000 0.860896 -0.508782 -0.000000 -1 10
256.451843 22.481222 4.000000 -0.092688 0.995695 0.000000 -0.817227 -0.576316 -0.000000 0.913576 -0.406668 -0.000000 -1 11
166.460892 27.587543 4.000000 0.563636 0.826023 0.000000 -0.990923 0.134434 -0.000000 0.489281 -0.872126 -0.000000 -1 13
279.324799 37.704407 4.000000 0.058217 0.998304 0.000000 -0.886393 -0.462934 -0.000000 0.909154 -0.416460 0.000000 -1 17
182.490234 45.543545 4.000000 -0.352128 0.935952 0.000000 -0.677879 -0.735174 -0.000000 0.991113 -0.133023 0.000000 -1 19
61.724461 58.281456 4.000000 -0.556069 0.831136 0.000000 -0.365601 -0.930772 0.000000 0.999941 0.010853 0.000000 -1 22
117.579918 64.422707 4.000000 -0.065274 0.997867 0.000000 -0.749138 -0.662414 -0.000000 0.897229 -0.441565 0.000000 -1 24
23.538412 67.508148 4.000000 -0.096989 0.995285 0.000000 -0.823618 -0.567145 -0.000000 0.915674 -0.401922 0.000000 -1 25
54.449104 88.538277 4.000000 0.333677 0.942688 0.000000 -0.995556 -0.094167 0.000000 0.616457 -0.787389 -0.000000 -1 28
204.408783 95.453773 4.000000 -0.551529 0.834156 0.000000 -0.544770 -0.838586 0.000000 0.997697 -0.067827 -0.000000 -1 30
18.280426 102.312897 4.000000 -0.512201 0.858866 0.000000 -0.535877 -0.844296 0.000000 0.998279 -0.058647 -0.000000 -1 31
264.421692 115.474220 4.000000 0.862590 0.505904 0.000000 -0.917777 0.397097 0.000000 -0.130384 -0.991463 -0.000000 -1 33
236.558456 119.420555 4.000000 -0.309096 0.951031 0.000000 -0.579128 -0.815236 -0.000000 0.972465 -0.233049 -0.000000 -1 34
98.520851 121.514145 4.000000 0.847474 0.530837 0.000000 -0.851992 0.523554 0.000000 0.023312 -0.999728 -0.000000 -1 36
594.554810 130.481598 4.000000 0.929770 0.368141 0.000000 -0.829996 0.557770 0.000000 0.011557 -0.999933 -0.000000 -1 39
140.473389 140.429245 4.000000 0.735351 0.677686 0.000000 -0.964126 0.265446 0.000000 0.171932 -0.985109 -0.000000 -1 43
157.436295 153.427872 4.000000 -0.178694 0.983905 0.000000 -0.753650 -0.657276 -0.000000 0.876772 -0.480907 -0.000000 -1 45
120.516800 159.547043 4.000000 -0.189516 0.981878 0.000000 -0.763253 -0.646100 -0.000000 0.953895 -0.300141 -0.000000 -1 46
81.499588 167.501587 4.000000 -0.325649 0.945491 0.000000 -0.844100 -0.536185 -0.000000 0.944269 -0.329174 0.000000 -1 48
78.580505 203.427017 4.000000 -0.783657 0.621194 0.000000 -0.055701 -0.998447 -0.000000 0.960320 0.278902 0.000000 -1 51
299.545166 203.578125 4.000000 -0.425401 0.905005 0.000000 -0.500850 -0.865534 -0.000000 0.996598 0.082410 0.000000 -1 53
168.467194 216.509674 4.000000 0.324409 0.945917 0.000000 -0.991243 -0.132053 0.000000 0.598740 -0.800943 -0.000000 -1 54
40.522316 230.421768 4.000000 0.779819 0.626006 0.000000 -0.966177 0.257879 0.000000 0.242464 -0.970160 -0.000000 -1 56
210.442703 231.545074 4.000000 0.267983 0.963424 0.000000 -0.987819 -0.155605 -0.000000 0.677117 -0.735876 -0.000000 -1 58
263.505096 231.506317 4.000000 0.788032 0.615634 0.000000 -0.932629 0.360836 0.000000 0.218411 -0.975857 -0.000000 -1 59
151.436874 247.537704 4.000000 0.603087 0.797675 0.000000 -0.985947 0.167056 0.000000 0.312680 -0.949858 -0.000000 -1 63
234.726440 258.710114 4.000000 -0.361617 0.932327 0.000000 -0.568491 -0.822690 -0.000000 0.998161 -0.060610 -0.000000 -1 65
456.439484 259.513763 4.000000 0.279625 0.960109 0.000000 -0.988324 -0.152368 -0.000000 0.623118 -0.782128 -0.000000 -1 66
115.448524 269.434875 4.000000 0.551335 0.834284 0.000000 -0.999651 -0.026422 0.000000 0.333431 -0.942774 -0.000000 -1 67
40.290771 273.722321 4.000000 0.771332 0.636433 0.000000 -0.904399 0.426688 0.000000 0.072863 -0.997342 -0.000000 -1 68
163.523743 274.401520 4.000000 -0.049306 0.998784 0.000000 -0.810177 -0.586185 -0.000000 0.862002 -0.506905 -0.000000 -1 69
598.575439 278.516937 4.000000 0.351814 0.936070 0.000000 -0.966522 -0.256585 0.000000 0.718442 -0.695587 -0.000000 -1 70
