526.543945 6.480868 4.000000 -0.659752 0.751483 0.000000 -0.259996 -0.965610 -0.000000 0.983309 0.181942 0.000000 -1 1
156.516541 11.537467 4.000000 0.773268 0.634079 0.000000 -0.905060 0.425284 0.000000 0.165582 -0.986196 -0.000000 -1 2
253.487900 21.454741 4.000000 0.249982 0.968251 0.000000 -0.956103 -0.293032 0.000000 0.691946 -0.721949 -0.000000 -1 4
90.438576 27.532070 4.000000 -0.370134 0.928978 0.000000 -0.711421 -0.702766 -0.000000 0.972460 -0.233071 0.000000 -1 7
218.537811 35.422791 4.000000 -0.164234 0.986421 0.000000 -0.730456 -0.682959 -0.000000 0.910728 -0.413006 -0.000000 -1 10
302.419495 42.552021 4.000000 -0.484576 0.874749 0.000000 -0.609995 -0.792405 -0.000000 0.998385 0.056819 0.000000 -1 11
108.739296 66.287498 4.000000 -0.780960 0.624581 0.000000 -0.089845 -0.995956 -0.000000 0.934514 0.355925 0.000000 -1 13
146.581741 74.494072 4.000000 0.658211 0.752834 0.000000 -0.959484 0.281763 0.000000 0.348325 -0.937374 -0.000000 -1 14
94.736855 95.714211 4.000000 0.253746 0.967271 0.000000 -0.951771 -0.306810 -0.000000 0.772256 -0.635312 -0.000000 -1 17
278.290314 97.724228 4.000000 0.290542 0.956862 0.000000 -0.991675 -0.128769 0.000000 0.663266 -0.748384 -0.000000 -1 18
176.545944 109.549782 4.000000 -0.393789 0.919201 0.000000 -0.595849 -0.803097 0.000000 0.999452 -0.033111 0.000000 -1 20
165.724014 138.721512 4.000000 0.927859 0.372931 0.000000 -0.716461 0.697627 0.000000 -0.118096 -0.993002 -0.000000 -1 24
235.437119 143.531509 4.000000 0.495551 0.868579 0.000000 -0.999978 0.006699 0.000000 0.365825 -0.930684 -0.000000 -1 26
82.334000 144.747559 4.000000 -0.599250 0.800562 0.000000 -0.496146 -0.868239 -0.000000 0.991287 0.131722 0.000000 -1 28
279.431305 151.468781 4.000000 -0.297452 0.954737 0.000000 -0.667804 -0.744337 -0.000000 0.991051 -0.133483 -0.000000 -1 30
144.441818 153.540878 4.000000 -0.583460 0.812142 0.000000 -0.470778 -0.882252 -0.000000 0.996770 0.080312 0.000000 -1 31
263.546326 169.465652 4.000000 0.813836 0.581095 0.000000 -0.923258 0.384182 0.000000 0.127818 -0.991798 -0.000000 -1 33
118.528160 170.591385 4.000000 0.437139 0.899394 0.000000 -0.999962 -0.008674 -0.000000 0.613558 -0.789650 -0.000000 -1 34
184.546844 176.570847 4.000000 0.338006 0.941144 0.000000 -0.962341 -0.271847 -0.000000 0.821341 -0.570437 -0.000000 -1 37
13.732172 182.702530 4.000000 0.914964 0.403536 0.000000 -0.759350 0.650682 0.000000 -0.078042 -0.996950 -0.000000 -1 38
240.485809 212.565109 4.000000 0.680076 0.733142 0.000000 -0.947453 0.319894 0.000000 0.231896 -0.972741 -0.000000 -1 41
2.487600 233.498856 4.000000 0.354832 0.934930 0.000000 -0.988566 -0.150792 -0.000000 0.619849 -0.784721 -0.000000 -1 45
301.577454 235.427628 4.000000 -0.629737 0.776809 0.000000 -0.275455 -0.961314 -0.000000 0.997580 0.069535 0.000000 -1 46
205.717163 249.730392 4.000000 0.508408 0.861116 0.000000 -0.999188 -0.040301 0.000000 0.615191 -0.788378 -0.000000 -1 47
113.546608 254.565186 4.000000 0.445920 0.895073 0.000000 -0.998460 -0.055474 -0.000000 0.647755 -0.761849 -0.000000 -1 49
455.566589 258.518219 4.000000 0.381811 0.924240 0.000000 -0.981497 -0.191476 -0.000000 0.694504 -0.719489 -0.000000 -1 51
251.687439 259.317413 4.000000 -0.033145 0.999451 0.000000 -0.681739 -0.731596 0.000000 0.985732 -0.168323 -0.000000 -1 52
300.453918 278.556519 4.000000 0.950391 0.311057 0.000000 -0.692584 0.721338 0.000000 -0.268569 -0.963260 -0.000000 -1 55
2.401937 281.502899 4.000000 -0.040057 0.999197 -0.000000 -0.845850 -0.533421 -0.000000 0.836170 -0.548470 -0.000000 -1 57
166.520248 284.597076 4.000000 -0.232897 0.972501 0.000000 -0.920243 -0.391347 0.000000 0.957035 -0.289973 -0.000000 -1 58
38.551510 290.516235 4.000000 0.388062 0.921633 0.000000 -0.980828 -0.194875 0.000000 0.735047 -0.678016 -0.000000 -1 60
