523.556519 4.556134 4.000000 -0.598754 0.800933 0.000000 -0.307368 -0.951591 -0.000000 0.974183 0.225758 -0.000000 -1 2
261.548035 6.508361 4.000000 0.041424 0.999142 0.000000 -0.852236 -0.523158 -0.000000 0.896278 -0.443493 -0.000000 -1 3
286.517792 8.466266 4.000000 -0.866960 0.498377 0.000000 0.176246 -0.984346 -0.000000 0.956063 0.293161 0.000000 -1 4
86.457108 12.411069 4.000000 0.395134 0.918623 0.000000 -0.980965 -0.194185 -0.000000 0.656957 -0.753928 -0.000000 -1 5
14.538912 23.577841 4.000000 0.881455 0.472268 0.000000 -0.784539 0.620079 0.000000 -0.099462 -0.995041 -0.000000 -1 9
267.548157 23.453600 4.000000 -0.721947 0.691948 0.000000 -0.186998 -0.982360 -0.000000 0.976034 0.217617 0.000000 -1 10
225.312241 29.285879 4.000000 -0.158728 0.987322 0.000000 -0.871665 -0.490102 0.000000 0.875154 -0.483845 -0.000000 -1 12
302.590149 38.413647 4.000000 -0.630816 0.775932 0.000000 -0.217053 -0.976160 -0.000000 0.998389 0.056742 -0.000000 -1 16
86.417442 42.569817 4.000000 0.766405 0.642358 0.000000 -0.911801 0.410633 0.000000 0.079918 -0.996801 -0.000000 -1 18
170.286087 48.350975 4.000000 -0.812008 0.583646 0.000000 -0.106068 -0.994359 -0.000000 0.935903 0.352259 0.000000 -1 19
107.505226 49.458843 4.000000 -0.061250 0.998122 0.000000 -0.815599 -0.578617 0.000000 0.892960 -0.450137 -0.000000 -1 21
253.490463 65.527771 4.000000 0.123344 0.992364 0.000000 -0.937883 -0.346952 -0.000000 0.782946 -0.622090 -0.000000 -1 24
47.462807 72.513542 4.000000 -0.594771 0.803895 0.000000 -0.534312 -0.845287 -0.000000 0.998455 0.055576 0.000000 -1 26
156.526627 77.492691 4.000000 0.018587 0.999827 0.000000 -0.869285 -0.494311 0.000000 0.830662 -0.556777 -0.000000 -1 28
68.482033 91.581917 4.000000 0.208967 0.977923 0.000000 -0.978705 -0.205273 -0.000000 0.742090 -0.670301 -0.000000 -1 29
191.505157 94.467003 4.000000 -0.628919 0.777471 0.000000 -0.394540 -0.918879 -0.000000 0.996994 0.077480 0.000000 -1 30
120.486366 100.477570 4.000000 0.343794 0.939045 0.000000 -0.981615 -0.190871 -0.000000 0.654387 -0.756160 -0.000000 -1 31
490.483429 100.512184 4.000000 0.188232 0.982125 0.000000 -0.959684 -0.281082 0.000000 0.736390 -0.676557 -0.000000 -1 32
253.420929 122.563751 4.000000 -0.608671 0.793423 0.000000 -0.504819 -0.863225 -0.000000 0.988546 0.150917 0.000000 -1 36
205.489548 132.523529 4.000000 0.833765 0.552119 0.000000 -0.855305 0.518124 0.000000 -0.069684 -0.997569 -0.000000 -1 38
44.497097 135.559998 4.000000 0.227392 0.973803 0.000000 -0.975904 -0.218201 -0.000000 0.706718 -0.707495 0.000000 -1 39
303.458130 140.417633 4.000000 -0.659981 0.751282 0.000000 -0.486001 -0.873958 -0.000000 0.999522 0.030907 0.000000 -1 40
161.443298 175.561554 4.000000 -0.146144 0.989263 0.000000 -0.807589 -0.589745 -0.000000 0.931172 -0.364579 0.000000 -1 45
114.532928 184.464844 4.000000 -0.642415 0.766357 0.000000 -0.287189 -0.957874 -0.000000 0.991226 0.132174 0.000000 -1 46
432.561096 197.584991 4.000000 -0.221820 0.975088 0.000000 -0.679081 -0.734063 0.000000 0.994026 -0.109145 0.000000 -1 47
259.468292 215.453827 4.000000 0.167808 0.985820 0.000000 -0.926601 -0.376046 0.000000 0.765246 -0.643738 -0.000000 -1 49
103.491692 227.414825 4.000000 0.153209 0.988194 0.000000 -0.909509 -0.415683 -0.000000 0.731286 -0.682071 -0.000000 -1 52
46.465519 234.546844 4.000000 0.899270 0.437395 0.000000 -0.817465 0.575978 0.000000 -0.141651 -0.989917 -0.000000 -1 54
181.526321 239.494522 4.000000 0.932066 0.362288 0.000000 -0.747118 0.664692 0.000000 -0.164761 -0.986334 -0.000000 -1 57
457.512054 260.434631 4.000000 0.380644 0.924722 0.000000 -0.974394 -0.224849 -0.000000 0.606636 -0.794980 -0.000000 -1 59
200.452179 262.564484 4.000000 -0.164240 0.986420 0.000000 -0.812129 -0.583478 -0.000000 0.931425 -0.363933 -0.000000 -1 60
41.518467 284.451111 4.000000 -0.520269 0.854003 0.000000 -0.458922 -0.888477 -0.000000 0.999998 -0.001899 0.000000 -1 64
161.727081 290.709015 4.000000 -0.147393 0.989078 0.000000 -0.747219 -0.664578 -0.000000 0.950943 -0.309365 0.000000 -1 65
119.715729 296.655029 4.000000 -0.298336 0.954461 0.000000 -0.585746 -0.810494 -0.000000 0.948367 -0.317176 -0.000000 -1 68
