192.512314 5.480654 4.000000 -0.434811 0.900522 0.000000 -0.585173 -0.810909 0.000000 0.989829 -0.142266 -0.000000 -1 1
527.574219 7.521136 4.000000 -0.632122 0.774869 0.000000 -0.239929 -0.970790 0.000000 0.976933 0.213544 0.000000 -1 2
77.520775 22.491783 4.000000 0.153741 0.988111 0.000000 -0.908803 -0.417226 -0.000000 0.799952 -0.600064 -0.000000 -1 3
8.592265 25.441210 4.000000 -0.663610 0.748079 0.000000 -0.190145 -0.981756 -0.000000 0.984604 0.174803 0.000000 -1 5
231.302338 30.721357 4.000000 0.147753 0.989024 0.000000 -0.953476 -0.301469 0.000000 0.795931 -0.605388 -0.000000 -1 7
179.549515 44.497463 4.000000 -0.558801 0.829302 0.000000 -0.444611 -0.895724 -0.000000 0.998048 0.062445 0.000000 -1 10
130.453171 45.425072 4.000000 -0.322317 0.946632 0.000000 -0.699350 -0.714780 -0.000000 0.960404 -0.278612 -0.000000 -1 11
14.439693 80.548409 4.000000 0.879871 0.475212 0.000000 -0.813800 0.581145 0.000000 -0.124049 -0.992276 -0.000000 -1 15
125.580894 83.421631 4.000000 0.712022 0.702157 0.000000 -0.988038 0.154210 0.000000 0.369847 -0.929093 -0.000000 -1 16
200.579483 85.538170 4.000000 0.079304 0.996850 0.000000 -0.815253 -0.579105 -0.000000 0.844947 -0.534850 -0.000000 -1 18
236.491074 95.526581 4.000000 0.068502 0.997651 0.000000 -0.885605 -0.464439 0.000000 0.848358 -0.529424 -0.000000 -1 19
97.537018 104.530045 4.000000 0.079576 0.996829 0.000000 -0.882781 -0.469786 -0.000000 0.868883 -0.495017 0.000000 -1 20
159.584152 118.539505 4.000000 0.002360 0.999997 0.000000 -0.814999 -0.579462 -0.000000 0.942354 -0.334616 -0.000000 -1 24
37.409977 119.459816 4.000000 -0.029246 0.999572 0.000000 -0.861044 -0.508530 -0.000000 0.810991 -0.585059 -0.000000 -1 25
270.563141 127.481636 4.000000 -0.741429 0.671031 0.000000 -0.165928 -0.986138 -0.000000 0.954654 0.297718 0.000000 -1 27
87.441414 136.419357 4.000000 0.321965 0.946752 0.000000 -0.952300 -0.305164 0.000000 0.671549 -0.740960 -0.000000 -1 29
273.521820 168.578842 4.000000 0.906417 0.422383 0.000000 -0.729550 0.683928 0.000000 -0.101930 -0.994792 0.000000 -1 32
1.550996 169.579010 4.000000 0.396570 0.918005 0.000000 -0.997406 -0.071987 0.000000 0.636109 -0.771599 -0.000000 -1 33
150.527618 185.587891 4.000000 -0.558944 0.829205 0.000000 -0.393191 -0.919457 -0.000000 0.973816 0.227339 0.000000 -1 37
244.733566 186.282791 4.000000 0.545247 0.838275 0.000000 -0.999793 0.020328 -0.000000 0.481945 -0.876202 -0.000000 -1 38
300.459961 197.574646 4.000000 -0.470820 0.882230 0.000000 -0.539841 -0.841767 -0.000000 0.998120 0.061294 0.000000 -1 39
100.521248 201.508987 4.000000 -0.318588 0.947893 0.000000 -0.674531 -0.738247 0.000000 0.986120 -0.166037 -0.000000 -1 40
25.537886 210.573822 4.000000 0.456934 0.889500 0.000000 -0.993225 -0.116210 -0.000000 0.655276 -0.755390 -0.000000 -1 42
129.551422 222.480133 4.000000 0.421506 0.906826 0.000000 -0.984868 -0.173305 0.000000 0.631947 -0.775012 -0.000000 -1 43
227.574249 241.561050 4.000000 0.852864 0.522133 0.000000 -0.862415 0.506201 0.000000 0.105398 -0.994430 -0.000000 -1 49
139.526993 246.442978 4.000000 -0.573783 0.819007 0.000000 -0.549174 -0.835708 0.000000 0.998820 -0.048558 -0.000000 -1 51
600.519714 248.524261 4.000000 0.409553 0.912286 0.000000 -0.999846 -0.017526 0.000000 0.561113 -0.827739 -0.000000 -1 52
456.563782 257.572266 4.000000 0.354215 0.935164 0.000000 -0.987371 -0.158427 0.000000 0.716295 -0.697798 -0.000000 -1 54
294.707733 261.662140 4.000000 -0.586169 0.810189 0.000000 -0.220392 -0.975411 -0.000000 0.998426 0.056078 -0.000000 -1 55
176.426178 263.461151 4.000000 0.768883 0.639389 0.000000 -0.954358 0.298664 -0.000000 0.095544 -0.995425 -0.000000 -1 56
133.426239 275.593048 4.000000 0.657950 0.753062 0.000000 -0.958054 0.286589 -0.000000 0.331868 -0.943326 -0.000000 -1 61
264.484070 281.423004 4.000000 0.897721 0.440564 0.000000 -0.908368 0.418171 0.000000 0.034122 -0.999418 -0.000000 -1 62
