526.565857 6.554729 4.000000 -0.619880 0.784696 0.000000 -0.269076 -0.963119 -0.000000 0.968275 0.249887 0.000000 -1 2
215.412735 31.455933 4.000000 0.241241 0.970465 0.000000 -0.969666 -0.244434 -0.000000 0.617620 -0.786477 -0.000000 -1 7
147.545425 35.576103 4.000000 -0.686295 0.727324 0.000000 -0.418410 -0.908258 -0.000000 0.981436 0.191788 0.000000 -1 8
178.429413 39.574455 4.000000 0.961980 0.273118 0.000000 -0.703153 0.711038 0.000000 -0.403248 -0.915091 -0.000000 -1 10
99.659584 46.744892 4.000000 0.729734 0.683731 0.000000 -0.939421 0.342766 0.000000 0.295577 -0.955319 -0.000000 -1 11
55.315372 54.264946 4.000000 0.786693 0.617344 0.000000 -0.965423 0.260690 0.000000 0.268766 -0.963205 -0.000000 -1 13
241.481964 63.420692 4.000000 -0.729888 0.683566 0.000000 -0.277135 -0.960831 -0.000000 0.980912 0.194451 0.000000 -1 16
148.579468 81.415016 4.000000 0.812158 0.583438 0.000000 -0.939829 0.341646 0.000000 0.160721 -0.987000 -0.000000 -1 18
215.450562 86.499733 4.000000 0.259541 0.965732 0.000000 -0.968594 -0.248647 -0.000000 0.726133 -0.687554 -0.000000 -1 19
90.549911 97.436134 4.000000 0.125103 0.992144 0.000000 -0.888405 -0.459060 -0.000000 0.784583 -0.620024 -0.000000 -1 22
281.414856 107.475197 4.000000 0.200339 0.979727 0.000000 -0.969269 -0.246003 0.000000 0.638375 -0.769726 -0.000000 -1 24
181.447479 112.443306 4.000000 -0.130387 0.991463 0.000000 -0.802395 -0.596794 -0.000000 0.884246 -0.467021 -0.000000 -1 25
118.429184 121.485527 4.000000 0.065296 0.997866 0.000000 -0.955668 -0.294447 -0.000000 0.767197 -0.641412 -0.000000 -1 27
12.574427 126.488823 4.000000 -0.645921 0.763404 0.000000 -0.248202 -0.968708 -0.000000 0.984173 0.177209 0.000000 -1 28
84.536041 141.541412 4.000000 -0.545364 0.838200 0.000000 -0.455646 -0.890161 -0.000000 0.992568 0.121689 0.000000 -1 29
14.424568 180.584778 4.000000 0.929793 0.368082 0.000000 -0.719449 0.694545 0.000000 -0.255341 -0.966851 -0.000000 -1 33
219.539536 197.469070 4.000000 -0.750321 0.661074 0.000000 -0.183280 -0.983061 -0.000000 0.962375 0.271726 0.000000 -1 35
117.267036 206.291183 4.000000 -0.333856 0.942624 0.000000 -0.692191 -0.721714 -0.000000 0.962805 -0.270197 -0.000000 -1 36
242.582657 211.438065 4.000000 0.392243 0.919862 0.000000 -0.971395 -0.237469 -0.000000 0.676003 -0.736899 -0.000000 -1 38
103.472954 225.509308 4.000000 0.702637 0.711549 0.000000 -0.970103 0.242692 0.000000 0.231000 -0.972954 -0.000000 -1 42
3.512337 233.427917 4.000000 0.382077 0.924130 0.000000 -0.975023 -0.222102 -0.000000 0.623196 -0.782066 -0.000000 -1 45
173.597595 244.567520 4.000000 -0.417804 0.908537 0.000000 -0.425027 -0.905181 -0.000000 0.993543 0.113459 0.000000 -1 49
112.444893 249.430084 4.000000 -0.361459 0.932388 0.000000 -0.665164 -0.746697 -0.000000 0.990247 -0.139326 0.000000 -1 50
46.574028 254.425507 4.000000 0.145823 0.989311 0.000000 -0.876695 -0.481047 -0.000000 0.816729 -0.577022 -0.000000 -1 52
209.569534 254.508911 4.000000 0.552273 0.833663 0.000000 -0.999666 -0.025851 0.000000 0.564572 -0.825384 -0.000000 -1 54
455.581482 258.461304 4.000000 0.399270 0.916833 0.000000 -0.971824 -0.235707 -0.000000 0.686871 -0.726780 -0.000000 -1 55
255.414856 263.464417 4.000000 -0.293295 0.956022 0.000000 -0.770533 -0.637400 -0.000000 0.949555 -0.313600 -0.000000 -1 56
300.507690 271.552094 4.000000 0.929457 0.368932 0.000000 -0.748297 0.663364 0.000000 -0.195288 -0.980746 -0.000000 -1 57
282.494385 284.593445 4.000000 0.114071 0.993473 0.000000 -0.909848 -0.414942 -0.000000 0.922771 -0.385350 -0.000000 -1 60
163.550827 287.399933 4.000000 -0.233714 0.972305 0.000000 -0.680541 -0.732710 -0.000000 0.939879 -0.341508 -0.000000 -1 61
82.489578 291.514496 4.000000 0.643564 0.765392 0.000000 -0.980451 0.196763 0.000000 0.252187 -0.967679 -0.000000 -1 62
133.506592 297.453186 4.000000 -0.325899 0.945405 0.000000 -0.904856 -0.425718 0.000000 0.881820 -0.471586 -0.000000 -1 64
