291.546509 4.421864 4.000000 -0.826329 0.563188 0.000000 -0.039357 -0.999225 -0.000000 0.969300 0.245882 0.000000 -1 2
523.565491 4.549303 4.000000 -0.596957 0.802273 0.000000 -0.298145 -0.954521 -0.000000 0.976911 0.213645 0.000000 -1 3
262.517609 5.483460 4.000000 -0.067156 0.997743 0.000000 -0.815735 -0.578425 -0.000000 0.921733 -0.387825 0.000000 -1 4
87.507088 11.576772 4.000000 0.376659 0.926352 0.000000 -0.995332 -0.096510 -0.000000 0.697802 -0.716291 0.000000 -1 5
13.535143 22.415533 4.000000 0.905400 0.424560 0.000000 -0.864837 0.502052 0.000000 -0.029407 -0.999568 -0.000000 -1 9
266.586823 24.410177 4.000000 -0.705691 0.708520 0.000000 -0.176790 -0.984249 -0.000000 0.990249 0.139311 0.000000 -1 11
224.705673 29.729956 4.000000 -0.051357 0.998680 0.000000 -0.862072 -0.506787 0.000000 0.929627 -0.368501 -0.000000 -1 12
302.564148 37.524666 4.000000 -0.610238 0.792218 0.000000 -0.268569 -0.963260 -0.000000 0.979951 0.199240 0.000000 -1 17
86.549400 42.517006 4.000000 0.786020 0.618201 0.000000 -0.940249 0.340488 0.000000 0.237419 -0.971407 -0.000000 -1 19
171.487579 47.447083 4.000000 -0.792593 0.609752 0.000000 -0.128349 -0.991729 -0.000000 0.956060 0.293171 0.000000 -1 20
107.412804 48.582027 4.000000 -0.136265 0.990672 0.000000 -0.880188 -0.474625 -0.000000 0.909519 -0.415662 -0.000000 -1 21
254.729080 64.287857 4.000000 0.146956 0.989143 0.000000 -0.911131 -0.412118 -0.000000 0.785403 -0.618985 -0.000000 -1 23
46.289604 71.710899 4.000000 -0.587385 0.809308 0.000000 -0.532000 -0.846744 -0.000000 0.996591 0.082502 0.000000 -1 25
157.549316 76.427063 4.000000 0.140490 0.990082 0.000000 -0.887880 -0.460075 -0.000000 0.753909 -0.656978 -0.000000 -1 28
104.341545 79.744995 4.000000 0.936442 0.350821 0.000000 -0.803586 0.595189 0.000000 -0.276038 -0.961147 -0.000000 -1 29
67.499680 90.488449 4.000000 0.180783 0.983523 0.000000 -0.933769 -0.357875 -0.000000 0.749479 -0.662028 -0.000000 -1 31
190.533524 94.436386 4.000000 -0.637849 0.770161 0.000000 -0.353938 -0.935269 -0.000000 0.997784 0.066529 0.000000 -1 33
120.487579 100.521484 4.000000 0.294516 0.955647 0.000000 -0.978866 -0.204503 -0.000000 0.698373 -0.715733 -0.000000 -1 34
490.473694 100.567223 4.000000 0.164012 0.986458 0.000000 -0.974168 -0.225826 -0.000000 0.753920 -0.656966 -0.000000 -1 35
253.424820 122.510284 4.000000 -0.608629 0.793455 0.000000 -0.518112 -0.855313 -0.000000 0.995291 0.096928 0.000000 -1 39
205.548615 132.424942 4.000000 0.900038 0.435812 0.000000 -0.859868 0.510517 0.000000 -0.062535 -0.998043 -0.000000 -1 40
45.266724 136.287384 4.000000 0.185090 0.982722 0.000000 -0.946356 -0.323127 -0.000000 0.674587 -0.738196 -0.000000 -1 41
279.515228 149.546127 4.000000 -0.110194 0.993910 0.000000 -0.783474 -0.621425 -0.000000 0.977780 -0.209636 -0.000000 -1 43
163.259293 177.704300 4.000000 -0.283464 0.958983 0.000000 -0.712522 -0.701649 -0.000000 0.960586 -0.277984 -0.000000 -1 47
114.575768 184.406677 4.000000 -0.627717 0.778441 0.000000 -0.261572 -0.965184 -0.000000 0.998518 0.054419 0.000000 -1 48
432.550415 198.428101 4.000000 -0.290989 0.956726 0.000000 -0.619183 -0.785247 -0.000000 0.959803 -0.280675 -0.000000 -1 50
259.411926 215.479431 4.000000 0.098359 0.995151 0.000000 -0.936306 -0.351186 0.000000 0.767719 -0.640787 -0.000000 -1 51
103.501930 227.426666 4.000000 0.183797 0.982964 0.000000 -0.920986 -0.389595 -0.000000 0.717570 -0.696486 0.000000 -1 54
46.487103 235.464966 4.000000 0.912749 0.408520 0.000000 -0.847442 0.530888 0.000000 -0.094377 -0.995537 -0.000000 -1 56
181.584824 239.467621 4.000000 -0.761087 0.648649 0.000000 -0.084859 -0.996393 -0.000000 0.938132 0.346277 0.000000 -1 58
457.502838 260.433685 4.000000 0.375007 0.927022 0.000000 -0.974148 -0.225912 0.000000 0.601627 -0.798777 -0.000000 -1 62
200.511078 262.525116 4.000000 -0.174679 0.984625 0.000000 -0.749372 -0.662149 -0.000000 0.944182 -0.329425 -0.000000 -1 63
43.460190 283.554077 4.000000 -0.550166 0.835055 0.000000 -0.481094 -0.876669 -0.000000 0.992678 0.120791 0.000000 -1 66
162.496521 292.434967 4.000000 -0.198299 0.980142 0.000000 -0.735787 -0.677213 -0.000000 0.895795 -0.444468 -0.000000 -1 67
