262.467804 3.507841 4.000000 0.882850 0.469655 0.000000 -0.858267 0.513204 0.000000 -0.163602 -0.986526 -0.000000 -1 1
525.541260 3.473360 4.000000 -0.632592 0.774486 0.000000 -0.296268 -0.955105 -0.000000 0.990232 0.139429 0.000000 -1 2
164.578659 9.482168 4.000000 -0.242410 0.970174 0.000000 -0.641549 -0.767082 0.000000 0.983296 -0.182013 -0.000000 -1 4
216.412582 19.532375 4.000000 0.812699 0.582683 0.000000 -0.855609 0.517623 0.000000 -0.016635 -0.999862 -0.000000 -1 7
41.533325 27.527737 4.000000 0.839033 0.544080 0.000000 -0.868201 0.496212 0.000000 0.070130 -0.997538 -0.000000 -1 9
108.570229 46.437832 4.000000 -0.391479 0.920187 0.000000 -0.554161 -0.832410 -0.000000 0.979140 -0.203185 -0.000000 -1 12
13.496101 52.467533 4.000000 -0.728014 0.685562 0.000000 -0.258821 -0.965925 0.000000 0.974819 0.222996 0.000000 -1 13
82.517845 64.435654 4.000000 0.587326 0.809350 0.000000 -0.999089 -0.042674 0.000000 0.411218 -0.911537 -0.000000 -1 17
252.468002 86.456894 4.000000 -0.615481 0.788152 0.000000 -0.362454 -0.932002 -0.000000 0.998368 0.057106 0.000000 -1 19
142.532486 88.408096 4.000000 0.886617 0.462505 0.000000 -0.906031 0.423210 0.000000 0.068613 -0.997643 -0.000000 -1 20
54.583462 89.431091 4.000000 0.155292 0.987869 0.000000 -0.876991 -0.480507 -0.000000 0.810554 -0.585664 -0.000000 -1 22
96.416077 95.544907 4.000000 0.359284 0.933228 0.000000 -0.998898 -0.046939 0.000000 0.581770 -0.813353 -0.000000 -1 25
188.541443 115.497238 4.000000 0.555022 0.831836 0.000000 -0.999745 0.022568 0.000000 0.518324 -0.855184 -0.000000 -1 27
28.466005 118.497040 4.000000 0.573123 0.819470 0.000000 -0.981514 0.191392 0.000000 0.343838 -0.939029 -0.000000 -1 28
268.536835 120.483345 4.000000 -0.723245 0.690592 0.000000 -0.181189 -0.983448 -0.000000 0.966218 0.257728 0.000000 -1 30
596.552551 131.430130 4.000000 0.900607 0.434635 0.000000 -0.905927 0.423435 0.000000 0.041687 -0.999131 0.000000 -1 32
85.553162 137.516800 4.000000 0.482829 0.875715 0.000000 -0.983811 -0.179207 -0.000000 0.422489 -0.906368 -0.000000 -1 35
53.424942 139.461624 4.000000 -0.233856 0.972271 0.000000 -0.754050 -0.656817 -0.000000 0.931057 -0.364873 -0.000000 -1 36
297.457245 151.520172 4.000000 -0.522011 0.852939 0.000000 -0.530534 -0.847664 -0.000000 0.999463 0.032757 0.000000 -1 41
216.568268 152.579803 4.000000 0.928884 0.370372 -0.000000 -0.741317 0.671155 0.000000 -0.146471 -0.989215 0.000000 -1 42
233.507507 152.539673 4.000000 0.622191 0.782866 0.000000 -0.993884 0.110428 -0.000000 0.379457 -0.925209 -0.000000 -1 43
131.336899 162.717285 4.000000 0.881024 0.473072 0.000000 -0.868120 0.496354 0.000000 -0.144155 -0.989555 -0.000000 -1 45
92.425354 170.452225 4.000000 -0.088311 0.996093 0.000000 -0.824381 -0.566035 -0.000000 0.843274 -0.537484 -0.000000 -1 46
274.427887 183.420258 4.000000 0.621429 0.783471 0.000000 -0.997095 0.076171 0.000000 0.339967 -0.940437 -0.000000 -1 48
302.404785 195.545380 4.000000 -0.348331 0.937372 0.000000 -0.710246 -0.703954 -0.000000 0.995865 -0.090841 -0.000000 -1 50
429.467865 208.491791 4.000000 -0.412445 0.910983 0.000000 -0.671849 -0.740688 -0.000000 0.911956 -0.410287 -0.000000 -1 54
98.305595 223.726440 4.000000 0.211529 0.977372 0.000000 -0.966261 -0.257564 -0.000000 0.749947 -0.661498 0.000000 -1 57
174.515518 230.508408 4.000000 -0.614736 0.788733 0.000000 -0.361793 -0.932258 -0.000000 0.991394 0.130910 0.000000 -1 58
211.425430 232.539871 4.000000 0.397232 0.917718 0.000000 -0.999997 -0.002553 0.000000 0.501920 -0.864914 -0.000000 -1 59
56.473705 254.586868 4.000000 0.027862 0.999612 0.000000 -0.922457 -0.386100 -0.000000 0.928347 -0.371714 0.000000 -1 62
241.594666 256.570007 4.000000 -0.172106 0.985078 0.000000 -0.680581 -0.732673 -0.000000 0.990319 -0.138814 -0.000000 -1 63
456.464294 259.555176 4.000000 0.295099 0.955467 0.000000 -0.994155 -0.107960 0.000000 0.641751 -0.766913 -0.000000 -1 65
109.497887 268.538818 4.000000 0.657839 0.753159 0.000000 -0.976422 0.215869 0.000000 0.367584 -0.929990 -0.000000 -1 68
600.443420 284.476257 4.000000 0.507323 0.861756 0.000000 -0.999677 -0.025422 0.000000 0.402022 -0.915630 -0.000000 -1 69
129.584244 284.462067 4.000000 -0.085275 0.996357 0.000000 -0.773443 -0.633866 -0.000000 0.911689 -0.410881 -0.000000 -1 70
73.445213 292.529846 4.000000 -0.358212 0.933640 0.000000 -0.702828 -0.711360 0.000000 0.980338 -0.197325 -0.000000 -1 72
