62.507320 300.462372 4.000000 -0.811633 0.584168 0.000000 -0.196203 -0.980563 -0.000000 0.947438 0.319941 0.000000 -1 1
191.437393 7.587049 4.000000 -0.427595 0.903970 0.000000 -0.685196 -0.728359 -0.000000 0.993910 -0.110198 -0.000000 -1 3
527.573730 7.545598 4.000000 -0.621683 0.783269 0.000000 -0.255280 -0.966867 0.000000 0.971023 0.238986 0.000000 -1 4
76.443321 21.470552 4.000000 0.226057 0.974114 0.000000 -0.952791 -0.303626 -0.000000 0.752004 -0.659159 -0.000000 -1 6
268.526337 21.411465 4.000000 0.847436 0.530898 0.000000 -0.906641 0.421904 0.000000 0.069156 -0.997606 -0.000000 -1 7
11.277573 31.702269 4.000000 0.964779 0.263061 0.000000 -0.709060 0.705148 0.000000 -0.325897 -0.945405 -0.000000 -1 10
183.460098 44.381882 4.000000 -0.727335 0.686283 0.000000 -0.454667 -0.890662 -0.000000 0.996416 0.084587 0.000000 -1 11
132.521988 45.565250 4.000000 0.946878 0.321593 0.000000 -0.662802 0.748795 0.000000 -0.298152 -0.954519 -0.000000 -1 12
262.432404 68.447121 4.000000 0.858100 0.513482 0.000000 -0.875978 0.482352 0.000000 -0.045536 -0.998963 -0.000000 -1 17
124.423859 83.480942 4.000000 0.462371 0.886687 0.000000 -0.999958 0.009152 0.000000 0.428257 -0.903657 -0.000000 -1 18
13.551080 85.423935 4.000000 0.912149 0.409858 0.000000 -0.865401 0.501080 0.000000 -0.007841 -0.999969 -0.000000 -1 19
235.552948 95.577721 4.000000 0.114423 0.993432 0.000000 -0.907110 -0.420893 -0.000000 0.861485 -0.507782 -0.000000 -1 22
94.582130 103.466743 4.000000 -0.262343 0.964975 0.000000 -0.622002 -0.783016 -0.000000 0.971520 -0.236956 -0.000000 -1 25
181.425674 110.461563 4.000000 0.715219 0.698900 0.000000 -0.980786 0.195089 0.000000 0.175335 -0.984509 -0.000000 -1 26
157.558395 114.559135 4.000000 -0.149073 0.988826 0.000000 -0.680288 -0.732945 -0.000000 0.991717 -0.128444 0.000000 -1 27
271.431427 124.464417 4.000000 -0.613650 0.789578 0.000000 -0.395219 -0.918587 0.000000 0.970360 0.241666 0.000000 -1 28
271.564453 168.566727 4.000000 -0.403203 0.915111 0.000000 -0.528538 -0.848910 -0.000000 0.999284 0.037826 0.000000 -1 32
82.503227 178.447647 4.000000 0.159754 0.987157 0.000000 -0.923517 -0.383558 -0.000000 0.799087 -0.601215 -0.000000 -1 35
152.506165 187.549210 4.000000 -0.629994 0.776600 0.000000 -0.362386 -0.932028 0.000000 0.981308 0.192442 -0.000000 -1 37
303.472870 196.559326 4.000000 -0.383742 0.923440 0.000000 -0.635955 -0.771726 -0.000000 0.997607 -0.069135 -0.000000 -1 39
102.547440 200.481918 4.000000 -0.069532 0.997580 0.000000 -0.829642 -0.558296 -0.000000 0.909920 -0.414784 -0.000000 -1 40
13.491754 207.508957 4.000000 0.363844 0.931460 0.000000 -0.980852 -0.194756 -0.000000 0.661104 -0.750294 -0.000000 -1 41
251.452957 210.506180 4.000000 -0.243967 0.969784 0.000000 -0.725236 -0.688500 0.000000 0.950383 -0.311082 -0.000000 -1 43
102.482529 220.576431 4.000000 0.840591 0.541670 0.000000 -0.881370 0.472426 0.000000 0.134690 -0.990888 -0.000000 -1 46
135.409973 225.443588 4.000000 0.438563 0.898701 0.000000 -0.994760 -0.102241 0.000000 0.450108 -0.892974 -0.000000 -1 47
231.467499 243.427536 4.000000 -0.691761 0.722126 0.000000 -0.234810 -0.972041 -0.000000 0.981073 0.193641 0.000000 -1 50
456.532715 258.421661 4.000000 0.355335 0.934739 0.000000 -0.958667 -0.284532 -0.000000 0.641695 -0.766960 -0.000000 -1 53
175.556168 263.544434 4.000000 0.923508 0.383579 0.000000 -0.765281 0.643696 0.000000 -0.086216 -0.996276 -0.000000 -1 54
141.489044 278.459625 4.000000 0.562528 0.826778 0.000000 -0.998017 0.062952 -0.000000 0.419875 -0.907582 -0.000000 -1 57
261.479858 280.580261 4.000000 0.924347 0.381553 0.000000 -0.683207 0.730225 0.000000 -0.156926 -0.987610 -0.000000 -1 58
