140.504684 300.383575 4.000000 -0.626515 0.779409 0.000000 -0.464982 -0.885320 -0.000000 0.999655 -0.026262 -0.000000 -1 2
184.309189 300.266724 4.000000 -0.481791 0.876286 0.000000 -0.661470 -0.749972 0.000000 0.984293 -0.176542 -0.000000 -1 4
524.485168 4.449098 4.000000 -0.662771 0.748822 0.000000 -0.338785 -0.940864 -0.000000 0.992150 0.125054 0.000000 -1 5
260.525177 11.493148 4.000000 -0.585829 0.810435 0.000000 -0.385899 -0.922541 -0.000000 0.992088 0.125542 0.000000 -1 8
97.446968 16.554781 4.000000 0.246250 0.969206 0.000000 -0.990212 -0.139569 -0.000000 0.663985 -0.747746 -0.000000 -1 9
130.553009 20.405020 4.000000 0.903259 0.429096 0.000000 -0.921195 0.389101 0.000000 0.267671 -0.963510 0.000000 -1 11
176.442902 22.527184 4.000000 0.440775 0.897618 0.000000 -1.000000 -0.000032 0.000000 0.540139 -0.841576 -0.000000 -1 12
304.440521 35.567364 4.000000 -0.658561 0.752527 0.000000 -0.399991 -0.916519 -0.000000 0.965959 0.258695 0.000000 -1 15
600.480225 51.477005 4.000000 0.573878 0.818941 0.000000 -0.998283 0.058568 -0.000000 0.388838 -0.921306 -0.000000 -1 17
237.430099 60.457565 4.000000 -0.321749 0.946825 0.000000 -0.669624 -0.742700 -0.000000 0.989949 -0.141428 -0.000000 -1 19
30.422997 87.469719 4.000000 0.418738 0.908107 0.000000 -0.993906 -0.110231 0.000000 0.498607 -0.866828 -0.000000 -1 23
57.488346 91.569405 4.000000 0.064358 0.997927 0.000000 -0.918228 -0.396052 -0.000000 0.828918 -0.559370 -0.000000 -1 25
115.443611 105.453728 4.000000 -0.068956 0.997620 0.000000 -0.845635 -0.533762 -0.000000 0.841743 -0.539878 -0.000000 -1 27
300.579742 105.576942 4.000000 -0.345302 0.938492 0.000000 -0.516009 -0.856583 -0.000000 0.997642 0.068632 0.000000 -1 28
229.489594 109.512657 4.000000 0.813503 0.581560 0.000000 -0.903798 0.427959 0.000000 0.093005 -0.995666 -0.000000 -1 29
207.456223 128.582840 4.000000 -0.268763 0.963206 0.000000 -0.749860 -0.661597 -0.000000 0.972209 -0.234115 0.000000 -1 30
52.533588 140.414185 4.000000 -0.221017 0.975270 0.000000 -0.694284 -0.719701 0.000000 0.931575 -0.363550 -0.000000 -1 32
113.488747 181.575607 4.000000 -0.453947 0.891029 0.000000 -0.558683 -0.829381 -0.000000 0.999749 0.022412 -0.000000 -1 36
301.456238 185.471008 4.000000 -0.298963 0.954265 0.000000 -0.716895 -0.697181 -0.000000 0.958118 -0.286374 -0.000000 -1 38
238.576157 186.450806 4.000000 0.667884 0.744265 0.000000 -0.990592 0.136847 0.000000 0.410089 -0.912046 -0.000000 -1 39
432.443176 199.458084 4.000000 -0.339860 0.940476 0.000000 -0.697545 -0.716541 -0.000000 0.960984 -0.276605 -0.000000 -1 41
58.416645 206.501648 4.000000 0.099681 0.995019 0.000000 -0.951562 -0.307458 -0.000000 0.717940 -0.696105 0.000000 -1 42
164.584793 210.580002 4.000000 0.695209 0.718808 0.000000 -0.966757 0.255695 0.000000 0.356926 -0.934133 -0.000000 -1 44
255.557983 216.528778 4.000000 0.006609 0.999978 0.000000 -0.834924 -0.550365 -0.000000 0.896138 -0.443775 -0.000000 -1 45
47.487373 233.537231 4.000000 0.831767 0.555124 0.000000 -0.875933 0.482432 0.000000 0.046321 -0.998927 -0.000000 -1 49
291.509583 240.574539 4.000000 0.099524 0.995035 0.000000 -0.914798 -0.403912 -0.000000 0.834017 -0.551739 -0.000000 -1 52
106.451981 253.438416 4.000000 -0.695137 0.718877 0.000000 -0.309153 -0.951012 -0.000000 0.999643 0.026717 0.000000 -1 55
69.494881 255.553009 4.000000 -0.176431 0.984313 0.000000 -0.786154 -0.618031 -0.000000 0.955757 -0.294159 -0.000000 -1 56
136.534668 258.570465 4.000000 -0.031881 0.999492 0.000000 -0.929896 -0.367823 -0.000000 0.876158 -0.482023 0.000000 -1 57
457.435638 259.578644 4.000000 0.268311 0.963332 0.000000 -0.997669 -0.068242 -0.000000 0.630824 -0.775926 -0.000000 -1 58
52.504036 286.517548 4.000000 0.909217 0.416322 0.000000 -0.794079 0.607815 0.000000 -0.086730 -0.996232 -0.000000 -1 63
234.485138 287.408905 4.000000 0.246714 0.969088 0.000000 -0.927123 -0.374757 -0.000000 0.706560 -0.707653 -0.000000 -1 64
