262.517303 2.425788 4.000000 -0.800256 0.599659 0.000000 -0.169635 -0.985507 -0.000000 0.954953 0.296757 -0.000000 -1 2
525.558533 3.505892 4.000000 -0.614092 0.789234 0.000000 -0.290023 -0.957020 0.000000 0.985739 0.168280 0.000000 -1 3
163.519836 7.459916 4.000000 -0.363848 0.931459 0.000000 -0.575358 -0.817902 -0.000000 0.990693 -0.136116 0.000000 -1 5
216.480591 16.501911 4.000000 0.660582 0.750754 0.000000 -0.929919 0.367764 0.000000 0.274158 -0.961685 0.000000 -1 7
39.472729 27.516068 4.000000 0.885320 0.464983 0.000000 -0.820645 0.571439 0.000000 -0.065544 -0.997850 -0.000000 -1 10
182.563995 44.480602 4.000000 -0.442435 0.896801 0.000000 -0.459367 -0.888246 0.000000 0.999737 0.022952 0.000000 -1 14
108.481010 48.523052 4.000000 -0.418968 0.908001 0.000000 -0.628051 -0.778172 -0.000000 0.988797 -0.149263 0.000000 -1 15
9.549220 50.500843 4.000000 -0.699046 0.715077 0.000000 -0.189390 -0.981902 -0.000000 0.963528 0.267608 0.000000 -1 16
243.719849 68.716621 4.000000 0.532403 0.846491 0.000000 -0.996357 0.085277 0.000000 0.526696 -0.850054 -0.000000 -1 21
294.240814 84.353874 4.000000 -0.248580 0.968611 0.000000 -0.734826 -0.678256 -0.000000 0.859230 -0.511589 0.000000 -1 24
253.519196 85.498497 4.000000 -0.500758 0.865587 0.000000 -0.461921 -0.886921 -0.000000 0.999985 0.005495 -0.000000 -1 25
142.561081 87.410477 4.000000 0.881145 0.472847 0.000000 -0.902176 0.431369 0.000000 0.117819 -0.993035 -0.000000 -1 26
53.544617 89.569672 4.000000 0.168099 0.985770 0.000000 -0.934063 -0.357108 -0.000000 0.819898 -0.572510 0.000000 -1 27
189.549652 118.510284 4.000000 0.620061 0.784554 0.000000 -0.993767 0.111478 0.000000 0.433200 -0.901298 0.000000 -1 32
267.454071 119.482246 4.000000 0.944889 0.327391 0.000000 -0.788885 0.614541 0.000000 -0.209389 -0.977832 -0.000000 -1 33
26.545246 121.469040 4.000000 0.605372 0.795942 0.000000 -0.991393 0.130919 -0.000000 0.445297 -0.895383 0.000000 -1 34
96.471123 125.420776 4.000000 -0.599978 0.800017 0.000000 -0.402118 -0.915588 -0.000000 0.998006 0.063115 -0.000000 -1 35
595.482422 129.532196 4.000000 0.845725 0.533619 0.000000 -0.876867 0.480732 0.000000 0.002406 -0.999997 -0.000000 -1 36
83.452271 133.427002 4.000000 0.416250 0.909250 0.000000 -0.987742 -0.156098 -0.000000 0.506146 -0.862448 -0.000000 -1 38
50.300449 137.697113 4.000000 0.358722 0.933444 0.000000 -0.978755 -0.205031 -0.000000 0.641717 -0.766941 -0.000000 -1 39
298.595642 152.461014 4.000000 -0.549163 0.835715 0.000000 -0.347145 -0.937811 -0.000000 0.999611 0.027873 0.000000 -1 44
219.727280 155.698212 4.000000 0.845213 0.534430 0.000000 -0.884694 0.466172 0.000000 0.143316 -0.989677 -0.000000 -1 45
233.567352 159.452408 4.000000 0.562595 0.826732 0.000000 -0.998229 -0.059494 0.000000 0.528515 -0.848924 -0.000000 -1 47
187.504761 161.550385 4.000000 0.132997 0.991116 0.000000 -0.924925 -0.380149 -0.000000 0.876442 -0.481507 -0.000000 -1 49
126.519722 162.513657 4.000000 0.927541 0.373722 0.000000 -0.772562 0.634939 0.000000 -0.179338 -0.983788 -0.000000 -1 51
93.772476 171.620728 4.000000 -0.190597 0.981668 0.000000 -0.549803 -0.835294 -0.000000 0.904595 -0.426272 -0.000000 -1 53
303.516663 200.564651 4.000000 -0.266328 0.963882 0.000000 -0.667502 -0.744608 -0.000000 0.995208 -0.097780 0.000000 -1 56
249.603958 208.502197 4.000000 -0.005406 0.999985 0.000000 -0.771510 -0.636217 -0.000000 0.884198 -0.467113 -0.000000 -1 57
98.470810 226.471710 4.000000 0.030558 0.999533 0.000000 -0.802263 -0.596971 -0.000000 0.789712 -0.613478 -0.000000 -1 61
174.478455 229.435730 4.000000 -0.639004 0.769203 0.000000 -0.367571 -0.929996 -0.000000 0.996174 0.087388 0.000000 -1 62
212.445145 232.584610 4.000000 0.374498 0.927228 0.000000 -0.998854 0.047858 0.000000 0.535337 -0.844639 -0.000000 -1 64
240.479584 256.500793 4.000000 -0.292027 0.956410 0.000000 -0.703305 -0.710888 -0.000000 0.973239 -0.229796 -0.000000 -1 68
456.454865 259.557648 4.000000 0.285188 0.958472 0.000000 -0.994397 -0.105714 0.000000 0.639841 -0.768508 -0.000000 -1 69
166.477875 274.577789 4.000000 0.391160 0.920323 0.000000 -0.999994 -0.003491 0.000000 0.526265 -0.850321 -0.000000 -1 70
133.519165 281.572021 4.000000 0.022154 0.999755 0.000000 -0.958472 -0.285188 -0.000000 0.857192 -0.514997 -0.000000 -1 71
599.566040 281.547516 4.000000 0.556252 0.831014 0.000000 -0.998989 0.044947 -0.000000 0.505985 -0.862542 -0.000000 -1 72
73.519829 294.413025 4.000000 -0.295802 0.955249 0.000000 -0.664635 -0.747168 0.000000 0.948143 -0.317843 -0.000000 -1 74
