521.445251 5.456777 4.000000 -0.713167 0.700994 0.000000 -0.342169 -0.939638 -0.000000 0.981525 0.191332 0.000000 -1 5
272.411255 28.418726 4.000000 -0.626441 0.779469 0.000000 -0.365417 -0.930844 0.000000 0.993569 0.113227 0.000000 -1 8
36.771114 29.318481 4.000000 -0.787168 0.616738 0.000000 0.030784 -0.999526 -0.000000 0.877212 0.480103 0.000000 -1 9
98.590492 32.451557 4.000000 -0.593824 0.804595 0.000000 -0.308671 -0.951169 -0.000000 0.994950 0.100371 0.000000 -1 11
49.518112 38.530155 4.000000 -0.284247 0.958751 0.000000 -0.558914 -0.829226 0.000000 0.989611 0.143771 0.000000 -1 14
153.458374 38.436493 4.000000 -0.497496 0.867466 0.000000 -0.597732 -0.801696 0.000000 0.987779 -0.155862 -0.000000 -1 15
216.714157 41.729332 4.000000 0.844105 0.536178 0.000000 -0.845116 0.534582 0.000000 0.076288 -0.997086 -0.000000 -1 17
300.598999 46.431530 4.000000 -0.379237 0.925299 0.000000 -0.456374 -0.889788 -0.000000 0.990007 -0.141018 -0.000000 -1 19
127.448425 50.557766 4.000000 0.274033 0.961720 0.000000 -0.993542 -0.113465 -0.000000 0.649935 -0.759990 -0.000000 -1 21
36.479206 53.474022 4.000000 0.739846 0.672776 0.000000 -0.907380 0.420312 0.000000 0.097235 -0.995261 -0.000000 -1 22
231.487793 58.407253 4.000000 -0.002257 0.999997 0.000000 -0.832411 -0.554159 -0.000000 0.848553 -0.529111 -0.000000 -1 24
83.449959 62.493824 4.000000 0.187964 0.982176 0.000000 -0.954959 -0.296738 -0.000000 0.758144 -0.652087 -0.000000 -1 25
9.734454 63.708782 4.000000 -0.298572 0.954387 0.000000 -0.587245 -0.809410 0.000000 0.995002 -0.099855 -0.000000 -1 26
160.514053 91.452591 4.000000 -0.491534 0.870858 0.000000 -0.509774 -0.860309 -0.000000 0.996467 -0.083990 0.000000 -1 30
494.511139 91.572746 4.000000 0.164420 0.986390 0.000000 -0.961792 -0.273783 -0.000000 0.797645 -0.603127 0.000000 -1 31
383.471710 100.474686 4.000000 0.690411 0.723418 0.000000 -0.979463 0.201625 0.000000 0.257906 -0.966170 -0.000000 -1 33
27.723024 120.306801 4.000000 0.303893 0.952706 0.000000 -0.948151 -0.317820 -0.000000 0.639184 -0.769054 0.000000 -1 36
129.257736 122.656311 4.000000 0.911499 0.411303 -0.000000 -0.663680 0.748016 0.000000 -0.237345 -0.971425 -0.000000 -1 37
164.506332 151.604202 4.000000 0.762186 0.647358 0.000000 -0.937711 0.347416 0.000000 0.342281 -0.939598 -0.000000 -1 41
34.463421 157.442490 4.000000 -0.039780 0.999208 0.000000 -0.834286 -0.551331 -0.000000 0.838720 -0.544563 -0.000000 -1 42
236.450729 171.569733 4.000000 0.366611 0.930374 0.000000 -0.995621 -0.093484 -0.000000 0.694297 -0.719689 -0.000000 -1 45
113.534470 173.569489 4.000000 0.951410 0.307928 0.000000 -0.664939 0.746898 0.000000 -0.283473 -0.958980 -0.000000 -1 46
186.532837 180.498230 4.000000 0.866508 0.499164 0.000000 -0.847629 0.530589 0.000000 0.008334 -0.999965 -0.000000 -1 48
1.449069 189.546417 4.000000 0.457612 0.889152 0.000000 -0.999105 0.042308 0.000000 0.486774 -0.873528 -0.000000 -1 49
436.548187 195.558441 4.000000 -0.340436 0.940268 -0.000000 -0.587431 -0.809274 -0.000000 0.999077 -0.042951 0.000000 -1 51
200.463989 208.440353 4.000000 -0.229621 0.973280 0.000000 -0.683207 -0.730225 0.000000 0.950778 -0.309873 -0.000000 -1 55
46.477943 211.416779 4.000000 -0.127659 0.991818 0.000000 -0.764746 -0.644331 0.000000 0.885107 -0.465387 -0.000000 -1 56
130.511520 219.513184 4.000000 -0.526153 0.850390 0.000000 -0.500897 -0.865507 -0.000000 0.999931 0.011777 0.000000 -1 58
248.514023 224.564987 4.000000 0.175713 0.984441 0.000000 -0.954191 -0.299199 0.000000 0.788063 -0.615595 -0.000000 -1 59
100.467285 234.490860 4.000000 0.467744 0.883864 0.000000 -0.999848 0.017420 0.000000 0.527468 -0.849575 -0.000000 -1 63
110.494118 256.596832 4.000000 -0.476530 0.879158 0.000000 -0.545573 -0.838063 -0.000000 0.997402 0.072029 -0.000000 -1 66
2.416788 258.525543 4.000000 0.402666 0.915347 0.000000 -0.998682 0.051332 0.000000 0.479789 -0.877384 -0.000000 -1 67
54.430672 258.535339 4.000000 0.659923 0.751334 0.000000 -0.954397 0.298539 0.000000 0.204936 -0.978775 -0.000000 -1 68
460.525726 259.535370 4.000000 0.366623 0.930369 0.000000 -0.991523 -0.129933 -0.000000 0.653755 -0.756706 -0.000000 -1 69
221.540817 265.510254 4.000000 0.546355 0.837554 0.000000 -0.998021 0.062875 0.000000 0.480093 -0.877218 -0.000000 -1 70
158.295517 267.734955 4.000000 0.210607 0.977571 0.000000 -0.971944 -0.235211 -0.000000 0.771157 -0.636645 -0.000000 -1 71
253.462189 273.529907 4.000000 0.448865 0.893599 0.000000 -0.999149 -0.041240 0.000000 0.530647 -0.847593 -0.000000 -1 76
18.553877 291.441498 4.000000 -0.171574 0.985171 0.000000 -0.710432 -0.703766 0.000000 0.911600 -0.411078 -0.000000 -1 78
65.487579 293.538452 4.000000 -0.181629 0.983367 0.000000 -0.745210 -0.666830 -0.000000 0.941986 -0.335652 0.000000 -1 79
172.457672 298.505554 4.000000 -0.592089 0.805872 0.000000 -0.469308 -0.883034 -0.000000 0.993558 0.113322 0.000000 -1 80
