526.544678 5.545507 4.000000 -0.635301 0.772265 0.000000 -0.279749 -0.960073 -0.000000 0.968631 0.248504 0.000000 -1 2
158.411926 14.557684 4.000000 0.712639 0.701531 0.000000 -0.934564 0.355794 0.000000 0.133380 -0.991065 -0.000000 -1 5
26.460075 17.567636 4.000000 0.638001 0.770036 0.000000 -0.923760 0.382971 0.000000 0.213011 -0.977050 0.000000 -1 7
252.560989 24.514528 4.000000 0.257086 0.966388 0.000000 -0.958911 -0.283707 -0.000000 0.760598 -0.649223 -0.000000 -1 8
94.321312 28.732410 4.000000 -0.226828 0.973935 0.000000 -0.760419 -0.649433 -0.000000 0.969535 -0.244952 0.000000 -1 10
216.564407 37.583061 4.000000 -0.485951 0.873986 0.000000 -0.417452 -0.908699 -0.000000 0.992072 0.125675 0.000000 -1 12
286.456207 40.537403 4.000000 -0.042055 0.999115 0.000000 -0.856061 -0.516874 -0.000000 0.924684 -0.380734 -0.000000 -1 13
87.505264 62.450314 4.000000 -0.018301 0.999833 0.000000 -0.829922 -0.557879 0.000000 0.822335 -0.569003 -0.000000 -1 16
43.529266 92.574257 4.000000 -0.488483 0.872574 0.000000 -0.436484 -0.899712 0.000000 0.987475 0.157778 0.000000 -1 19
101.446533 97.554604 4.000000 -0.422716 0.906262 0.000000 -0.760554 -0.649274 -0.000000 0.985915 -0.167245 -0.000000 -1 21
181.494583 108.442719 4.000000 -0.398673 0.917093 0.000000 -0.615896 -0.787827 -0.000000 0.979154 -0.203120 0.000000 -1 22
97.481613 131.446838 4.000000 -0.768768 0.639528 0.000000 -0.145333 -0.989383 -0.000000 0.944895 0.327374 0.000000 -1 25
167.444809 132.443390 4.000000 0.664531 0.747260 0.000000 -0.993784 0.111325 0.000000 0.334295 -0.942468 -0.000000 -1 26
33.583088 137.529587 4.000000 -0.082065 0.996627 0.000000 -0.742457 -0.669894 0.000000 0.926508 -0.376274 -0.000000 -1 28
209.463028 147.549301 4.000000 -0.536383 0.843975 0.000000 -0.626907 -0.779094 -0.000000 0.999960 -0.008904 0.000000 -1 32
146.273163 150.712616 4.000000 -0.399092 0.916911 0.000000 -0.669758 -0.742579 0.000000 0.985617 -0.168996 -0.000000 -1 33
72.453636 170.493576 4.000000 -0.272599 0.962128 0.000000 -0.727089 -0.686543 -0.000000 0.958481 -0.285155 -0.000000 -1 35
119.455116 173.516174 4.000000 0.460290 0.887768 0.000000 -0.999910 0.013418 0.000000 0.492893 -0.870090 -0.000000 -1 36
154.739563 184.690369 4.000000 0.828113 0.560562 -0.000000 -0.761633 0.648009 0.000000 0.043436 -0.999056 -0.000000 -1 39
11.589857 189.446915 4.000000 -0.668694 0.743537 0.000000 -0.193841 -0.981033 -0.000000 0.984576 0.174957 0.000000 -1 41
242.525848 189.403168 4.000000 0.087863 0.996133 0.000000 -0.872993 -0.487733 -0.000000 0.802787 -0.596266 -0.000000 -1 42
183.271515 192.725632 4.000000 0.034934 0.999390 0.000000 -0.945614 -0.325290 -0.000000 0.791131 -0.611646 -0.000000 -1 43
52.547070 228.552567 4.000000 0.369233 0.929337 0.000000 -0.983075 -0.183206 -0.000000 0.757500 -0.652835 -0.000000 -1 47
600.470642 233.456146 4.000000 0.445597 0.895234 0.000000 -0.995001 -0.099860 -0.000000 0.484399 -0.874847 -0.000000 -1 50
177.474594 237.415695 4.000000 -0.175511 0.984478 0.000000 -0.751410 -0.659836 0.000000 0.898029 -0.439936 -0.000000 -1 51
298.410431 237.485245 4.000000 -0.629203 0.777241 0.000000 -0.475585 -0.879670 -0.000000 0.998018 0.062933 0.000000 -1 52
266.677704 246.716064 4.000000 0.117843 0.993032 0.000000 -0.977308 -0.211822 0.000000 0.765698 -0.643200 0.000000 -1 55
112.518967 255.586273 4.000000 0.482627 0.875826 0.000000 -0.993492 0.113905 0.000000 0.512110 -0.858920 -0.000000 -1 57
456.411163 259.411835 4.000000 0.285657 0.958332 0.000000 -0.960732 -0.277477 -0.000000 0.573489 -0.819214 -0.000000 -1 58
43.436378 262.557068 4.000000 0.618742 0.785594 0.000000 -0.964285 0.264866 0.000000 0.304374 -0.952553 -0.000000 -1 59
240.289520 272.290833 4.000000 0.432760 0.901509 0.000000 -0.998736 -0.050256 0.000000 0.450886 -0.892581 -0.000000 -1 61
204.432907 274.518951 4.000000 -0.592410 0.805636 0.000000 -0.434052 -0.900888 -0.000000 0.990321 0.138796 0.000000 -1 63
599.580872 275.579071 4.000000 0.330401 0.943841 0.000000 -0.974911 -0.222594 -0.000000 0.759693 -0.650282 -0.000000 -1 64
52.474533 296.587067 4.000000 -0.478692 0.877983 0.000000 -0.520905 -0.853615 0.000000 0.998575 0.053361 -0.000000 -1 67
112.725288 299.274261 4.000000 -0.734306 0.678819 0.000000 -0.166893 -0.985975 -0.000000 0.971605 0.236608 0.000000 -1 70
