528.470703 8.541782 4.000000 -0.676484 0.736457 0.000000 -0.326551 -0.945179 0.000000 0.964016 0.265845 0.000000 -1 1
95.522163 28.496645 4.000000 0.486327 0.873777 0.000000 -0.931326 0.364186 0.000000 0.366658 -0.930356 -0.000000 -1 6
160.453690 42.487564 4.000000 -0.694086 0.719892 0.000000 -0.327627 -0.944807 -0.000000 0.983646 0.180111 0.000000 -1 8
279.514587 43.442165 4.000000 0.910384 0.413765 0.000000 -0.872163 0.489215 0.000000 -0.021705 -0.999764 -0.000000 -1 9
254.289368 72.713043 4.000000 0.858691 0.512493 0.000000 -0.856655 0.515889 0.000000 -0.113826 -0.993501 -0.000000 -1 11
22.502804 77.488319 4.000000 -0.785209 0.619231 -0.000000 -0.550426 -0.834884 -0.000000 0.999344 0.036219 0.000000 -1 12
95.560165 77.441650 4.000000 -0.769737 0.638361 0.000000 -0.126037 -0.992026 0.000000 0.961318 0.275442 0.000000 -1 13
128.423431 83.442245 4.000000 0.494927 0.868934 0.000000 -0.999918 0.012835 0.000000 0.372962 -0.927847 -0.000000 -1 15
299.537933 84.449028 4.000000 -0.466274 0.884640 0.000000 -0.538896 -0.842372 -0.000000 0.997623 -0.068914 0.000000 -1 16
160.567245 100.574684 4.000000 0.861521 0.507721 0.000000 -0.824067 0.566492 0.000000 0.115018 -0.993363 -0.000000 -1 20
101.470001 111.439873 4.000000 -0.415187 0.909736 0.000000 -0.617746 -0.786378 -0.000000 0.988126 -0.153645 0.000000 -1 23
599.576660 113.510307 4.000000 0.541335 0.840807 0.000000 -0.999975 0.007047 0.000000 0.509322 -0.860576 -0.000000 -1 24
60.430450 115.560600 4.000000 -0.495849 0.868409 0.000000 -0.611689 -0.791098 -0.000000 0.999960 -0.008891 0.000000 -1 25
200.705399 118.730965 4.000000 -0.160337 0.987062 0.000000 -0.795649 -0.605757 0.000000 0.958102 -0.286428 -0.000000 -1 26
238.475113 119.549278 4.000000 0.726662 0.686995 0.000000 -0.936475 0.350733 0.000000 0.208252 -0.978075 -0.000000 -1 27
281.489532 124.576469 4.000000 0.194318 0.980939 0.000000 -0.976580 -0.215154 -0.000000 0.745287 -0.666744 -0.000000 -1 29
144.323273 144.338577 4.000000 -0.112772 0.993621 0.000000 -0.976744 -0.214410 -0.000000 0.755219 -0.655472 0.000000 -1 31
253.587463 145.545532 4.000000 0.099671 0.995020 0.000000 -0.867291 -0.497801 -0.000000 0.870054 -0.492956 0.000000 -1 32
600.566589 165.458679 4.000000 0.493827 0.869560 0.000000 -0.996999 -0.077408 -0.000000 0.558884 -0.829246 0.000000 -1 36
210.702362 168.704575 4.000000 -0.236540 0.971622 0.000000 -0.753572 -0.657365 0.000000 0.959890 -0.280376 -0.000000 -1 38
148.422928 187.436630 4.000000 -0.496574 0.867994 0.000000 -0.627911 -0.778285 -0.000000 0.989053 -0.147563 -0.000000 -1 41
240.479355 209.593567 4.000000 -0.294818 0.955554 0.000000 -0.755665 -0.654959 -0.000000 0.982713 -0.185138 -0.000000 -1 44
114.414001 220.484726 4.000000 -0.751149 0.660132 0.000000 -0.294910 -0.955525 -0.000000 0.952472 0.304628 0.000000 -1 46
97.551247 246.537430 4.000000 0.172645 0.984984 0.000000 -0.924024 -0.382334 -0.000000 0.786972 -0.616989 -0.000000 -1 51
271.442444 248.511658 4.000000 -0.231214 0.972903 0.000000 -0.509787 -0.860301 0.000000 0.973535 0.228538 0.000000 -1 52
0.493320 249.506851 4.000000 0.444990 0.895535 0.000000 -0.999627 -0.027323 0.000000 0.519643 -0.854384 -0.000000 -1 53
196.552124 253.552979 4.000000 0.345959 0.938250 0.000000 -0.977533 -0.210782 -0.000000 0.711073 -0.703118 -0.000000 -1 54
457.463257 257.484833 4.000000 0.287272 0.957849 0.000000 -0.978016 -0.208528 0.000000 0.643019 -0.765850 -0.000000 -1 55
87.578598 284.411652 4.000000 -0.701389 0.712779 0.000000 -0.152828 -0.988253 -0.000000 0.984369 0.176117 0.000000 -1 59
110.572693 293.534454 4.000000 0.465786 0.884898 0.000000 -0.996844 -0.079381 -0.000000 0.616955 -0.786998 -0.000000 -1 62
167.472946 293.565216 4.000000 0.331115 0.943590 0.000000 -0.999122 -0.041886 0.000000 0.621264 -0.783601 -0.000000 -1 63
214.445984 293.425354 4.000000 0.587322 0.809353 0.000000 -0.998610 0.052710 0.000000 0.336814 -0.941571 -0.000000 -1 64
