526.464783 3.525132 4.000000 -0.661943 0.749555 0.000000 -0.358458 -0.933546 -0.000000 0.976149 0.217100 0.000000 -1 1
106.413826 6.496048 4.000000 0.756079 0.654480 0.000000 -0.780215 0.625512 0.000000 -0.055928 -0.998435 0.000000 -1 3
180.523941 6.580565 4.000000 -0.284847 0.958573 0.000000 -0.708219 -0.705993 -0.000000 0.985916 -0.167239 0.000000 -1 4
63.580486 24.585037 4.000000 0.025128 0.999684 0.000000 -0.849472 -0.527633 -0.000000 0.933463 -0.358673 -0.000000 -1 6
165.705383 31.252169 4.000000 0.691239 0.722627 0.000000 -0.997320 0.073167 0.000000 0.477582 -0.878587 -0.000000 -1 10
283.545898 43.525997 4.000000 -0.022711 0.999742 0.000000 -0.814114 -0.580705 -0.000000 0.939508 -0.342528 0.000000 -1 12
181.736404 44.639488 4.000000 0.000734 1.000000 0.000000 -0.853539 -0.521029 -0.000000 0.870892 -0.491474 0.000000 -1 13
62.513874 64.505447 4.000000 -0.689563 0.724226 0.000000 -0.125826 -0.992052 0.000000 0.983675 0.179955 0.000000 -1 19
118.269394 64.282150 4.000000 -0.253064 0.967450 0.000000 -0.734105 -0.679036 -0.000000 0.935645 -0.352942 -0.000000 -1 20
22.556028 68.441475 4.000000 -0.256279 0.966603 0.000000 -0.683944 -0.729534 -0.000000 0.958655 -0.284570 0.000000 -1 21
56.542076 87.589699 4.000000 0.434280 0.900778 -0.000000 -0.999536 -0.030451 0.000000 0.617256 -0.786763 -0.000000 -1 22
204.488144 96.576782 4.000000 -0.420787 0.907160 0.000000 -0.569130 -0.822247 -0.000000 0.999968 -0.008022 -0.000000 -1 23
237.579346 117.549965 4.000000 -0.540239 0.841512 0.000000 -0.340546 -0.940228 -0.000000 0.987273 0.159033 0.000000 -1 26
97.558365 120.583153 4.000000 0.884664 0.466228 0.000000 -0.755360 0.655309 0.000000 -0.085585 -0.996331 -0.000000 -1 27
141.469391 142.535950 4.000000 0.799885 0.600153 0.000000 -0.880452 0.474134 0.000000 0.046256 -0.998930 -0.000000 -1 29
120.722298 161.726822 4.000000 -0.147142 0.989115 0.000000 -0.762280 -0.647247 0.000000 0.960724 -0.277506 -0.000000 -1 32
77.459366 169.432587 4.000000 -0.288208 0.957568 0.000000 -0.726484 -0.687184 -0.000000 0.935537 -0.353228 -0.000000 -1 35
301.578522 203.580063 4.000000 -0.440819 0.897596 0.000000 -0.470984 -0.882141 0.000000 0.993860 0.110643 0.000000 -1 38
10.545184 205.483047 4.000000 -0.746840 0.665004 0.000000 -0.185067 -0.982726 -0.000000 0.963281 0.268496 0.000000 -1 39
168.583908 218.509720 4.000000 0.345453 0.938436 0.000000 -0.974948 -0.222433 -0.000000 0.666423 -0.745574 -0.000000 -1 41
263.418427 231.433319 4.000000 0.805088 0.593155 0.000000 -0.941801 0.336171 0.000000 0.056457 -0.998405 -0.000000 -1 43
152.512573 250.425888 4.000000 0.628542 0.777775 0.000000 -0.999191 0.040224 -0.000000 0.386135 -0.922442 -0.000000 -1 46
236.583176 259.464050 4.000000 -0.184669 0.982801 0.000000 -0.678658 -0.734454 -0.000000 0.959738 -0.280895 -0.000000 -1 47
456.434784 259.501556 4.000000 0.276932 0.960890 0.000000 -0.986365 -0.164572 0.000000 0.618107 -0.786094 -0.000000 -1 48
113.455269 266.568298 4.000000 0.641727 0.766933 0.000000 -0.969258 0.246048 0.000000 0.271236 -0.962513 -0.000000 -1 49
41.419327 274.510071 4.000000 0.811202 0.584767 0.000000 -0.916426 0.400203 0.000000 -0.020376 -0.999792 -0.000000 -1 51
159.492020 275.580170 4.000000 -0.430231 0.902719 0.000000 -0.606393 -0.795165 -0.000000 0.999831 -0.018357 0.000000 -1 52
598.450378 278.443054 4.000000 0.237394 0.971413 0.000000 -0.944753 -0.327782 -0.000000 0.662250 -0.749283 -0.000000 -1 53
