527.506042 7.522883 4.000000 -0.658550 0.752537 0.000000 -0.308484 -0.951229 0.000000 0.973771 0.227529 -0.000000 -1 1
175.575989 33.521568 4.000000 0.825226 0.564803 0.000000 -0.802313 0.596904 0.000000 0.072395 -0.997376 -0.000000 -1 6
65.495796 36.418278 4.000000 -0.724394 0.689386 0.000000 -0.226696 -0.973966 -0.000000 0.974044 0.226359 0.000000 -1 7
140.533081 42.452492 4.000000 -0.768847 0.639433 0.000000 -0.145653 -0.989336 -0.000000 0.947132 0.320846 0.000000 -1 8
87.573547 43.420135 4.000000 0.039363 0.999225 0.000000 -0.833287 -0.552841 -0.000000 0.824383 -0.566032 -0.000000 -1 9
190.416275 72.556023 4.000000 0.871442 0.490498 0.000000 -0.802970 0.596020 0.000000 -0.109958 -0.993936 -0.000000 -1 14
122.480774 84.426765 4.000000 -0.013114 0.999914 0.000000 -0.785306 -0.619108 0.000000 0.923681 -0.383163 -0.000000 -1 17
232.447464 92.561394 4.000000 0.040576 0.999176 0.000000 -0.952166 -0.305580 0.000000 0.802405 -0.596780 -0.000000 -1 18
283.582031 100.497414 4.000000 0.356084 0.934454 0.000000 -0.957887 -0.287145 -0.000000 0.754419 -0.656394 -0.000000 -1 19
88.471825 103.576294 4.000000 -0.461610 0.887083 0.000000 -0.572287 -0.820053 -0.000000 0.999527 0.030747 0.000000 -1 20
182.559372 115.448837 4.000000 0.632807 0.774310 0.000000 -0.997647 0.068557 0.000000 0.424297 -0.905523 -0.000000 -1 24
9.452727 122.460342 4.000000 0.943712 0.330768 0.000000 -0.768463 0.639894 0.000000 -0.170097 -0.985427 -0.000000 -1 26
119.534386 123.454750 4.000000 0.147535 0.989057 0.000000 -0.904759 -0.425924 -0.000000 0.770047 -0.637987 -0.000000 -1 27
235.536346 131.494919 4.000000 -0.357894 0.933762 -0.000000 -0.693270 -0.720678 -0.000000 0.981661 -0.190636 0.000000 -1 30
58.464912 132.432175 4.000000 0.605078 0.796166 0.000000 -0.995513 0.094627 0.000000 0.343322 -0.939218 -0.000000 -1 31
266.479950 139.588181 4.000000 0.668117 0.744056 0.000000 -0.950074 0.312024 -0.000000 0.312800 -0.949819 -0.000000 -1 32
85.463051 171.484650 4.000000 0.578759 0.815499 0.000000 -0.990349 0.138594 0.000000 0.351706 -0.936110 -0.000000 -1 34
265.524384 185.521088 4.000000 0.835404 0.549636 0.000000 -0.895328 0.445407 0.000000 0.045373 -0.998970 -0.000000 -1 36
217.487091 196.433456 4.000000 0.801513 0.597977 0.000000 -0.938461 0.345386 0.000000 0.129156 -0.991624 -0.000000 -1 38
253.522858 209.557114 4.000000 -0.447814 0.894127 0.000000 -0.573371 -0.819296 -0.000000 0.999931 -0.011783 -0.000000 -1 39
156.708374 219.718628 4.000000 0.385897 0.922542 0.000000 -0.996825 -0.079630 0.000000 0.675726 -0.737153 -0.000000 -1 43
41.562794 234.490387 4.000000 -0.581029 0.813883 0.000000 -0.356582 -0.934264 0.000000 0.996833 0.079526 -0.000000 -1 49
257.435944 236.582382 4.000000 0.741356 0.671112 0.000000 -0.935941 0.352157 -0.000000 0.184101 -0.982907 -0.000000 -1 50
206.449249 255.419418 4.000000 0.240499 0.970649 0.000000 -0.951764 -0.306832 0.000000 0.662989 -0.748629 -0.000000 -1 51
456.471802 258.447357 4.000000 0.313958 0.949437 0.000000 -0.969190 -0.246315 -0.000000 0.624562 -0.780975 0.000000 -1 52
91.435745 262.466888 4.000000 0.278456 0.960449 0.000000 -0.981294 -0.192516 -0.000000 0.622069 -0.782962 -0.000000 -1 53
63.521130 263.504303 4.000000 -0.507693 0.861538 0.000000 -0.261990 -0.965071 -0.000000 0.986890 -0.161396 -0.000000 -1 54
296.574005 281.502380 4.000000 -0.126334 0.991988 0.000000 -0.773755 -0.633484 -0.000000 0.965244 -0.261352 0.000000 -1 58
264.573334 283.523987 4.000000 -0.695536 0.718491 0.000000 -0.121491 -0.992593 0.000000 0.966522 0.256583 0.000000 -1 59
49.415058 298.497345 4.000000 -0.488920 0.872329 0.000000 -0.630090 -0.776522 -0.000000 0.991896 -0.127052 -0.000000 -1 60
