225.431244 300.495636 4.000000 -0.509216 0.860639 0.000000 -0.656019 -0.754745 -0.000000 0.993969 -0.109659 -0.000000 -1 2
526.434143 3.530112 4.000000 -0.671358 0.741134 0.000000 -0.393377 -0.919377 -0.000000 0.976516 0.215445 0.000000 -1 4
33.530075 26.545450 4.000000 0.923865 0.382718 0.000000 -0.734483 0.678627 0.000000 -0.113323 -0.993558 -0.000000 -1 5
184.426346 46.490578 4.000000 -0.489731 0.871874 0.000000 -0.624559 -0.780977 0.000000 0.997707 -0.067681 -0.000000 -1 8
60.547176 57.539677 4.000000 -0.601241 0.799068 0.000000 -0.229363 -0.973341 -0.000000 0.995550 0.094234 0.000000 -1 12
116.579971 64.497643 4.000000 0.432943 0.901421 0.000000 -0.988758 -0.149525 -0.000000 0.632606 -0.774474 -0.000000 -1 13
24.571850 66.409348 4.000000 0.175591 0.984463 0.000000 -0.930396 -0.366556 -0.000000 0.742599 -0.669737 -0.000000 -1 14
250.529785 84.542496 4.000000 0.015255 0.999884 0.000000 -0.852501 -0.522726 -0.000000 0.933449 -0.358710 0.000000 -1 18
51.532749 88.596268 4.000000 0.251176 0.967941 0.000000 -0.980743 -0.195305 -0.000000 0.764715 -0.644368 -0.000000 -1 19
138.399872 88.480179 4.000000 0.879202 0.476450 0.000000 -0.860870 0.508825 0.000000 -0.121941 -0.992537 -0.000000 -1 20
203.572891 92.449127 4.000000 -0.461391 0.887197 0.000000 -0.480283 -0.877114 -0.000000 0.997083 -0.076330 0.000000 -1 22
9.286144 93.650322 4.000000 0.573791 0.819002 0.000000 -0.999748 0.022467 0.000000 0.234282 -0.972169 -0.000000 -1 23
30.494625 102.424324 4.000000 -0.830319 0.557289 0.000000 -0.550764 -0.834661 -0.000000 0.995310 0.096737 0.000000 -1 27
261.557251 115.494331 4.000000 0.935742 0.352686 0.000000 -0.795285 0.606235 0.000000 -0.099393 -0.995048 -0.000000 -1 33
57.479355 116.489342 4.000000 0.939477 0.342611 -0.000000 -0.822663 0.568529 0.000000 -0.164585 -0.986363 -0.000000 -1 34
236.535736 122.488235 4.000000 -0.020479 0.999790 0.000000 -0.809063 -0.587721 -0.000000 0.922724 -0.385462 -0.000000 -1 35
100.494331 123.450043 4.000000 0.871792 0.489877 0.000000 -0.893970 0.448127 0.000000 0.017125 -0.999853 -0.000000 -1 36
595.534851 129.454315 4.000000 0.917364 0.398050 -0.000000 -0.866987 0.498331 0.000000 0.018934 -0.999821 -0.000000 -1 37
74.574562 133.505478 4.000000 0.321916 0.946768 0.000000 -0.955309 -0.295609 -0.000000 0.794965 -0.606656 -0.000000 -1 38
142.455093 135.441833 4.000000 0.684589 0.728929 0.000000 -0.961883 0.273462 0.000000 0.172315 -0.985042 -0.000000 -1 39
122.585838 159.528107 4.000000 -0.254490 0.967075 0.000000 -0.660113 -0.751167 -0.000000 0.986904 -0.161306 0.000000 -1 42
82.475471 200.490982 4.000000 0.840057 0.542498 0.000000 -0.891854 0.452323 0.000000 0.035997 -0.999352 -0.000000 -1 46
136.546448 202.515671 4.000000 -0.233868 0.972268 0.000000 -0.643988 -0.765035 -0.000000 0.994570 -0.104066 0.000000 -1 47
299.404449 203.526443 4.000000 -0.506416 0.862289 0.000000 -0.580394 -0.814336 -0.000000 0.999570 -0.029308 0.000000 -1 48
168.517609 218.576660 4.000000 0.579967 0.814640 0.000000 -0.989970 0.141276 0.000000 0.434407 -0.900717 -0.000000 -1 52
43.536022 228.573730 4.000000 0.910188 0.414196 0.000000 -0.777538 0.628836 0.000000 -0.102921 -0.994689 -0.000000 -1 54
211.551727 234.414536 4.000000 0.426940 0.904280 0.000000 -0.974324 -0.225149 -0.000000 0.638202 -0.769869 -0.000000 -1 56
153.495010 249.552155 4.000000 0.725752 0.687957 0.000000 -0.976972 0.213368 0.000000 0.070851 -0.997487 -0.000000 -1 57
233.453384 256.568665 4.000000 -0.552563 0.833471 0.000000 -0.523610 -0.851958 -0.000000 0.997895 0.064845 0.000000 -1 59
456.439270 259.541901 4.000000 0.271841 0.962342 0.000000 -0.992215 -0.124536 -0.000000 0.632084 -0.774900 -0.000000 -1 60
39.548302 274.466461 4.000000 0.747366 0.664412 0.000000 -0.955153 0.296114 0.000000 0.257994 -0.966147 -0.000000 -1 62
167.484024 274.532532 4.000000 0.181561 0.983380 0.000000 -0.960171 -0.279413 -0.000000 0.746556 -0.665323 -0.000000 -1 64
598.562195 279.429413 4.000000 0.371777 0.928322 0.000000 -0.964050 -0.265720 0.000000 0.633197 -0.773991 -0.000000 -1 66
284.597931 293.524475 4.000000 0.179434 0.983770 0.000000 -0.855414 -0.517945 -0.000000 0.839725 -0.543012 -0.000000 -1 69
77.529213 298.517975 4.000000 -0.278382 0.960470 0.000000 -0.689391 -0.724389 0.000000 0.971845 -0.235621 0.000000 -1 70
