230.508194 4.503872 4.000000 -0.724857 0.688899 0.000000 -0.190766 -0.981635 -0.000000 0.968466 0.249146 0.000000 -1 3
194.698883 5.708364 4.000000 -0.015650 0.999878 0.000000 -0.902182 -0.431357 -0.000000 0.895303 -0.445458 0.000000 -1 4
522.491882 5.568300 4.000000 -0.634779 0.772694 0.000000 -0.337989 -0.941150 -0.000000 0.962338 0.271856 0.000000 -1 5
267.535980 20.426781 4.000000 0.893580 0.448903 0.000000 -0.878506 0.477731 0.000000 0.022718 -0.999742 -0.000000 -1 6
9.449624 36.585575 4.000000 -0.571614 0.820523 0.000000 -0.431795 -0.901972 -0.000000 0.985783 0.168026 0.000000 -1 10
301.594666 37.439999 4.000000 -0.682359 0.731017 0.000000 -0.173509 -0.984832 0.000000 0.987288 0.158944 0.000000 -1 11
63.437065 47.553814 4.000000 -0.381470 0.924381 0.000000 -0.735343 -0.677695 -0.000000 0.979712 -0.200408 0.000000 -1 14
156.558945 48.495575 4.000000 0.927982 0.372625 0.000000 -0.795794 0.605567 0.000000 -0.079081 -0.996868 -0.000000 -1 15
117.525345 49.423916 4.000000 -0.659537 0.751672 0.000000 -0.257533 -0.966269 -0.000000 0.990275 0.139123 -0.000000 -1 16
190.584045 55.508499 4.000000 -0.637450 0.770492 0.000000 -0.277139 -0.960830 -0.000000 0.979470 0.201588 0.000000 -1 18
242.550171 84.486008 4.000000 0.633162 0.774019 0.000000 -0.990388 0.138316 0.000000 0.421414 -0.906868 -0.000000 -1 19
303.553314 93.443832 4.000000 -0.517539 0.855659 0.000000 -0.490533 -0.871423 -0.000000 0.998341 -0.057575 0.000000 -1 25
201.421280 94.575333 4.000000 -0.654263 0.756267 0.000000 -0.408532 -0.912744 -0.000000 0.976416 0.215896 0.000000 -1 26
492.423706 95.564407 4.000000 0.102848 0.994697 0.000000 -0.972562 -0.232644 -0.000000 0.750519 -0.660849 -0.000000 -1 27
256.493011 117.513275 4.000000 0.158849 0.987303 0.000000 -0.926283 -0.376828 -0.000000 0.795553 -0.605883 -0.000000 -1 28
133.456512 133.545868 4.000000 0.932134 0.362114 0.000000 -0.781340 0.624106 0.000000 -0.145305 -0.989387 -0.000000 -1 30
184.509338 150.563385 4.000000 0.254046 0.967192 0.000000 -0.979682 -0.200559 -0.000000 0.750262 -0.661141 -0.000000 -1 33
95.532211 157.527634 4.000000 0.907235 0.420625 -0.000000 -0.818258 0.574851 0.000000 -0.103922 -0.994585 -0.000000 -1 34
231.513489 171.364975 4.000000 0.803098 0.595848 0.000000 -0.997725 0.067410 0.000000 0.528415 -0.848986 -0.000000 -1 36
1.516422 190.443008 4.000000 0.651411 0.758725 0.000000 -0.997074 0.076444 0.000000 0.388093 -0.921620 -0.000000 -1 39
434.506531 196.456818 4.000000 -0.362263 0.932076 0.000000 -0.613260 -0.789881 -0.000000 0.979102 -0.203369 0.000000 -1 40
46.465824 210.428146 4.000000 0.184500 0.982832 0.000000 -0.945210 -0.326463 -0.000000 0.707727 -0.706486 -0.000000 -1 43
129.454666 210.535110 4.000000 -0.251157 0.967946 0.000000 -0.768549 -0.639791 0.000000 0.966462 -0.256809 -0.000000 -1 44
80.564697 230.512238 4.000000 0.052756 0.998607 0.000000 -0.865718 -0.500532 -0.000000 0.886876 -0.462008 -0.000000 -1 47
183.465714 237.569489 4.000000 0.930948 0.365152 0.000000 -0.779620 0.626253 0.000000 -0.251186 -0.967939 -0.000000 -1 50
232.539429 241.562210 4.000000 -0.587927 0.808914 0.000000 -0.442981 -0.896531 -0.000000 0.984723 0.174126 0.000000 -1 52
120.709274 242.250519 4.000000 0.657558 0.753404 0.000000 -0.999460 0.032873 0.000000 0.491622 -0.870809 -0.000000 -1 53
458.573456 259.585632 4.000000 0.402401 0.915464 0.000000 -0.995744 -0.092161 0.000000 0.683158 -0.730271 -0.000000 -1 56
79.472351 261.565704 4.000000 0.950302 0.311330 -0.000000 -0.715098 0.699025 0.000000 -0.241243 -0.970465 0.000000 -1 57
104.523056 268.566345 4.000000 0.002997 0.999996 0.000000 -0.977519 -0.210846 0.000000 0.854684 -0.519148 -0.000000 -1 59
298.562347 269.573608 4.000000 -0.385660 0.922641 0.000000 -0.527854 -0.849335 -0.000000 0.999640 0.026834 0.000000 -1 60
36.543617 282.516632 4.000000 0.082670 0.996577 0.000000 -0.927864 -0.372919 -0.000000 0.817945 -0.575297 -0.000000 -1 61
163.467590 293.503479 4.000000 0.512929 0.858431 0.000000 -0.999993 0.003853 0.000000 0.489557 -0.871971 -0.000000 -1 64
