525.535828 3.466372 4.000000 -0.637032 0.770837 0.000000 -0.298810 -0.954313 -0.000000 0.991135 0.132860 0.000000 -1 1
263.540955 4.549090 4.000000 0.842605 0.538532 0.000000 -0.902587 0.430508 0.000000 -0.076888 -0.997040 0.000000 -1 2
164.726898 9.305820 4.000000 -0.240485 0.970653 0.000000 -0.653256 -0.757137 -0.000000 0.978534 -0.206084 -0.000000 -1 4
216.392029 19.555267 4.000000 0.820265 0.571983 0.000000 -0.822159 0.569258 0.000000 -0.081720 -0.996655 -0.000000 -1 8
41.537178 27.478567 4.000000 0.857020 0.515283 0.000000 -0.882591 0.470141 0.000000 0.071460 -0.997443 -0.000000 -1 10
109.443527 46.419662 4.000000 -0.403663 0.914908 0.000000 -0.643045 -0.765829 -0.000000 0.957481 -0.288497 0.000000 -1 12
14.518294 53.417004 4.000000 -0.745283 0.666748 0.000000 -0.228095 -0.973639 -0.000000 0.983436 0.181257 0.000000 -1 13
81.543564 62.581860 4.000000 0.581681 0.813417 0.000000 -0.992054 0.125813 0.000000 0.455284 -0.890346 -0.000000 -1 16
252.430862 86.477493 4.000000 -0.663350 0.748309 0.000000 -0.353645 -0.935380 -0.000000 0.990121 0.140219 0.000000 -1 20
142.451508 87.576820 4.000000 0.819423 0.573190 0.000000 -0.865410 0.501065 0.000000 0.014171 -0.999900 -0.000000 -1 21
54.536171 88.526184 4.000000 0.130108 0.991500 0.000000 -0.913702 -0.406385 -0.000000 0.830742 -0.556658 -0.000000 -1 22
96.467628 94.600586 4.000000 0.436819 0.899550 0.000000 -0.997942 0.064119 -0.000000 0.575892 -0.817525 0.000000 -1 23
188.448120 115.412025 4.000000 0.508686 0.860952 0.000000 -0.996825 -0.079623 0.000000 0.449196 -0.893433 -0.000000 -1 27
29.518850 116.529884 4.000000 0.546602 0.837392 0.000000 -0.951868 0.306509 0.000000 0.344364 -0.938836 -0.000000 -1 28
269.481415 120.539742 4.000000 0.956346 0.292237 0.000000 -0.707651 0.706562 0.000000 -0.242599 -0.970127 -0.000000 -1 31
598.466858 132.431656 4.000000 0.875502 0.483215 0.000000 -0.930862 0.365371 0.000000 -0.105006 -0.994472 0.000000 -1 33
53.487976 139.473511 4.000000 -0.209736 0.977758 0.000000 -0.735642 -0.677371 -0.000000 0.943337 -0.331836 -0.000000 -1 36
217.414841 151.561783 4.000000 0.927948 0.372709 0.000000 -0.771109 0.636703 0.000000 -0.279951 -0.960014 0.000000 -1 38
297.466675 151.444824 4.000000 -0.526823 0.849975 0.000000 -0.507011 -0.861940 -0.000000 0.999508 -0.031355 -0.000000 -1 39
236.434952 154.518814 4.000000 0.711752 0.702431 0.000000 -0.990430 0.138013 -0.000000 0.064151 -0.997940 -0.000000 -1 40
92.502220 171.444763 4.000000 -0.022391 0.999749 0.000000 -0.798943 -0.601407 -0.000000 0.824111 -0.566428 0.000000 -1 43
273.535309 182.605377 4.000000 0.620559 0.784160 0.000000 -0.970273 0.242012 0.000000 0.472411 -0.881378 -0.000000 -1 44
207.533951 197.533249 4.000000 0.939142 0.343528 0.000000 -0.821142 0.570723 0.000000 0.000769 -1.000000 -0.000000 -1 47
430.447571 205.550034 4.000000 -0.284583 0.958651 0.000000 -0.760892 -0.648879 -0.000000 0.965523 -0.260316 -0.000000 -1 50
98.501564 223.503128 4.000000 0.250343 0.968157 0.000000 -0.948565 -0.316582 -0.000000 0.756290 -0.654237 0.000000 -1 52
174.504105 230.573990 4.000000 -0.596608 0.802533 0.000000 -0.374550 -0.927207 -0.000000 0.981913 0.189333 -0.000000 -1 54
210.485535 233.416870 4.000000 0.451370 0.892337 0.000000 -0.987540 -0.157369 -0.000000 0.508810 -0.860879 -0.000000 -1 55
58.309315 255.737915 4.000000 -0.121126 0.992637 0.000000 -0.874954 -0.484206 -0.000000 0.936211 -0.351439 0.000000 -1 58
242.426590 256.553253 4.000000 -0.308455 0.951239 0.000000 -0.726511 -0.687155 -0.000000 0.983872 -0.178876 -0.000000 -1 59
456.467743 259.554260 4.000000 0.298504 0.954408 0.000000 -0.994109 -0.108387 -0.000000 0.642422 -0.766351 -0.000000 -1 60
109.686401 268.735382 4.000000 0.656831 0.754038 0.000000 -0.969984 0.243169 0.000000 0.380697 -0.924700 0.000000 -1 63
129.499054 284.460876 4.000000 -0.180573 0.983562 0.000000 -0.768693 -0.639618 0.000000 0.918932 -0.394417 -0.000000 -1 65
600.510254 285.540588 4.000000 0.511898 0.859046 0.000000 -0.999580 0.028971 0.000000 0.450620 -0.892716 -0.000000 -1 66
73.436913 292.516693 4.000000 -0.382395 0.923999 0.000000 -0.690230 -0.723590 -0.000000 0.981253 -0.192723 -0.000000 -1 67
