47.361973 5.509895 4.000000 -0.080187 0.996780 0.000000 -0.780453 -0.625215 0.000000 0.719093 -0.694914 -0.000000 -1 2
526.572754 6.569356 4.000000 -0.609785 0.792567 0.000000 -0.270016 -0.962856 0.000000 0.963613 0.267301 0.000000 -1 5
214.426910 31.517553 4.000000 0.251121 0.967956 0.000000 -0.984084 -0.177701 0.000000 0.627439 -0.778666 -0.000000 -1 9
145.514389 34.549644 4.000000 -0.663104 0.748527 0.000000 -0.411763 -0.911291 -0.000000 0.983728 0.179665 0.000000 -1 10
180.522415 39.534214 4.000000 0.938636 0.344909 0.000000 -0.793776 0.608211 0.000000 -0.240662 -0.970609 -0.000000 -1 12
99.686302 47.737671 4.000000 0.771170 0.636629 0.000000 -0.913178 0.407562 0.000000 0.232172 -0.972675 -0.000000 -1 14
131.534698 49.486835 4.000000 0.390079 0.920781 0.000000 -0.968751 -0.248036 0.000000 0.752265 -0.658860 -0.000000 -1 15
241.715363 63.276997 4.000000 -0.690640 0.723199 0.000000 -0.240556 -0.970635 -0.000000 0.983876 0.178850 0.000000 -1 18
151.415955 82.490700 4.000000 0.651312 0.758810 0.000000 -0.969253 0.246066 0.000000 0.101467 -0.994839 -0.000000 -1 20
91.474312 97.571114 4.000000 0.008582 0.999963 0.000000 -0.918399 -0.395655 0.000000 0.842250 -0.539087 -0.000000 -1 21
281.420990 109.469170 4.000000 0.208912 0.977934 0.000000 -0.966521 -0.256587 -0.000000 0.611066 -0.791579 -0.000000 -1 24
181.491470 112.470291 4.000000 -0.060902 0.998144 0.000000 -0.825588 -0.564274 -0.000000 0.878312 -0.478088 -0.000000 -1 25
117.482147 121.576118 4.000000 0.155058 0.987905 0.000000 -0.974100 -0.226116 -0.000000 0.770242 -0.637752 -0.000000 -1 27
12.456939 125.552940 4.000000 -0.670386 0.742013 0.000000 -0.328726 -0.944425 -0.000000 0.965501 0.260398 0.000000 -1 28
84.539040 142.570480 4.000000 -0.420800 0.907153 0.000000 -0.632366 -0.774670 -0.000000 0.999771 -0.021413 0.000000 -1 29
14.459424 180.532333 4.000000 0.950644 0.310283 0.000000 -0.717029 0.697043 0.000000 -0.253308 -0.967386 -0.000000 -1 34
192.322479 197.317932 4.000000 -0.208882 0.977941 0.000000 -0.865918 -0.500186 -0.000000 0.892013 -0.452010 -0.000000 -1 36
219.453964 197.413986 4.000000 -0.799325 0.600900 0.000000 -0.210815 -0.977526 -0.000000 0.961114 0.276152 0.000000 -1 37
117.408333 205.530106 4.000000 -0.408032 0.912968 0.000000 -0.697706 -0.716385 -0.000000 0.985375 -0.170397 -0.000000 -1 38
243.437088 210.577667 4.000000 0.249199 0.968452 0.000000 -0.991192 -0.132431 -0.000000 0.671343 -0.741146 -0.000000 -1 39
103.481522 225.537216 4.000000 0.707474 0.706739 0.000000 -0.959542 0.281565 0.000000 0.246876 -0.969047 -0.000000 -1 43
3.504868 232.573380 4.000000 0.322474 0.946578 0.000000 -0.993796 -0.111218 0.000000 0.681092 -0.732198 -0.000000 -1 47
173.601196 245.514359 4.000000 -0.409907 0.912127 0.000000 -0.430877 -0.902411 -0.000000 0.999718 0.023758 0.000000 -1 50
46.521122 253.449493 4.000000 0.134593 0.990901 0.000000 -0.904609 -0.426242 -0.000000 0.793227 -0.608925 -0.000000 -1 53
209.492081 253.543213 4.000000 0.465550 0.885022 0.000000 -0.999914 -0.013098 0.000000 0.543054 -0.839698 -0.000000 -1 54
456.419464 258.458618 4.000000 0.265405 0.964137 0.000000 -0.976305 -0.216397 -0.000000 0.604046 -0.796949 -0.000000 -1 55
254.495422 262.548157 4.000000 -0.202393 0.979304 0.000000 -0.785801 -0.618480 -0.000000 0.965796 -0.259305 0.000000 -1 56
300.526550 270.568024 4.000000 0.926176 0.377091 -0.000000 -0.720380 0.693580 0.000000 -0.193663 -0.981068 0.000000 -1 57
284.534637 286.592621 4.000000 0.137387 0.990517 0.000000 -0.917427 -0.397904 -0.000000 0.890930 -0.454141 -0.000000 -1 60
164.450516 287.473297 4.000000 -0.312964 0.949765 0.000000 -0.719862 -0.694117 -0.000000 0.966974 -0.254873 -0.000000 -1 61
82.415672 291.522034 4.000000 0.612761 0.790268 0.000000 -0.978731 0.205146 0.000000 0.211742 -0.977326 -0.000000 -1 62
129.348602 298.254730 4.000000 -0.153120 0.988208 0.000000 -0.843938 -0.536440 -0.000000 0.898368 -0.439243 -0.000000 -1 64
