526.556030 5.583818 4.000000 0.954762 0.297371 0.000000 -0.607253 0.794509 0.000000 -0.287204 -0.957869 -0.000000 -1 2
157.531494 12.554484 4.000000 0.797737 0.603005 0.000000 -0.880767 0.473550 0.000000 0.126243 -0.991999 -0.000000 -1 4
252.592453 23.532616 4.000000 0.336813 0.941572 0.000000 -0.978342 -0.206994 -0.000000 0.731462 -0.681882 -0.000000 -1 6
90.540756 29.458033 4.000000 -0.190582 0.981671 0.000000 -0.724202 -0.689588 -0.000000 0.927708 -0.373307 0.000000 -1 8
218.455490 37.444885 4.000000 -0.490858 0.871240 0.000000 -0.537390 -0.843334 -0.000000 0.994993 -0.099942 -0.000000 -1 10
289.403564 47.501789 4.000000 -0.031290 0.999510 0.000000 -0.873544 -0.486746 -0.000000 0.773574 -0.633705 -0.000000 -1 12
42.461098 94.576881 4.000000 -0.552855 0.833278 0.000000 -0.426063 -0.904693 -0.000000 0.983221 0.182416 0.000000 -1 16
96.720741 95.691338 4.000000 -0.008341 0.999965 0.000000 -0.854988 -0.518648 0.000000 0.904048 -0.427430 -0.000000 -1 17
179.508575 108.504868 4.000000 -0.425801 0.904817 0.000000 -0.585807 -0.810451 -0.000000 0.997438 -0.071540 0.000000 -1 19
230.553452 115.484978 4.000000 -0.642481 0.766302 0.000000 -0.196778 -0.980448 -0.000000 0.998474 0.055225 0.000000 -1 20
169.426865 134.418991 4.000000 0.733054 0.680170 0.000000 -0.980494 0.196547 0.000000 0.186586 -0.982439 -0.000000 -1 25
210.475464 146.597595 4.000000 -0.424157 0.905589 0.000000 -0.631888 -0.775060 -0.000000 0.999848 0.017420 0.000000 -1 26
146.583664 150.492249 4.000000 -0.291993 0.956421 0.000000 -0.616364 -0.787462 -0.000000 0.983287 -0.182065 -0.000000 -1 27
120.501831 172.423019 4.000000 0.509854 0.860261 0.000000 -0.995594 -0.093773 0.000000 0.511683 -0.859174 -0.000000 -1 30
68.574593 173.447159 4.000000 -0.163914 0.986475 0.000000 -0.665610 -0.746300 -0.000000 0.927008 -0.375043 -0.000000 -1 31
13.492575 186.463684 4.000000 0.924644 0.380834 0.000000 -0.792380 0.610028 0.000000 -0.114645 -0.993407 -0.000000 -1 33
155.465988 186.498871 4.000000 -0.450010 0.893023 0.000000 -0.482708 -0.875781 -0.000000 0.997250 0.074111 0.000000 -1 34
242.526108 216.442398 4.000000 0.822038 0.569432 0.000000 -0.978135 0.207973 0.000000 0.034817 -0.999394 -0.000000 -1 38
150.443192 217.428207 4.000000 0.304708 0.952446 0.000000 -0.978963 -0.204039 -0.000000 0.588166 -0.808740 -0.000000 -1 39
0.583808 233.574905 4.000000 0.353071 0.935596 0.000000 -0.992604 -0.121400 -0.000000 0.684094 -0.729393 -0.000000 -1 43
298.740723 237.290726 4.000000 -0.549411 0.835552 0.000000 -0.355483 -0.934683 -0.000000 0.999942 0.010772 0.000000 -1 44
112.489204 255.525070 4.000000 0.591486 0.806315 0.000000 -0.986823 0.161802 0.000000 0.405143 -0.914253 -0.000000 -1 46
44.507435 256.513214 4.000000 0.615580 0.788075 0.000000 -0.953771 0.300533 0.000000 0.367871 -0.929877 -0.000000 -1 47
455.583252 258.564972 4.000000 0.388975 0.921248 0.000000 -0.986755 -0.162220 -0.000000 0.715914 -0.698188 -0.000000 -1 48
238.509659 265.541595 4.000000 0.755828 0.654770 0.000000 -0.845128 0.534564 0.000000 0.081933 -0.996638 -0.000000 -1 50
600.528198 277.557098 4.000000 0.257344 0.966320 0.000000 -0.972732 -0.231931 -0.000000 0.771272 -0.636505 -0.000000 -1 53
301.564667 282.503906 4.000000 -0.267001 0.963696 0.000000 -0.621574 -0.783355 -0.000000 0.987808 -0.155680 0.000000 -1 55
46.544773 292.438141 4.000000 -0.779791 0.626040 0.000000 -0.078559 -0.996909 0.000000 0.945694 0.325058 0.000000 -1 57
256.515320 293.417786 4.000000 -0.654676 0.755909 0.000000 -0.287084 -0.957906 -0.000000 0.999773 0.021308 -0.000000 -1 58
118.458092 297.567474 4.000000 0.767903 0.640566 0.000000 -0.923152 0.384436 0.000000 0.072388 -0.997377 -0.000000 -1 60
