196.464188 6.467213 4.000000 -0.105395 0.994430 0.000000 -0.806170 -0.591684 -0.000000 0.908655 -0.417549 -0.000000 -1 1
528.416199 7.564827 4.000000 0.960151 0.279483 -0.000000 -0.691972 0.721924 0.000000 -0.377230 -0.926120 0.000000 -1 2
77.416283 21.576185 4.000000 -0.081953 0.996636 0.000000 -0.879513 -0.475875 -0.000000 0.890550 -0.454886 -0.000000 -1 4
299.583191 26.573654 4.000000 -0.457723 0.889095 0.000000 -0.417626 -0.908619 -0.000000 0.987733 0.156155 0.000000 -1 6
230.577576 28.576527 4.000000 0.219295 0.975659 0.000000 -0.904374 -0.426740 -0.000000 0.891893 -0.452246 0.000000 -1 9
272.516724 45.563110 4.000000 -0.203370 0.979102 0.000000 -0.771015 -0.636817 -0.000000 0.972756 -0.231831 -0.000000 -1 14
127.444000 79.430313 4.000000 0.793326 0.608797 0.000000 -0.961896 0.273417 0.000000 0.114950 -0.993371 -0.000000 -1 16
195.425812 81.537033 4.000000 -0.099222 0.995065 0.000000 -0.781552 -0.623840 0.000000 0.905376 -0.424610 -0.000000 -1 17
234.475510 95.454491 4.000000 0.228668 0.973504 0.000000 -0.951590 -0.307371 -0.000000 0.716943 -0.697132 -0.000000 -1 19
166.513229 100.589645 4.000000 0.929208 0.369558 0.000000 -0.758411 0.651777 0.000000 -0.032830 -0.999461 -0.000000 -1 20
63.521309 110.534729 4.000000 0.778602 0.627518 0.000000 -0.881657 0.471890 0.000000 0.123213 -0.992380 -0.000000 -1 22
102.512321 111.471176 4.000000 0.663769 0.747938 0.000000 -0.990267 0.139181 0.000000 0.387244 -0.921977 -0.000000 -1 24
289.630310 112.218224 4.000000 0.632134 0.774859 0.000000 -0.959093 -0.283090 0.000000 0.798833 -0.601553 0.000000 -1 25
235.458481 117.564941 4.000000 0.891475 0.453071 0.000000 -0.816321 0.577599 0.000000 -0.155026 -0.987910 -0.000000 -1 28
300.473389 117.538216 4.000000 -0.095194 0.995459 0.000000 -0.793370 -0.608740 -0.000000 0.987507 -0.157573 -0.000000 -1 29
159.589279 119.500008 4.000000 0.400960 0.916096 0.000000 -0.981220 -0.192893 -0.000000 0.690343 -0.723482 -0.000000 -1 30
273.554993 125.456009 4.000000 -0.282110 0.959382 0.000000 -0.638797 -0.769375 -0.000000 0.968900 -0.247451 -0.000000 -1 31
123.478455 133.430542 4.000000 -0.873295 0.487192 0.000000 -0.070637 -0.997502 -0.000000 0.961433 0.275038 0.000000 -1 35
87.441902 136.475815 4.000000 0.139148 0.990272 0.000000 -0.941791 -0.336200 -0.000000 0.740157 -0.672434 0.000000 -1 36
1.497435 167.482468 4.000000 0.427631 0.903953 0.000000 -0.995588 -0.093830 -0.000000 0.567653 -0.823268 -0.000000 -1 38
200.588791 172.501526 4.000000 -0.343909 0.939003 0.000000 -0.548876 -0.835904 -0.000000 0.998186 -0.060210 -0.000000 -1 40
150.567551 183.544220 4.000000 -0.516352 0.856377 0.000000 -0.405554 -0.914071 -0.000000 0.994235 0.107227 0.000000 -1 41
249.424973 186.574875 4.000000 0.745918 0.666038 0.000000 -0.927280 0.374369 -0.000000 0.127786 -0.991802 -0.000000 -1 42
102.678413 195.268631 4.000000 -0.299481 0.954102 0.000000 -0.641119 -0.767441 -0.000000 0.971847 -0.235615 -0.000000 -1 43
295.556366 200.437607 4.000000 -0.190368 0.981713 0.000000 -0.654689 -0.755898 -0.000000 0.873018 -0.487687 -0.000000 -1 45
31.733116 210.689621 4.000000 0.375329 0.926891 0.000000 -0.987444 -0.157968 -0.000000 0.680939 -0.732341 -0.000000 -1 49
116.573425 220.560623 4.000000 0.911790 0.410656 0.000000 -0.763615 0.645672 0.000000 -0.090720 -0.995876 -0.000000 -1 52
76.476021 222.416107 4.000000 0.123052 0.992400 0.000000 -0.890731 -0.454531 -0.000000 0.820511 -0.571631 -0.000000 -1 53
225.540207 242.577087 4.000000 0.746643 0.665225 0.000000 -0.918910 0.394466 0.000000 0.221255 -0.975216 -0.000000 -1 59
131.473343 247.457001 4.000000 -0.443150 0.896447 0.000000 -0.597953 -0.801531 -0.000000 0.994776 -0.102082 -0.000000 -1 61
0.415678 248.535477 4.000000 0.409684 0.912227 0.000000 -0.999644 0.026673 0.000000 0.450899 -0.892575 -0.000000 -1 62
300.540802 252.564529 4.000000 -0.562213 0.826993 0.000000 -0.344692 -0.938716 -0.000000 0.981535 0.191281 0.000000 -1 64
457.420563 257.535858 4.000000 0.223895 0.974613 0.000000 -0.988790 -0.149314 0.000000 0.644273 -0.764796 -0.000000 -1 65
219.463943 296.454224 4.000000 0.687073 0.726588 0.000000 -0.985370 0.170431 -0.000000 0.219533 -0.975605 -0.000000 -1 68
