528.447632 8.457943 4.000000 -0.713403 0.700754 0.000000 -0.338147 -0.941093 -0.000000 0.980522 0.196411 0.000000 -1 2
276.276611 39.704670 4.000000 0.919336 0.393473 0.000000 -0.769061 0.639175 0.000000 -0.194449 -0.980913 -0.000000 -1 5
159.480042 44.497383 4.000000 -0.503161 0.864193 0.000000 -0.277139 -0.960830 -0.000000 0.960508 -0.278251 0.000000 -1 6
247.555725 46.421364 4.000000 -0.093035 0.995663 0.000000 -0.727726 -0.685868 -0.000000 0.901502 -0.432774 -0.000000 -1 7
256.534790 74.576088 4.000000 0.806727 0.590924 0.000000 -0.903258 0.429097 0.000000 0.058965 -0.998260 0.000000 -1 12
192.578232 76.441338 4.000000 -0.484322 0.874890 0.000000 -0.396170 -0.918177 -0.000000 0.998253 -0.059086 -0.000000 -1 13
96.721664 77.704735 4.000000 -0.455247 0.890365 0.000000 -0.446410 -0.894828 0.000000 0.999183 0.040424 0.000000 -1 14
298.459564 77.545471 4.000000 -0.469546 0.882908 0.000000 -0.543449 -0.839442 -0.000000 0.997721 0.067481 0.000000 -1 15
127.519249 78.530449 4.000000 0.708023 0.706189 0.000000 -0.951569 0.307436 0.000000 0.239114 -0.970992 -0.000000 -1 16
230.497665 92.399345 4.000000 0.463353 0.886174 0.000000 -0.982911 -0.184079 -0.000000 0.623482 -0.781837 -0.000000 -1 20
168.527054 98.556244 4.000000 0.771878 0.635770 0.000000 -0.903501 0.428586 0.000000 0.171910 -0.985113 -0.000000 -1 21
102.434410 112.580109 4.000000 0.867090 0.498152 -0.000000 -0.784566 0.620045 0.000000 -0.155250 -0.987875 -0.000000 -1 23
63.568005 113.515396 4.000000 0.916340 0.400400 -0.000000 -0.724884 0.688871 0.000000 -0.104302 -0.994546 -0.000000 -1 24
235.454758 119.551598 4.000000 0.892642 0.450767 0.000000 -0.810496 0.585744 0.000000 -0.149012 -0.988835 0.000000 -1 26
277.440765 125.526375 4.000000 0.089686 0.995970 0.000000 -0.935422 -0.353534 -0.000000 0.792383 -0.610024 -0.000000 -1 28
44.735397 144.671982 4.000000 -0.300512 0.953778 0.000000 -0.606098 -0.795390 0.000000 0.982528 -0.186116 -0.000000 -1 30
250.570953 150.545197 4.000000 -0.070588 0.997506 0.000000 -0.778460 -0.627694 0.000000 0.958292 -0.285789 -0.000000 -1 31
2.461954 165.570435 4.000000 0.374333 0.927294 0.000000 -0.999995 -0.003097 0.000000 0.592213 -0.805781 -0.000000 -1 33
203.468948 172.403900 4.000000 -0.376916 0.926247 0.000000 -0.636294 -0.771446 -0.000000 0.961249 -0.275682 -0.000000 -1 36
285.529724 174.554276 4.000000 0.407284 0.913302 0.000000 -0.971604 -0.236611 -0.000000 0.810573 -0.585637 -0.000000 -1 37
149.444244 184.578430 4.000000 -0.456804 0.889567 0.000000 -0.609497 -0.792789 -0.000000 0.999573 -0.029207 -0.000000 -1 38
232.497559 213.432205 4.000000 0.083724 0.996489 0.000000 -0.851718 -0.524000 -0.000000 0.864252 -0.503059 -0.000000 -1 42
115.418457 219.424850 4.000000 0.931328 0.364182 0.000000 -0.825113 0.564968 0.000000 -0.171429 -0.985196 -0.000000 -1 44
165.424774 224.417679 4.000000 -0.524711 0.851281 0.000000 -0.501764 -0.865005 -0.000000 0.999867 -0.016279 0.000000 -1 45
0.489133 249.436874 4.000000 0.475564 0.879681 0.000000 -0.996971 -0.077772 -0.000000 0.467778 -0.883846 -0.000000 -1 50
174.426849 250.538147 4.000000 0.855520 0.517769 0.000000 -0.695065 0.718947 0.000000 -0.177199 -0.984175 -0.000000 -1 51
196.405273 256.427063 4.000000 0.180343 0.983604 0.000000 -0.920198 -0.391454 -0.000000 0.656831 -0.754037 -0.000000 -1 54
457.438873 257.504883 4.000000 0.255719 0.966751 0.000000 -0.982981 -0.183706 0.000000 0.640628 -0.767852 -0.000000 -1 55
40.517902 281.583344 4.000000 -0.174883 0.984589 0.000000 -0.769587 -0.638542 -0.000000 0.953996 -0.299820 -0.000000 -1 58
216.445267 294.562500 4.000000 0.629227 0.777222 0.000000 -0.956013 0.293325 -0.000000 0.256163 -0.966633 0.000000 -1 60
