521.539185 5.478657 4.000000 -0.661727 0.749745 0.000000 -0.264701 -0.964331 -0.000000 0.983805 0.179242 0.000000 -1 2
191.549423 14.508183 4.000000 0.188544 0.982065 0.000000 -0.903270 -0.429073 0.000000 0.719063 -0.694945 -0.000000 -1 4
271.722504 19.718674 4.000000 0.880884 0.473333 0.000000 -0.819177 0.573541 0.000000 0.007489 -0.999972 -0.000000 -1 6
211.515228 36.455570 4.000000 -0.748820 0.662773 0.000000 -0.196441 -0.980516 -0.000000 0.954365 0.298642 0.000000 -1 10
178.411423 44.550827 4.000000 0.822566 0.568670 0.000000 -0.782414 0.622759 0.000000 -0.087487 -0.996166 -0.000000 -1 12
152.541504 46.562634 4.000000 0.621458 0.783448 0.000000 -0.967423 0.253166 0.000000 0.356676 -0.934228 -0.000000 -1 13
297.477417 46.533257 4.000000 -0.562038 0.827111 0.000000 -0.468136 -0.883657 0.000000 0.996885 0.078867 0.000000 -1 14
117.542984 50.555717 4.000000 -0.307800 0.951451 0.000000 -0.597864 -0.801597 -0.000000 0.994462 -0.105093 -0.000000 -1 15
88.527229 61.473465 4.000000 0.522476 0.852654 0.000000 -0.999937 -0.011183 -0.000000 0.511947 -0.859017 -0.000000 -1 17
58.588276 62.516476 4.000000 -0.399057 0.916926 0.000000 -0.462905 -0.886408 -0.000000 0.998200 -0.059979 -0.000000 -1 18
197.384705 70.470634 4.000000 0.091800 0.995777 0.000000 -0.916030 -0.401111 -0.000000 0.688645 -0.725098 -0.000000 -1 20
7.273192 76.726173 4.000000 0.544234 0.838933 0.000000 -0.985425 0.170111 0.000000 0.349045 -0.937106 -0.000000 -1 22
159.486603 87.497070 4.000000 -0.296954 0.954892 0.000000 -0.672542 -0.740059 -0.000000 0.965639 -0.259886 -0.000000 -1 24
240.265656 90.711525 4.000000 -0.117564 0.993065 0.000000 -0.872572 -0.488485 -0.000000 0.883885 -0.467705 -0.000000 -1 25
493.512238 93.435905 4.000000 0.196443 0.980515 0.000000 -0.920992 -0.389582 -0.000000 0.736011 -0.676970 -0.000000 -1 28
385.495148 98.430305 4.000000 0.726039 0.687653 0.000000 -0.984284 0.176592 0.000000 0.267354 -0.963598 -0.000000 -1 31
42.483868 99.473717 4.000000 -0.617889 0.786266 0.000000 -0.404846 -0.914385 -0.000000 0.990719 0.135928 0.000000 -1 32
120.489937 111.514519 4.000000 -0.346308 0.938121 0.000000 -0.652482 -0.757804 -0.000000 0.991806 -0.127751 -0.000000 -1 35
285.420685 114.495552 4.000000 -0.028300 0.999599 0.000000 -0.878801 -0.477188 -0.000000 0.821328 -0.570456 -0.000000 -1 38
217.467010 115.573387 4.000000 0.503642 0.863912 0.000000 -0.981454 0.191699 0.000000 0.448220 -0.893923 -0.000000 -1 39
176.469559 134.430954 4.000000 -0.710094 0.704107 0.000000 -0.241688 -0.970354 0.000000 0.967440 0.253101 0.000000 -1 43
56.464241 154.392883 4.000000 -0.742607 0.669728 0.000000 -0.398151 -0.917320 -0.000000 0.989075 0.147413 0.000000 -1 44
285.519165 167.565857 4.000000 0.570388 0.821375 0.000000 -0.990629 0.136577 -0.000000 0.461178 -0.887308 -0.000000 -1 47
238.506027 171.545319 4.000000 0.501292 0.865278 0.000000 -0.996348 0.085386 0.000000 0.494238 -0.869327 -0.000000 -1 48
110.268211 172.701431 4.000000 0.939317 0.343052 0.000000 -0.744863 0.667217 0.000000 -0.274021 -0.961724 -0.000000 -1 49
190.444458 175.487396 4.000000 0.392100 0.919922 0.000000 -0.994694 -0.102876 0.000000 0.536358 -0.843991 -0.000000 -1 50
600.504700 190.426895 4.000000 0.486573 0.873640 0.000000 -0.995831 -0.091217 -0.000000 0.464528 -0.885558 -0.000000 -1 53
436.415802 195.571899 4.000000 -0.444660 0.895699 0.000000 -0.665658 -0.746257 -0.000000 0.996521 -0.083346 0.000000 -1 54
54.274857 205.300430 4.000000 0.812033 0.583612 0.000000 -0.932990 0.359902 0.000000 0.064952 -0.997888 -0.000000 -1 57
223.247208 209.356735 4.000000 0.502586 0.864527 0.000000 -0.955337 0.295519 0.000000 0.254398 -0.967100 -0.000000 -1 58
126.484467 213.556564 4.000000 -0.386527 0.922278 0.000000 -0.594577 -0.804039 -0.000000 0.997738 -0.067217 0.000000 -1 59
177.727615 227.691635 4.000000 0.763349 0.645987 0.000000 -0.885221 0.465172 0.000000 0.148586 -0.988899 -0.000000 -1 64
247.565048 229.582489 4.000000 0.214030 0.976827 0.000000 -0.952323 -0.305091 -0.000000 0.793712 -0.608294 -0.000000 -1 66
460.423676 259.545441 4.000000 0.271220 0.962517 0.000000 -0.995191 -0.097951 -0.000000 0.609549 -0.792749 -0.000000 -1 71
600.478394 261.456696 4.000000 0.495789 0.868443 0.000000 -0.999354 -0.035942 -0.000000 0.443723 -0.896164 -0.000000 -1 72
208.432617 262.484589 4.000000 0.542613 0.839983 0.000000 -0.984320 0.176392 0.000000 0.338978 -0.940794 -0.000000 -1 73
106.278358 263.285156 4.000000 -0.326273 0.945276 0.000000 -0.678391 -0.734701 0.000000 0.962512 -0.271238 -0.000000 -1 74
82.522240 292.433624 4.000000 0.383170 0.923678 0.000000 -0.971411 -0.237404 -0.000000 0.585731 -0.810506 -0.000000 -1 77
168.593460 298.505737 4.000000 -0.694858 0.719146 0.000000 -0.164417 -0.986391 0.000000 0.964067 0.265660 0.000000 -1 78
