527.526123 7.541921 4.000000 -0.642395 0.766374 0.000000 -0.297522 -0.954715 0.000000 0.969588 0.244745 0.000000 -1 2
175.468597 33.566658 4.000000 0.843637 0.536915 0.000000 -0.804541 0.593897 -0.000000 -0.019138 -0.999817 -0.000000 -1 5
67.441170 35.531776 4.000000 -0.389649 0.920963 0.000000 -0.529778 -0.848136 -0.000000 0.972107 0.234536 0.000000 -1 6
87.542336 43.448456 4.000000 0.070634 0.997502 0.000000 -0.870018 -0.493020 -0.000000 0.778308 -0.627882 -0.000000 -1 9
139.472610 45.416595 4.000000 -0.769492 0.638657 0.000000 -0.201762 -0.979434 -0.000000 0.963511 0.267668 0.000000 -1 11
124.495247 85.496277 4.000000 0.086411 0.996260 0.000000 -0.895317 -0.445429 -0.000000 0.848096 -0.529842 -0.000000 -1 14
231.574783 94.533340 4.000000 0.105673 0.994401 0.000000 -0.903007 -0.429625 0.000000 0.854792 -0.518971 -0.000000 -1 16
89.452721 103.421593 4.000000 -0.493836 0.869555 0.000000 -0.550454 -0.834866 -0.000000 0.993371 -0.114955 -0.000000 -1 17
287.432922 104.453384 4.000000 0.136850 0.990592 0.000000 -0.919862 -0.392243 0.000000 0.726579 -0.687083 -0.000000 -1 18
182.571136 114.506493 4.000000 0.689037 0.724726 0.000000 -0.984697 0.174277 0.000000 0.374674 -0.927156 -0.000000 -1 20
122.421463 122.595917 4.000000 -0.375969 0.926632 0.000000 -0.719630 -0.694357 0.000000 0.985405 -0.170224 -0.000000 -1 24
58.416069 131.568878 4.000000 0.555810 0.831309 0.000000 -0.973553 0.228461 0.000000 0.355881 -0.934531 -0.000000 -1 25
233.421661 133.450241 4.000000 -0.463687 0.885999 0.000000 -0.681855 -0.731487 -0.000000 0.977359 -0.211590 -0.000000 -1 26
264.541626 140.431168 4.000000 0.683227 0.730206 0.000000 -0.989583 0.143962 0.000000 0.350842 -0.936435 -0.000000 -1 27
274.515106 168.421555 4.000000 -0.193210 0.981157 0.000000 -0.702556 -0.711628 -0.000000 0.947271 -0.320435 -0.000000 -1 32
85.430801 172.582443 4.000000 0.532447 0.846463 0.000000 -0.978290 0.207241 0.000000 0.372229 -0.928141 -0.000000 -1 33
266.450012 186.490952 4.000000 0.867686 0.497113 0.000000 -0.875067 0.484001 0.000000 -0.036102 -0.999348 -0.000000 -1 34
216.288361 197.285110 4.000000 0.813639 0.581370 0.000000 -0.931448 0.363874 0.000000 0.091841 -0.995774 -0.000000 -1 36
10.493704 208.448318 4.000000 0.356854 0.934160 0.000000 -0.960951 -0.276719 -0.000000 0.592346 -0.805684 -0.000000 -1 39
253.447815 208.592438 4.000000 -0.154364 0.988014 0.000000 -0.840413 -0.541947 -0.000000 0.941410 -0.337264 -0.000000 -1 40
157.486481 218.443466 4.000000 0.548583 0.836096 0.000000 -0.999979 0.006479 0.000000 0.438242 -0.898857 -0.000000 -1 42
40.433903 234.543732 4.000000 -0.581715 0.813393 0.000000 -0.468744 -0.883334 -0.000000 0.993915 0.110152 0.000000 -1 47
256.442810 237.564987 4.000000 0.755239 0.655450 0.000000 -0.942602 0.333918 -0.000000 0.179505 -0.983757 -0.000000 -1 49
66.533340 258.488708 4.000000 -0.524682 0.851298 0.000000 -0.350004 -0.936748 -0.000000 0.999815 0.019240 -0.000000 -1 52
208.472107 258.418732 4.000000 0.233236 0.972420 0.000000 -0.947031 -0.321142 0.000000 0.661590 -0.749866 -0.000000 -1 53
456.484955 258.441589 4.000000 0.324545 0.945870 0.000000 -0.966601 -0.256285 -0.000000 0.627646 -0.778499 -0.000000 -1 54
91.681152 259.694305 4.000000 0.058564 0.998284 0.000000 -0.989154 -0.146880 -0.000000 0.771769 -0.635903 0.000000 -1 55
143.545578 271.457092 4.000000 0.515444 0.856923 0.000000 -0.999114 0.042085 -0.000000 0.471306 -0.881970 -0.000000 -1 58
264.717285 282.693512 4.000000 0.942701 0.333639 -0.000000 -0.749270 0.662265 0.000000 -0.076702 -0.997054 -0.000000 -1 60
296.535889 283.573059 4.000000 -0.143184 0.989696 0.000000 -0.810843 -0.585264 -0.000000 0.972082 -0.234639 0.000000 -1 61
233.415359 284.529633 4.000000 0.214041 0.976825 0.000000 -0.996626 -0.082077 0.000000 0.616083 -0.787681 -0.000000 -1 62
49.502522 298.525757 4.000000 -0.493610 0.869684 0.000000 -0.525798 -0.850609 -0.000000 0.999923 -0.012429 0.000000 -1 64
