31.494743 300.547638 4.000000 -0.294156 0.955757 0.000000 -0.964804 -0.262970 -0.000000 0.871098 -0.491109 -0.000000 -1 1
526.472839 4.547274 4.000000 -0.656279 0.754519 0.000000 -0.345638 -0.938368 0.000000 0.968563 0.248769 0.000000 -1 2
57.468033 26.516172 4.000000 -0.097336 0.995252 0.000000 -0.863957 -0.503566 -0.000000 0.892540 -0.450967 -0.000000 -1 6
239.454178 37.471512 4.000000 0.716110 0.697988 0.000000 -0.805158 0.593060 0.000000 0.010786 -0.999942 -0.000000 -1 9
165.454620 61.454338 4.000000 -0.121745 0.992561 0.000000 -0.774219 -0.632918 -0.000000 0.879215 -0.476425 -0.000000 -1 12
21.455544 62.550343 4.000000 -0.668701 0.743532 0.000000 -0.339231 -0.940703 -0.000000 0.961323 0.275422 0.000000 -1 13
77.474457 63.411694 4.000000 -0.818062 0.575131 0.000000 -0.497722 -0.867336 -0.000000 0.985829 0.167753 0.000000 -1 14
122.431053 63.512516 4.000000 -0.097702 0.995216 0.000000 -0.856093 -0.516822 -0.000000 0.876558 -0.481296 -0.000000 -1 15
59.431999 93.438087 4.000000 0.405889 0.913922 0.000000 -0.984054 -0.177870 0.000000 0.497351 -0.867550 -0.000000 -1 18
237.475388 114.434944 4.000000 0.864568 0.502515 0.000000 -0.907398 0.420273 0.000000 0.012380 -0.999923 -0.000000 -1 21
99.560272 125.516357 4.000000 -0.633562 0.773692 0.000000 -0.286933 -0.957951 -0.000000 0.982087 0.188426 0.000000 -1 22
207.514740 132.510239 4.000000 0.476520 0.879164 0.000000 -0.999102 -0.042367 0.000000 0.535729 -0.844390 -0.000000 -1 23
147.719559 140.272842 4.000000 -0.778647 0.627462 0.000000 -0.106004 -0.994366 -0.000000 0.960540 0.278141 0.000000 -1 25
300.484161 156.547150 4.000000 -0.444744 0.895658 0.000000 -0.603909 -0.797053 0.000000 0.997495 -0.070742 -0.000000 -1 29
97.582329 161.502365 4.000000 0.770067 0.637963 0.000000 -0.917401 0.397964 0.000000 0.228939 -0.973441 -0.000000 -1 30
259.418579 172.558609 4.000000 0.419283 0.907856 0.000000 -0.999105 0.042304 0.000000 0.570199 -0.821507 -0.000000 -1 33
75.497650 173.539139 4.000000 -0.178268 0.983982 0.000000 -0.705380 -0.708829 -0.000000 0.932797 -0.360402 0.000000 -1 34
228.507080 174.581573 4.000000 0.366731 0.930327 0.000000 -0.998720 -0.050574 0.000000 0.614489 -0.788926 -0.000000 -1 36
129.492691 181.509750 4.000000 0.871710 0.490023 0.000000 -0.845839 0.533439 0.000000 -0.032891 -0.999459 -0.000000 -1 38
183.590027 188.457703 4.000000 -0.109803 0.993953 0.000000 -0.748926 -0.662654 -0.000000 0.928726 -0.370768 -0.000000 -1 40
86.750900 199.622757 4.000000 0.636897 0.770949 0.000000 -0.950679 0.310176 0.000000 0.338186 -0.941079 -0.000000 -1 43
239.535080 209.531235 4.000000 0.352202 0.935924 0.000000 -0.981257 -0.192701 -0.000000 0.605019 -0.796211 -0.000000 -1 45
119.522110 212.515747 4.000000 0.441512 0.897255 0.000000 -0.994497 0.104769 -0.000000 0.521721 -0.853116 -0.000000 -1 47
265.000000 224.000000 4.000000 0.927733 0.373244 0.000000 -0.404503 0.914537 0.000000 -0.490418 -0.871487 -0.000000 -1 49
182.580933 227.513763 4.000000 -0.177331 0.984151 0.000000 -0.714777 -0.699352 -0.000000 0.968403 -0.249392 -0.000000 -1 51
62.501438 230.610672 4.000000 -0.551637 0.834084 0.000000 -0.520785 -0.853688 -0.000000 0.986944 0.161063 0.000000 -1 52
296.491028 238.457275 4.000000 -0.401063 0.916050 0.000000 -0.605924 -0.795523 -0.000000 0.990796 -0.135363 0.000000 -1 56
8.459874 244.450928 4.000000 0.783394 0.621525 0.000000 -0.888313 0.459239 0.000000 0.060664 -0.998158 -0.000000 -1 57
39.534729 254.402115 4.000000 -0.240379 0.970679 0.000000 -0.701708 -0.712465 -0.000000 0.936495 -0.350682 -0.000000 -1 60
455.563934 259.504791 4.000000 0.390183 0.920738 0.000000 -0.981933 -0.189231 -0.000000 0.681051 -0.732236 -0.000000 -1 62
238.527725 264.515350 4.000000 0.000277 1.000000 0.000000 -0.856122 -0.516774 -0.000000 0.898269 -0.439446 -0.000000 -1 63
112.542023 266.471252 4.000000 0.877752 0.479115 0.000000 -0.885388 0.464853 0.000000 0.071470 -0.997443 -0.000000 -1 65
599.536804 273.490936 4.000000 0.429750 0.902948 0.000000 -0.994619 -0.103596 0.000000 0.559331 -0.828945 -0.000000 -1 66
37.568790 276.477356 4.000000 -0.630503 0.776187 0.000000 -0.275600 -0.961272 -0.000000 0.991751 0.128179 0.000000 -1 67
157.714523 284.286194 4.000000 -0.585107 0.810956 0.000000 -0.328727 -0.944425 -0.000000 0.996228 0.086777 -0.000000 -1 69
249.418671 294.497864 4.000000 0.692195 0.721711 0.000000 -0.963041 0.269353 0.000000 0.147838 -0.989012 -0.000000 -1 71
