526.469666 4.440646 4.000000 -0.690772 0.723073 0.000000 -0.327725 -0.944773 -0.000000 0.988647 0.150254 0.000000 -1 2
60.707489 25.734213 4.000000 -0.023583 0.999722 0.000000 -0.852335 -0.522997 -0.000000 0.928382 -0.371626 -0.000000 -1 6
215.426865 50.438396 4.000000 -0.310378 0.950613 0.000000 -0.685434 -0.728135 -0.000000 0.931429 -0.363922 -0.000000 -1 10
289.446930 52.556908 4.000000 -0.329607 0.944118 0.000000 -0.660772 -0.750587 -0.000000 0.983614 -0.180289 -0.000000 -1 11
119.536415 63.411247 4.000000 -0.176308 0.984335 0.000000 -0.711663 -0.702521 -0.000000 0.915703 -0.401856 -0.000000 -1 12
21.550303 66.403854 4.000000 -0.529576 0.848262 0.000000 -0.411541 -0.911391 -0.000000 0.998936 -0.046108 0.000000 -1 14
57.513432 89.541939 4.000000 0.485559 0.874204 -0.000000 -0.999992 -0.004037 0.000000 0.537331 -0.843372 -0.000000 -1 18
206.485840 101.419304 4.000000 -0.364200 0.931321 0.000000 -0.596553 -0.802574 -0.000000 0.968597 -0.248638 -0.000000 -1 19
237.464020 116.443176 4.000000 0.929711 0.368291 0.000000 -0.828479 0.560020 0.000000 -0.103958 -0.994582 0.000000 -1 20
98.488503 123.512985 4.000000 0.950305 0.311320 0.000000 -0.718982 0.695029 0.000000 -0.242192 -0.970228 -0.000000 -1 21
208.600067 133.451309 4.000000 0.419024 0.907975 0.000000 -0.980646 -0.195787 -0.000000 0.641703 -0.766953 -0.000000 -1 23
144.562866 140.440491 4.000000 -0.831144 0.556057 0.000000 -0.023127 -0.999733 0.000000 0.932141 0.362095 0.000000 -1 25
75.581932 169.523880 4.000000 -0.192522 0.981293 0.000000 -0.689963 -0.723845 0.000000 0.970099 -0.242710 -0.000000 -1 30
225.565170 173.518875 4.000000 0.045685 0.998956 0.000000 -0.889602 -0.456736 -0.000000 0.857594 -0.514327 -0.000000 -1 31
132.525391 180.489670 4.000000 0.677499 0.735523 0.000000 -0.949428 0.313986 0.000000 0.269494 -0.963002 -0.000000 -1 33
260.540283 180.451721 4.000000 0.757625 0.652690 0.000000 -0.967359 0.253410 0.000000 0.329569 -0.944132 -0.000000 -1 34
9.732987 201.692154 4.000000 0.908953 0.416899 0.000000 -0.766570 0.642161 0.000000 -0.056581 -0.998398 -0.000000 -1 36
183.273224 227.278564 4.000000 -0.459711 0.888069 0.000000 -0.581944 -0.813229 -0.000000 0.989850 -0.142114 0.000000 -1 41
262.589966 230.488434 4.000000 0.893072 0.449913 0.000000 -0.841284 0.540593 0.000000 0.071179 -0.997464 -0.000000 -1 42
65.488792 234.489120 4.000000 0.936784 0.349908 0.000000 -0.911415 0.411488 0.000000 -0.388398 -0.921492 -0.000000 -1 44
293.527740 234.526871 4.000000 -0.054956 0.998489 0.000000 -0.793084 -0.609113 0.000000 0.977014 -0.213176 -0.000000 -1 45
44.279808 251.705109 4.000000 -0.178132 0.984007 0.000000 -0.834861 -0.550461 -0.000000 0.935138 -0.354283 0.000000 -1 47
11.531981 253.536911 4.000000 0.811320 0.584603 0.000000 -0.949132 0.314879 -0.000000 -0.021099 -0.999777 -0.000000 -1 49
456.420746 259.501892 4.000000 0.258880 0.965910 0.000000 -0.986966 -0.160926 0.000000 0.611398 -0.791323 -0.000000 -1 51
237.497955 262.436188 4.000000 -0.118378 0.992969 0.000000 -0.774514 -0.632557 -0.000000 0.897449 -0.441119 -0.000000 -1 52
112.456566 265.549896 4.000000 0.763394 0.645933 0.000000 -0.930764 0.365621 0.000000 0.145985 -0.989287 -0.000000 -1 53
595.520142 274.565338 4.000000 0.396220 0.918156 0.000000 -0.994763 -0.102208 0.000000 0.645882 -0.763437 -0.000000 -1 57
40.546486 275.469849 4.000000 0.880691 0.473691 -0.000000 -0.877184 0.480154 0.000000 0.049290 -0.998785 -0.000000 -1 58
156.573456 279.544647 4.000000 -0.520805 0.853676 0.000000 -0.370231 -0.928940 -0.000000 0.990046 0.140744 0.000000 -1 59
249.436340 296.435791 4.000000 0.671191 0.741285 0.000000 -0.981022 0.193894 0.000000 0.207631 -0.978207 -0.000000 -1 60
