528.460510 8.494119 4.000000 -0.697118 0.716956 0.000000 -0.330962 -0.943644 -0.000000 0.974713 0.223460 -0.000000 -1 3
162.442200 40.446659 4.000000 -0.581459 0.813576 0.000000 -0.440877 -0.897568 -0.000000 0.999736 -0.022981 0.000000 -1 7
277.449524 41.440159 4.000000 0.889961 0.456037 0.000000 -0.891308 0.453398 0.000000 -0.069690 -0.997569 -0.000000 -1 8
247.492004 44.526176 4.000000 -0.145410 0.989372 0.000000 -0.765582 -0.643338 -0.000000 0.944186 -0.329412 -0.000000 -1 9
255.446304 74.534737 4.000000 0.831819 0.555047 0.000000 -0.901669 0.432428 0.000000 -0.054266 -0.998527 -0.000000 -1 11
96.556297 76.458450 4.000000 -0.607174 0.794569 0.000000 -0.320076 -0.947392 0.000000 0.995121 0.098667 0.000000 -1 13
298.432068 79.565781 4.000000 -0.494230 0.869331 0.000000 -0.550935 -0.834548 0.000000 0.996993 0.077485 0.000000 -1 14
127.424889 80.474442 4.000000 0.642388 0.766379 0.000000 -0.982211 0.187780 0.000000 0.227153 -0.973859 -0.000000 -1 15
167.265625 98.720734 4.000000 0.737206 0.675669 0.000000 -0.917616 0.397469 0.000000 0.128544 -0.991704 -0.000000 -1 19
101.484512 112.506134 4.000000 -0.557846 0.829944 0.000000 -0.464077 -0.885795 -0.000000 0.992557 0.121783 0.000000 -1 20
62.452648 113.463120 4.000000 -0.659158 0.752005 0.000000 -0.369087 -0.929395 -0.000000 0.981117 0.193415 0.000000 -1 21
600.556580 117.434624 4.000000 0.557682 0.830054 0.000000 -0.996749 -0.080570 0.000000 0.417350 -0.908746 -0.000000 -1 23
199.502594 118.419983 4.000000 -0.424532 0.905413 0.000000 -0.862318 -0.506367 -0.000000 0.907292 -0.420502 -0.000000 -1 24
236.533279 119.565979 4.000000 0.864872 0.501992 0.000000 -0.811683 0.584098 0.000000 -0.032168 -0.999482 -0.000000 -1 25
278.528107 125.565269 4.000000 0.207187 0.978301 0.000000 -0.958189 -0.286136 -0.000000 0.785151 -0.619305 -0.000000 -1 26
141.573486 143.505463 4.000000 0.158440 0.987369 0.000000 -0.948244 -0.317543 -0.000000 0.807104 -0.590410 -0.000000 -1 31
44.434601 147.462769 4.000000 -0.396599 0.917992 0.000000 -0.630672 -0.776049 -0.000000 0.964290 -0.264848 -0.000000 -1 32
250.570801 148.563049 4.000000 -0.071630 0.997431 0.000000 -0.777505 -0.628877 -0.000000 0.954961 -0.296732 -0.000000 -1 34
1.581954 165.497314 4.000000 0.495443 0.868640 0.000000 -0.997519 -0.070400 -0.000000 0.624501 -0.781024 -0.000000 -1 37
205.431946 170.575607 4.000000 -0.275485 0.961305 0.000000 -0.778309 -0.627882 -0.000000 0.958235 -0.285981 -0.000000 -1 39
290.467346 179.588791 4.000000 0.196806 0.980442 0.000000 -0.972626 -0.232374 -0.000000 0.761151 -0.648574 -0.000000 -1 42
148.566666 186.442322 4.000000 -0.402321 0.915499 0.000000 -0.549428 -0.835541 0.000000 0.988947 -0.148270 0.000000 -1 43
235.572388 213.492065 4.000000 0.094320 0.995542 0.000000 -0.870713 -0.491791 -0.000000 0.879143 -0.476558 -0.000000 -1 45
114.517220 219.540100 4.000000 0.925568 0.378580 0.000000 -0.737154 0.675725 0.000000 -0.145285 -0.989390 -0.000000 -1 46
0.509566 249.476715 4.000000 0.466152 0.884705 0.000000 -0.998973 -0.045299 0.000000 0.508096 -0.861301 -0.000000 -1 51
97.591522 252.504028 4.000000 -0.041275 0.999148 0.000000 -0.698644 -0.715469 0.000000 0.738289 -0.674485 -0.000000 -1 52
174.446762 252.552856 4.000000 0.917702 0.397271 0.000000 -0.727631 0.685968 0.000000 -0.206198 -0.978510 -0.000000 -1 53
196.594360 254.512634 4.000000 0.323465 0.946240 0.000000 -0.949834 -0.312754 -0.000000 0.748549 -0.663080 -0.000000 -1 54
457.449005 257.496735 4.000000 0.269483 0.963005 0.000000 -0.980939 -0.194315 -0.000000 0.642252 -0.766494 -0.000000 -1 56
43.697517 279.734772 4.000000 -0.365726 0.930723 0.000000 -0.671492 -0.741012 -0.000000 0.987449 -0.157936 0.000000 -1 62
112.538750 292.495758 4.000000 0.350463 0.936576 0.000000 -0.970904 -0.239468 -0.000000 0.628193 -0.778057 -0.000000 -1 64
169.281708 292.331940 4.000000 0.323274 0.946305 0.000000 -0.998327 -0.057822 0.000000 0.544809 -0.838560 -0.000000 -1 65
214.576218 294.497894 4.000000 0.682714 0.730686 0.000000 -0.975745 0.218911 0.000000 0.374848 -0.927086 -0.000000 -1 66
