522.434204 5.530648 4.000000 -0.686793 0.726853 0.000000 -0.373092 -0.927794 0.000000 0.971439 0.237291 0.000000 -1 1
55.527710 14.463601 4.000000 0.379560 0.925167 0.000000 -0.979899 -0.199496 -0.000000 0.654358 -0.756185 -0.000000 -1 2
272.493469 14.522148 4.000000 -0.662891 0.748716 0.000000 -0.338837 -0.940845 -0.000000 0.981248 0.192751 0.000000 -1 3
10.560441 36.517506 4.000000 -0.574452 0.818539 0.000000 -0.350949 -0.936395 -0.000000 0.992671 0.120850 0.000000 -1 9
180.455643 39.574451 4.000000 0.194467 0.980909 -0.000000 -0.949462 -0.313883 0.000000 0.803560 -0.595224 -0.000000 -1 10
298.428955 42.556305 4.000000 -0.710365 0.703834 0.000000 -0.310247 -0.950656 -0.000000 0.970137 0.242556 0.000000 -1 11
117.499870 47.586777 4.000000 -0.511706 0.859161 0.000000 -0.480440 -0.877028 -0.000000 0.990407 0.138181 0.000000 -1 12
151.478470 51.542850 4.000000 0.562162 0.827027 0.000000 -0.991647 0.128983 0.000000 0.390523 -0.920593 -0.000000 -1 13
63.467484 60.440884 4.000000 0.855119 0.518432 0.000000 -0.876163 0.482014 0.000000 -0.000366 -1.000000 0.000000 -1 14
600.518738 73.437897 4.000000 0.861443 0.507854 0.000000 -0.969326 0.245779 0.000000 0.363224 -0.931702 -0.000000 -1 18
82.486076 73.449715 4.000000 0.163364 0.986566 0.000000 -0.925805 -0.378002 0.000000 0.709772 -0.704432 -0.000000 -1 19
243.502853 83.556351 4.000000 0.471783 0.881715 0.000000 -0.999994 0.003366 -0.000000 0.540040 -0.841639 0.000000 -1 21
492.525391 94.500443 4.000000 0.206938 0.978354 0.000000 -0.943791 -0.330542 -0.000000 0.764722 -0.644361 -0.000000 -1 23
41.423382 95.523415 4.000000 -0.296793 0.954942 0.000000 -0.764088 -0.645112 -0.000000 0.946958 -0.321357 -0.000000 -1 24
204.524017 97.631943 4.000000 -0.603803 0.797134 0.000000 -0.603709 -0.797205 0.000000 0.993018 0.117961 -0.000000 -1 25
237.540512 130.426498 4.000000 -0.567978 0.823044 0.000000 -0.475620 -0.879651 -0.000000 0.999997 0.002506 0.000000 -1 31
54.570068 150.546341 4.000000 -0.354007 0.935243 0.000000 -0.554403 -0.832248 0.000000 0.999159 -0.041001 0.000000 -1 33
182.441055 150.554810 4.000000 0.514170 0.857688 0.000000 -0.987412 0.158169 0.000000 0.425389 -0.905011 -0.000000 -1 34
91.525963 163.432938 4.000000 -0.727614 0.685987 0.000000 -0.097107 -0.995274 -0.000000 0.993673 0.112310 0.000000 -1 37
293.473816 175.496292 4.000000 0.394665 0.918825 0.000000 -0.997080 -0.076360 0.000000 0.531286 -0.847193 -0.000000 -1 40
0.585339 190.472687 4.000000 0.592760 0.805379 0.000000 -0.998836 0.048234 0.000000 0.468794 -0.883308 -0.000000 -1 42
435.427094 196.425537 4.000000 -0.435912 0.899989 0.000000 -0.629452 -0.777039 -0.000000 0.977162 -0.212495 -0.000000 -1 43
48.590702 205.512192 4.000000 0.518571 0.855035 0.000000 -0.999994 -0.003321 -0.000000 0.561666 -0.827364 0.000000 -1 45
126.583305 207.552795 4.000000 -0.193885 0.981024 0.000000 -0.659628 -0.751593 -0.000000 0.983936 -0.178519 0.000000 -1 46
171.570358 224.424194 4.000000 0.887743 0.460340 0.000000 -0.889253 0.457416 0.000000 0.116054 -0.993243 -0.000000 -1 47
80.476257 233.554276 4.000000 0.090247 0.995919 0.000000 -0.957699 -0.287771 -0.000000 0.794439 -0.607344 -0.000000 -1 51
229.561081 243.444412 4.000000 -0.770871 0.636992 0.000000 -0.177971 -0.984036 0.000000 0.963207 0.268761 0.000000 -1 54
600.498718 258.536957 4.000000 0.541924 0.840428 0.000000 -0.992952 0.118521 0.000000 0.418457 -0.908237 0.000000 -1 55
459.462341 260.420471 4.000000 0.353019 0.935616 0.000000 -0.969449 -0.245293 -0.000000 0.571586 -0.820542 0.000000 -1 57
299.464294 272.514130 4.000000 -0.463773 0.885954 0.000000 -0.535388 -0.844607 -0.000000 0.998503 -0.054693 -0.000000 -1 58
111.416733 293.504395 4.000000 0.838311 0.545192 0.000000 -0.907548 0.419947 0.000000 -0.086501 -0.996252 -0.000000 -1 63
166.544067 298.573822 4.000000 0.779299 0.626653 0.000000 -0.903870 0.427808 0.000000 0.167626 -0.985851 -0.000000 -1 64
