526.543457 6.493299 4.000000 -0.655246 0.755416 0.000000 -0.264566 -0.964368 0.000000 0.981156 0.193217 0.000000 -1 1
156.498550 10.480684 4.000000 0.691387 0.722484 0.000000 -0.956506 0.291712 0.000000 0.251661 -0.967815 -0.000000 -1 2
253.506424 21.419924 4.000000 0.249097 0.968479 0.000000 -0.938466 -0.345371 0.000000 0.696221 -0.717827 -0.000000 -1 5
90.698090 27.263062 4.000000 -0.341982 0.939706 0.000000 -0.624350 -0.781145 -0.000000 0.961001 -0.276545 -0.000000 -1 7
218.482773 33.585041 4.000000 -0.100977 0.994889 0.000000 -0.844505 -0.535547 -0.000000 0.926986 -0.375096 0.000000 -1 9
302.565491 42.527966 4.000000 -0.579536 0.814947 0.000000 -0.378806 -0.925476 -0.000000 0.987077 0.160247 0.000000 -1 12
240.415482 63.483383 4.000000 -0.628854 0.777523 0.000000 -0.373683 -0.927557 -0.000000 0.965416 0.260714 0.000000 -1 14
109.471443 65.537247 4.000000 0.898626 0.438716 0.000000 -0.754675 0.656099 0.000000 -0.223976 -0.974595 -0.000000 -1 15
63.501606 67.513039 4.000000 -0.526164 0.850383 0.000000 -0.695976 -0.718065 -0.000000 0.998314 -0.058049 0.000000 -1 16
146.485962 75.433289 4.000000 0.688069 0.725645 0.000000 -0.968418 0.249332 0.000000 0.201449 -0.979499 0.000000 -1 18
94.448532 95.583809 4.000000 0.161746 0.986832 0.000000 -0.975942 -0.218032 0.000000 0.721299 -0.692624 -0.000000 -1 21
278.560638 98.518372 4.000000 0.385129 0.922863 0.000000 -0.983534 -0.180722 -0.000000 0.693192 -0.720753 -0.000000 -1 22
177.425064 110.461784 4.000000 -0.494656 0.869089 0.000000 -0.633768 -0.773523 -0.000000 0.993503 -0.113803 -0.000000 -1 24
59.367226 113.273552 4.000000 -0.217741 0.976007 0.000000 -0.869563 -0.493823 -0.000000 0.920300 -0.391212 -0.000000 -1 25
164.268478 140.280518 4.000000 -0.711732 0.702451 0.000000 -0.322595 -0.946537 -0.000000 0.987705 0.156327 -0.000000 -1 31
235.464218 142.530029 4.000000 0.510893 0.859645 0.000000 -0.999531 0.030611 0.000000 0.411215 -0.911539 -0.000000 -1 32
81.501015 144.596909 4.000000 -0.577208 0.816597 0.000000 -0.472073 -0.881560 -0.000000 0.985126 0.171836 0.000000 -1 33
281.290100 153.677399 4.000000 -0.375953 0.926639 0.000000 -0.605053 -0.796185 -0.000000 0.998733 -0.050333 -0.000000 -1 36
143.465240 155.541199 4.000000 -0.675114 0.737714 0.000000 -0.303511 -0.952828 -0.000000 0.977515 0.210864 0.000000 -1 37
118.413422 170.547989 4.000000 0.352050 0.935981 0.000000 -0.998822 -0.048524 -0.000000 0.563847 -0.825879 -0.000000 -1 39
264.692780 170.273392 4.000000 0.804768 0.593590 0.000000 -0.940022 0.341113 0.000000 0.138957 -0.990298 -0.000000 -1 40
186.483246 177.421906 4.000000 0.315207 0.949023 0.000000 -0.940285 -0.340387 -0.000000 0.715079 -0.699043 -0.000000 -1 43
13.573730 182.513809 4.000000 0.929776 0.368125 0.000000 -0.759397 0.650628 0.000000 -0.069121 -0.997608 -0.000000 -1 44
241.283051 212.716949 4.000000 0.637323 0.770597 0.000000 -0.963697 0.266999 0.000000 0.267640 -0.963519 -0.000000 -1 47
2.534525 233.496017 4.000000 0.390439 0.920629 0.000000 -0.987712 -0.156288 -0.000000 0.639071 -0.769148 -0.000000 -1 50
302.456879 233.485550 4.000000 -0.722102 0.691787 0.000000 -0.336279 -0.941762 -0.000000 0.973730 0.227706 0.000000 -1 51
40.505695 249.568787 4.000000 0.100949 0.994892 0.000000 -0.820535 -0.571596 0.000000 0.985774 -0.168077 -0.000000 -1 55
206.532227 250.487183 4.000000 0.512143 0.858900 0.000000 -0.997875 -0.065153 -0.000000 0.568062 -0.822986 -0.000000 -1 56
114.478241 254.525467 4.000000 0.359238 0.933246 0.000000 -0.991801 -0.127790 0.000000 0.649464 -0.760393 -0.000000 -1 57
455.566315 258.509216 4.000000 0.383225 0.923655 0.000000 -0.980268 -0.197671 -0.000000 0.691646 -0.722236 -0.000000 -1 58
254.284958 261.692871 4.000000 -0.219901 0.975522 0.000000 -0.757400 -0.652951 0.000000 0.975289 -0.220932 -0.000000 -1 59
299.597015 277.533508 4.000000 -0.712924 0.701241 0.000000 -0.122421 -0.992478 -0.000000 0.955637 0.294548 0.000000 -1 64
0.541261 279.508942 4.000000 0.059712 0.998216 0.000000 -0.575112 -0.818075 0.000000 0.787168 -0.616738 -0.000000 -1 66
163.491837 286.401947 4.000000 -0.182377 0.983229 0.000000 -0.820373 -0.571829 -0.000000 0.883321 -0.468768 -0.000000 -1 68
