191.583099 5.505018 4.000000 -0.386430 0.922319 0.000000 -0.550162 -0.835058 -0.000000 0.995373 -0.096089 -0.000000 -1 1
527.576416 7.525762 4.000000 -0.629810 0.776750 0.000000 -0.241835 -0.970317 0.000000 0.976129 0.217192 0.000000 -1 2
77.434952 22.468470 4.000000 0.120875 0.992668 0.000000 -0.922642 -0.385656 -0.000000 0.764844 -0.644216 -0.000000 -1 3
9.479905 27.418602 4.000000 -0.702513 0.711671 0.000000 -0.273997 -0.961731 -0.000000 0.986134 0.165950 0.000000 -1 6
231.523148 30.497818 4.000000 0.227738 0.973722 0.000000 -0.933764 -0.357890 0.000000 0.807059 -0.590471 -0.000000 -1 7
179.498764 44.398956 4.000000 -0.659519 0.751688 0.000000 -0.401898 -0.915685 -0.000000 0.998473 0.055246 0.000000 -1 8
130.451538 45.411980 4.000000 -0.392054 0.919942 0.000000 -0.640156 -0.768245 0.000000 0.973805 -0.227387 -0.000000 -1 9
263.592285 65.491325 4.000000 0.741370 0.671096 0.000000 -0.670139 0.742236 0.000000 -0.001328 -0.999999 -0.000000 -1 15
14.405717 81.549431 4.000000 0.878193 0.478306 0.000000 -0.825960 0.563728 0.000000 -0.158838 -0.987305 0.000000 -1 17
125.518028 83.483459 4.000000 0.647944 0.761688 0.000000 -0.986786 0.162030 0.000000 0.348378 -0.937354 -0.000000 -1 18
237.402893 95.494057 4.000000 -0.009425 0.999956 0.000000 -0.894060 -0.447946 -0.000000 0.812981 -0.582290 -0.000000 -1 20
97.574699 103.526443 4.000000 0.009208 0.999958 0.000000 -0.825798 -0.563966 -0.000000 0.917072 -0.398721 -0.000000 -1 21
184.512833 111.443863 4.000000 0.758208 0.652013 0.000000 -0.987456 0.157896 0.000000 0.102834 -0.994698 -0.000000 -1 23
159.560730 118.528046 4.000000 -0.059042 0.998255 0.000000 -0.790476 -0.612493 -0.000000 0.947720 -0.319104 0.000000 -1 25
36.571075 119.519852 4.000000 0.118337 0.992974 0.000000 -0.873829 -0.486234 -0.000000 0.839005 -0.544124 -0.000000 -1 26
271.429016 127.523766 4.000000 0.932684 0.360694 0.000000 -0.760390 0.649467 0.000000 -0.284863 -0.958568 -0.000000 -1 28
86.462303 135.437424 4.000000 0.354273 0.935142 0.000000 -0.960426 -0.278535 -0.000000 0.704561 -0.709644 -0.000000 -1 30
273.519592 169.546448 4.000000 0.938720 0.344681 0.000000 -0.704081 0.710120 0.000000 -0.176772 -0.984252 0.000000 -1 34
2.432424 170.511673 4.000000 0.344883 0.938646 0.000000 -0.992835 -0.119496 0.000000 0.565449 -0.824784 -0.000000 -1 35
244.727921 184.702377 4.000000 0.491284 0.870999 0.000000 -0.995465 0.095128 0.000000 0.513059 -0.858353 -0.000000 -1 38
150.529663 186.492523 4.000000 -0.602538 0.798090 0.000000 -0.366765 -0.930314 0.000000 0.991613 0.129241 0.000000 -1 40
300.591248 197.547867 4.000000 -0.405797 0.913963 0.000000 -0.445109 -0.895476 -0.000000 0.999018 0.044314 0.000000 -1 41
101.440590 201.499161 4.000000 -0.355765 0.934575 0.000000 -0.726502 -0.687165 0.000000 0.975498 -0.220009 -0.000000 -1 43
22.466726 210.495605 4.000000 0.457419 0.889251 0.000000 -0.990892 -0.134662 -0.000000 0.589584 -0.807707 -0.000000 -1 44
131.455383 223.407120 4.000000 0.474318 0.880353 0.000000 -0.988242 -0.152900 0.000000 0.471103 -0.882078 -0.000000 -1 46
228.560745 240.598175 4.000000 0.843726 0.536775 0.000000 -0.845169 0.534500 0.000000 0.065155 -0.997875 -0.000000 -1 51
0.451993 247.525101 4.000000 0.322513 0.946565 0.000000 -0.999995 -0.003033 0.000000 0.565000 -0.825091 -0.000000 -1 52
456.559570 257.577484 4.000000 0.346659 0.937991 0.000000 -0.988426 -0.151705 0.000000 0.714715 -0.699416 -0.000000 -1 54
176.461273 263.503754 4.000000 0.787157 0.616753 0.000000 -0.927333 0.374236 -0.000000 0.098003 -0.995186 -0.000000 -1 55
135.573959 275.559296 4.000000 0.632557 0.774514 0.000000 -0.985377 0.170388 -0.000000 0.479587 -0.877495 -0.000000 -1 58
262.520233 281.475922 4.000000 -0.818785 0.574100 0.000000 -0.011261 -0.999937 -0.000000 0.945990 0.324195 0.000000 -1 60
