526.550842 6.519118 4.000000 -0.641559 0.767074 0.000000 -0.267050 -0.963683 -0.000000 0.976552 0.215279 0.000000 -1 1
254.582123 20.428972 4.000000 0.139584 0.990210 0.000000 -0.878812 -0.477169 -0.000000 0.803697 -0.595039 -0.000000 -1 3
217.591705 31.581640 4.000000 0.178923 0.983863 0.000000 -0.921064 -0.389411 -0.000000 0.841329 -0.540523 -0.000000 -1 6
55.525265 51.548458 4.000000 0.512128 0.858909 0.000000 -0.999567 0.029412 0.000000 0.545250 -0.838273 -0.000000 -1 8
241.419037 64.572746 4.000000 0.952948 0.303135 0.000000 -0.667456 0.744649 0.000000 -0.361961 -0.932193 -0.000000 -1 10
110.582466 65.444901 4.000000 -0.716044 0.698055 0.000000 -0.232853 -0.972512 0.000000 0.977113 0.212722 0.000000 -1 12
19.541176 66.416046 4.000000 -0.825593 0.564265 0.000000 -0.174844 -0.984596 -0.000000 0.950442 0.310903 0.000000 -1 13
59.544743 68.474457 4.000000 -0.452651 0.891688 0.000000 -0.514161 -0.857694 -0.000000 0.998848 -0.047994 0.000000 -1 14
146.531433 77.450363 4.000000 0.776758 0.629800 0.000000 -0.932040 0.362355 0.000000 0.135734 -0.990745 -0.000000 -1 17
215.359100 86.743553 4.000000 0.177507 0.984120 0.000000 -0.940761 -0.339070 -0.000000 0.859072 -0.511855 -0.000000 -1 19
91.446396 96.493317 4.000000 0.221532 0.975153 0.000000 -0.958863 -0.283869 -0.000000 0.677244 -0.735759 -0.000000 -1 21
279.576965 101.512283 4.000000 0.367556 0.930001 0.000000 -0.977451 -0.211164 0.000000 0.697697 -0.716393 -0.000000 -1 22
179.420441 112.451515 4.000000 -0.387838 0.921728 0.000000 -0.687944 -0.725764 -0.000000 0.966940 -0.255003 -0.000000 -1 25
17.443825 129.426224 4.000000 -0.688025 0.725687 0.000000 -0.462706 -0.886512 -0.000000 0.997942 0.064120 0.000000 -1 26
80.580978 143.567764 4.000000 -0.570194 0.821510 0.000000 -0.339321 -0.940671 -0.000000 0.978169 0.207811 0.000000 -1 30
238.405838 146.420258 4.000000 0.470726 0.882279 0.000000 -0.994222 -0.107344 -0.000000 0.381046 -0.924556 0.000000 -1 31
285.549744 161.418716 4.000000 -0.462169 0.886792 0.000000 -0.401843 -0.915709 0.000000 0.998856 -0.047817 -0.000000 -1 33
113.456528 170.574524 4.000000 0.283377 0.959009 0.000000 -0.990980 -0.134009 -0.000000 0.677725 -0.735315 -0.000000 -1 35
269.491211 171.487518 4.000000 0.556388 0.830922 0.000000 -0.995525 -0.094500 0.000000 0.291160 -0.956674 -0.000000 -1 36
187.276978 175.718994 4.000000 0.299459 0.954109 0.000000 -0.986017 -0.166643 0.000000 0.646115 -0.763240 -0.000000 -1 39
13.548744 181.514862 4.000000 0.936126 0.351664 0.000000 -0.746196 0.665727 0.000000 -0.112508 -0.993651 -0.000000 -1 41
116.417480 205.533813 4.000000 -0.317240 0.948345 0.000000 -0.714223 -0.699918 -0.000000 0.980858 -0.194723 -0.000000 -1 43
242.507156 212.486908 4.000000 0.511505 0.859280 0.000000 -0.999991 0.004200 0.000000 0.481363 -0.876521 -0.000000 -1 44
3.492633 233.508240 4.000000 0.368037 0.929811 0.000000 -0.990009 -0.141007 -0.000000 0.629054 -0.777362 -0.000000 -1 49
208.447968 252.579254 4.000000 0.500782 0.865573 0.000000 -0.995944 0.089979 0.000000 0.474159 -0.880439 -0.000000 -1 52
46.448135 253.544037 4.000000 -0.026427 0.999651 0.000000 -0.878626 -0.477510 -0.000000 0.891973 -0.452089 -0.000000 -1 53
114.459702 253.550781 4.000000 0.087948 0.996125 0.000000 -0.935655 -0.352916 0.000000 0.804674 -0.593717 -0.000000 -1 55
455.570801 258.483276 4.000000 0.391250 0.920284 0.000000 -0.976312 -0.216365 -0.000000 0.686240 -0.727375 -0.000000 -1 56
255.456207 263.504944 4.000000 -0.246485 0.969147 0.000000 -0.746195 -0.665728 -0.000000 0.964351 -0.264626 -0.000000 -1 57
299.577728 274.544159 4.000000 0.938624 0.344943 -0.000000 -0.762500 0.646989 0.000000 -0.114400 -0.993435 -0.000000 -1 59
162.420654 285.584290 4.000000 -0.211067 0.977472 0.000000 -0.879518 -0.475866 -0.000000 0.927710 -0.373301 -0.000000 -1 62
