89.436920 300.542450 4.000000 0.866433 0.499293 0.000000 -0.706226 0.707986 0.000000 -0.150907 -0.988548 -0.000000 -1 1
228.588989 2.472807 4.000000 -0.737401 0.675455 0.000000 -0.081461 -0.996677 -0.000000 0.962586 0.270977 0.000000 -1 2
522.505737 5.569727 4.000000 -0.627422 0.778679 0.000000 -0.330111 -0.943942 -0.000000 0.962786 0.270263 0.000000 -1 3
196.420914 7.495347 4.000000 -0.154493 0.987994 0.000000 -0.881866 -0.471500 -0.000000 0.850300 -0.526298 -0.000000 -1 4
266.713715 20.279486 4.000000 0.859342 0.511401 -0.000000 -0.909079 0.416623 0.000000 0.112521 -0.993649 -0.000000 -1 5
8.479606 37.567116 4.000000 -0.566328 0.824180 0.000000 -0.415589 -0.909552 -0.000000 0.988169 0.153370 0.000000 -1 10
303.448853 38.441498 4.000000 -0.592413 0.805635 0.000000 -0.483150 -0.875538 -0.000000 0.999547 0.030081 0.000000 -1 11
63.484642 47.566513 4.000000 -0.363016 0.931783 0.000000 -0.672639 -0.739970 -0.000000 0.990192 -0.139710 0.000000 -1 14
119.413445 49.444466 4.000000 -0.783059 0.621947 0.000000 -0.233828 -0.972278 -0.000000 0.946145 0.323744 0.000000 -1 15
157.497482 51.428471 4.000000 -0.535576 0.844487 0.000000 -0.494383 -0.869244 -0.000000 0.999495 -0.031776 0.000000 -1 16
191.439499 53.520325 4.000000 -0.629712 0.776829 0.000000 -0.485013 -0.874507 -0.000000 0.985482 0.169783 0.000000 -1 18
151.529404 74.442390 4.000000 0.168471 0.985707 0.000000 -0.949032 -0.315180 -0.000000 0.713674 -0.700478 -0.000000 -1 21
241.529373 86.419266 4.000000 0.498612 0.866825 0.000000 -0.997598 -0.069269 0.000000 0.554159 -0.832411 -0.000000 -1 23
200.446487 94.523888 4.000000 0.948947 0.315436 0.000000 -0.731956 0.681351 0.000000 -0.261020 -0.965333 -0.000000 -1 25
491.575500 96.445320 4.000000 0.266629 0.963799 0.000000 -0.929712 -0.368287 -0.000000 0.756306 -0.654218 -0.000000 -1 26
257.466705 118.410690 4.000000 0.176858 0.984236 0.000000 -0.900136 -0.435610 -0.000000 0.742248 -0.670126 -0.000000 -1 28
132.517853 133.543839 4.000000 0.941257 0.337691 0.000000 -0.723962 0.689839 0.000000 -0.170458 -0.985365 0.000000 -1 31
186.589035 149.446259 4.000000 0.127955 0.991780 0.000000 -0.892365 -0.451315 -0.000000 0.817084 -0.576518 -0.000000 -1 33
95.592529 157.457886 4.000000 0.923672 0.383183 0.000000 -0.837083 0.547076 0.000000 -0.002871 -0.999996 -0.000000 -1 35
272.454559 158.449783 4.000000 0.907240 0.420612 -0.000000 -0.909567 0.415556 0.000000 0.047179 -0.998886 -0.000000 -1 36
235.573700 169.507675 4.000000 0.665872 0.746066 0.000000 -0.991814 0.127693 0.000000 0.484384 -0.874856 -0.000000 -1 38
4.270614 189.300034 4.000000 0.717142 0.696927 0.000000 -0.959446 0.281893 0.000000 0.183663 -0.982989 -0.000000 -1 41
434.476837 196.471771 4.000000 -0.375900 0.926660 0.000000 -0.637400 -0.770533 -0.000000 0.981158 -0.193208 0.000000 -1 42
129.479462 210.537552 4.000000 -0.279445 0.960162 0.000000 -0.722873 -0.690981 -0.000000 0.980463 -0.196701 -0.000000 -1 45
44.558708 212.451416 4.000000 0.232028 0.972709 0.000000 -0.916483 -0.400073 -0.000000 0.736499 -0.676439 -0.000000 -1 46
81.513847 229.447876 4.000000 -0.204229 0.978923 0.000000 -0.722813 -0.691043 -0.000000 0.937102 -0.349055 -0.000000 -1 49
181.697372 237.265137 4.000000 -0.842043 0.539410 0.000000 -0.076786 -0.997048 -0.000000 0.941584 0.336779 0.000000 -1 51
122.442863 242.492050 4.000000 0.578244 0.815864 0.000000 -0.997413 0.071883 0.000000 0.384596 -0.923085 -0.000000 -1 54
162.549179 246.424530 4.000000 0.249639 0.968339 0.000000 -0.866967 -0.498366 -0.000000 0.892695 -0.450662 -0.000000 -1 55
458.551483 259.582306 4.000000 0.378991 0.925400 0.000000 -0.996368 -0.085149 -0.000000 0.670460 -0.741945 -0.000000 -1 57
76.578056 262.441986 4.000000 -0.707322 0.706892 0.000000 -0.152600 -0.988288 -0.000000 0.986117 0.166052 0.000000 -1 58
298.520660 270.442200 4.000000 -0.569561 0.821949 0.000000 -0.440340 -0.897831 -0.000000 0.999471 -0.032524 0.000000 -1 61
99.501610 271.419464 4.000000 0.215048 0.976603 0.000000 -0.951753 -0.306865 0.000000 0.701507 -0.712663 -0.000000 -1 62
35.720665 283.716736 4.000000 -0.034343 0.999410 0.000000 -0.849800 -0.527106 0.000000 0.928200 -0.372081 -0.000000 -1 66
161.453491 294.460571 4.000000 0.500069 0.865986 0.000000 -0.994088 -0.108573 0.000000 0.673506 -0.739182 -0.000000 -1 69
