526.478882 5.468962 4.000000 -0.686521 0.727110 0.000000 -0.318473 -0.947932 -0.000000 0.982794 0.184703 0.000000 -1 1
159.587234 15.576498 4.000000 0.516594 0.856230 0.000000 -0.999834 0.018199 0.000000 0.552662 -0.833405 -0.000000 -1 4
41.518467 17.468300 4.000000 0.802549 0.596586 0.000000 -0.958936 0.283623 0.000000 0.225525 -0.974238 -0.000000 -1 5
301.416534 17.526880 4.000000 -0.364109 0.931356 0.000000 -0.719066 -0.694942 -0.000000 0.978895 -0.204361 0.000000 -1 6
202.541000 27.445257 4.000000 0.569437 0.822035 0.000000 -0.973966 -0.226692 0.000000 0.452178 -0.891928 -0.000000 -1 10
54.432991 28.444620 4.000000 -0.232554 0.972583 0.000000 -0.795747 -0.605629 -0.000000 0.915287 -0.402801 -0.000000 -1 11
75.517998 60.454159 4.000000 -0.265807 0.964026 0.000000 -0.712484 -0.701688 -0.000000 0.955726 -0.294258 -0.000000 -1 15
124.427887 70.448326 4.000000 0.134371 0.990931 0.000000 -0.910451 -0.413616 -0.000000 0.698760 -0.715356 -0.000000 -1 18
210.311905 73.272552 4.000000 0.725352 0.688379 0.000000 -0.980027 0.198863 0.000000 0.267418 -0.963581 0.000000 -1 19
49.531216 74.529442 4.000000 -0.072606 0.997361 0.000000 -0.946823 -0.321755 0.000000 0.861490 -0.507774 -0.000000 -1 20
236.465042 77.457588 4.000000 -0.235463 0.971883 0.000000 -0.767160 -0.641456 -0.000000 0.945613 -0.325295 -0.000000 -1 21
136.499146 104.490326 4.000000 0.938379 0.345608 -0.000000 -0.782546 0.622593 0.000000 -0.131497 -0.991317 0.000000 -1 27
238.513565 110.566811 4.000000 0.843868 0.536550 0.000000 -0.852858 0.522142 0.000000 -0.006209 -0.999981 -0.000000 -1 28
289.586121 112.524765 4.000000 0.460251 0.887789 0.000000 -0.997689 -0.067943 -0.000000 0.646788 -0.762670 0.000000 -1 29
101.440697 125.520996 4.000000 -0.679806 0.733392 0.000000 -0.374504 -0.927225 -0.000000 0.974569 0.224088 -0.000000 -1 30
205.271820 131.722672 4.000000 0.548528 0.836132 -0.000000 -0.986024 0.166601 0.000000 0.366856 -0.930278 -0.000000 -1 32
16.282946 155.690567 4.000000 0.904764 0.425913 0.000000 -0.817622 0.575756 0.000000 -0.185787 -0.982590 -0.000000 -1 34
127.477829 182.456161 4.000000 -0.675648 0.737224 0.000000 -0.342322 -0.939583 -0.000000 0.988453 0.151527 0.000000 -1 37
183.587997 187.577377 4.000000 0.231198 0.972907 0.000000 -0.937557 -0.347832 -0.000000 0.809358 -0.587316 0.000000 -1 38
84.448677 205.476837 4.000000 0.531507 0.847054 0.000000 -0.998124 0.061232 0.000000 0.392547 -0.919732 -0.000000 -1 41
118.522308 207.427155 4.000000 0.390139 0.920756 -0.000000 -0.988503 -0.151198 0.000000 0.588304 -0.808640 -0.000000 -1 42
181.497482 232.492172 4.000000 -0.253956 0.967216 0.000000 -0.708894 -0.705315 -0.000000 0.963963 -0.266035 -0.000000 -1 47
295.588074 239.447784 4.000000 -0.496730 0.867905 0.000000 -0.410541 -0.911842 -0.000000 0.999746 -0.022552 0.000000 -1 48
102.473480 244.583786 4.000000 0.287603 0.957750 0.000000 -0.999669 -0.025734 0.000000 0.626002 -0.779822 -0.000000 -1 50
36.527248 258.424194 4.000000 -0.526336 0.850276 0.000000 -0.467998 -0.883729 -0.000000 0.998184 -0.060238 0.000000 -1 51
145.722717 259.706848 4.000000 0.631769 0.775156 0.000000 -0.943894 0.330249 0.000000 0.386135 -0.922442 -0.000000 -1 53
455.544220 259.491669 4.000000 0.371157 0.928570 0.000000 -0.980013 -0.198932 -0.000000 0.668282 -0.743908 -0.000000 -1 54
236.439209 263.504425 4.000000 0.056628 0.998395 0.000000 -0.923560 -0.383453 -0.000000 0.813854 -0.581069 -0.000000 -1 56
109.482079 271.490570 4.000000 0.828323 0.560250 0.000000 -0.897128 0.441771 0.000000 0.077808 -0.996968 -0.000000 -1 59
0.557919 273.464691 4.000000 0.385328 0.922780 0.000000 -0.985845 -0.167657 -0.000000 0.655968 -0.754789 -0.000000 -1 60
161.532837 285.584167 4.000000 -0.430920 0.902390 0.000000 -0.482995 -0.875623 -0.000000 0.996872 0.079028 0.000000 -1 61
116.528656 287.580231 4.000000 -0.125985 0.992032 0.000000 -0.809727 -0.586807 -0.000000 0.965784 -0.259348 -0.000000 -1 62
