525.473755 3.483883 4.000000 -0.655581 0.755125 0.000000 -0.363130 -0.931738 0.000000 0.987392 0.158293 0.000000 -1 1
41.281727 23.725327 4.000000 0.942071 0.335414 0.000000 -0.734656 0.678439 0.000000 -0.273743 -0.961803 -0.000000 -1 3
155.539047 34.404739 4.000000 -0.867376 0.497654 0.000000 -0.070395 -0.997519 -0.000000 0.956985 0.290138 0.000000 -1 7
115.511909 45.471203 4.000000 0.429818 0.902915 0.000000 -0.987964 -0.154686 0.000000 0.599376 -0.800467 -0.000000 -1 9
233.489120 56.493107 4.000000 0.345149 0.938548 0.000000 -0.883837 -0.467794 -0.000000 0.911566 -0.411154 -0.000000 -1 10
22.623932 59.244408 4.000000 -0.822423 0.568876 0.000000 -0.283261 -0.959043 -0.000000 0.968698 0.248244 -0.000000 -1 13
76.483627 60.576454 4.000000 -0.113747 0.993510 0.000000 -0.837171 -0.546941 -0.000000 0.916952 -0.398998 -0.000000 -1 14
51.553852 87.512558 4.000000 0.295123 0.955459 0.000000 -0.959840 -0.280548 -0.000000 0.751184 -0.660093 -0.000000 -1 18
144.428024 89.512802 4.000000 0.953676 0.300836 0.000000 -0.759855 0.650093 0.000000 -0.293330 -0.956011 -0.000000 -1 19
254.449524 89.589317 4.000000 0.913965 0.405793 0.000000 -0.753663 0.657261 0.000000 -0.228719 -0.973493 -0.000000 -1 20
185.516190 115.476662 4.000000 0.560391 0.828228 0.000000 -0.999378 0.035253 0.000000 0.440122 -0.897938 -0.000000 -1 22
270.487061 121.521790 4.000000 -0.340196 0.940355 0.000000 -0.623208 -0.782056 -0.000000 0.990012 -0.140981 -0.000000 -1 24
54.483982 139.534271 4.000000 -0.222047 0.975036 0.000000 -0.757207 -0.653175 -0.000000 0.957522 -0.288360 0.000000 -1 28
124.480560 140.573929 4.000000 0.441363 0.897329 0.000000 -0.999240 0.038972 0.000000 0.615595 -0.788063 -0.000000 -1 29
294.573517 144.444229 4.000000 -0.227802 0.973707 0.000000 -0.586178 -0.810182 -0.000000 0.994113 -0.108346 -0.000000 -1 30
215.473389 149.530640 4.000000 -0.637871 0.770143 0.000000 -0.374455 -0.927245 -0.000000 0.990946 0.134259 -0.000000 -1 32
171.570801 154.474075 4.000000 0.505717 0.862699 -0.000000 -0.999970 0.007769 0.000000 0.548751 -0.835986 -0.000000 -1 34
192.000000 181.000000 4.000000 -0.127636 0.991821 0.000000 -0.288318 -0.957535 -0.000000 0.996620 -0.082149 -0.000000 -1 39
37.470016 182.521072 4.000000 -0.464973 0.885325 0.000000 -0.492899 -0.870087 -0.000000 0.998488 -0.054977 0.000000 -1 40
116.552704 186.570389 4.000000 -0.632596 0.774482 0.000000 -0.233185 -0.972432 -0.000000 0.959132 0.282960 0.000000 -1 41
149.469925 188.476349 4.000000 0.110412 0.993886 0.000000 -0.950822 -0.309739 -0.000000 0.749651 -0.661834 -0.000000 -1 42
430.587738 202.566742 4.000000 -0.143571 0.989640 0.000000 -0.711170 -0.703020 -0.000000 0.983362 -0.181656 -0.000000 -1 43
11.593717 204.533829 4.000000 0.893390 0.449283 0.000000 -0.778171 0.628052 0.000000 0.004321 -0.999991 -0.000000 -1 44
94.504646 222.484406 4.000000 0.005199 0.999986 0.000000 -0.796309 -0.604890 -0.000000 0.941707 -0.336434 -0.000000 -1 51
276.456757 235.446457 4.000000 0.756420 0.654086 0.000000 -0.966364 0.257178 0.000000 0.182094 -0.983281 -0.000000 -1 53
210.532898 236.418854 4.000000 0.333566 0.942727 0.000000 -0.958178 -0.286172 0.000000 0.670594 -0.741825 -0.000000 -1 54
12.574233 255.446701 4.000000 0.884103 0.467292 0.000000 -0.850724 0.525612 0.000000 0.032106 -0.999484 -0.000000 -1 55
62.547668 259.499908 4.000000 0.097956 0.995191 0.000000 -0.893515 -0.449034 -0.000000 0.851569 -0.524242 -0.000000 -1 57
456.495544 259.557770 4.000000 0.321728 0.946832 0.000000 -0.993885 -0.110423 0.000000 0.653357 -0.757050 -0.000000 -1 58
128.489838 283.503052 4.000000 -0.196877 0.980428 0.000000 -0.778249 -0.627956 -0.000000 0.948665 -0.316282 -0.000000 -1 61
192.615036 292.535126 4.000000 -0.023813 0.999716 0.000000 -0.715391 -0.698724 -0.000000 0.900044 -0.435800 -0.000000 -1 63
74.570686 293.435730 4.000000 -0.508670 0.860962 0.000000 -0.395400 -0.918509 -0.000000 0.999778 -0.021052 -0.000000 -1 64
