-357.850783 -360.416610 2.448278 0.000000 0.117549
-357.405348 -360.415291 2.906453 0.000000 0.103490
-356.988094 -360.415295 3.323810 0.000000 0.103390
-356.648494 -360.413912 3.657956 0.000000 0.107462
-356.364564 -360.412130 3.935106 0.000000 0.112460
-356.116662 -360.410134 4.175981 0.000000 0.117490
-355.892082 -360.407981 4.393623 0.000000 0.122277
-355.683066 -360.405708 4.595898 0.000000 0.126744
-355.484998 -360.403353 4.787466 0.000000 0.130889
-355.295244 -360.400945 4.970975 0.000000 0.134727
-355.112425 -360.398511 5.147807 0.000000 0.138280
-354.935950 -360.396065 5.318549 0.000000 0.141566
-354.765711 -360.393626 5.483310 0.000000 0.144605
-354.601878 -360.391206 5.641917 0.000000 0.147411
-354.444759 -360.388812 5.794049 0.000000 0.150004
-354.294704 -360.386453 5.939347 0.000000 0.152402
-354.152032 -360.384151 6.077490 0.000000 0.154630
-354.016984 -360.381934 6.208236 0.000000 0.156714
-353.889684 -360.379809 6.331439 0.000000 0.158686
-353.770106 -360.377783 6.447097 0.000000 0.160581
-353.658036 -360.375890 6.555420 0.000000 0.162434
-353.553028 -360.374157 6.656855 0.000000 0.164274
-353.454359 -360.372580 6.752108 0.000000 0.166113
-353.360997 -360.371142 6.842216 0.000000 0.167928
-353.271579 -360.369808 6.928579 0.000000 0.169650
-353.184510 -360.368528 7.012851 0.000000 0.171167
-353.098234 -360.367230 7.096607 0.000000 0.172389
-353.011604 -360.365936 7.180932 0.000000 0.173401
-352.923979 -360.364861 7.266349 0.000000 0.174533
-352.835570 -360.364154 7.352757 0.000000 0.175827
-352.751028 -360.363333 7.436149 0.000000 0.176156
-352.681122 -360.362360 7.506213 0.000000 0.175025
-352.634755 -360.362099 7.553891 0.000000 0.173453
-352.608792 -360.363282 7.582328 0.000000 0.172163
-352.591781 -360.363353 7.600533 0.000000 0.171040
-352.578973 -360.362477 7.614093 0.000000 0.169410
-352.563618 -360.361928 7.631210 0.000000 0.167100
-352.538031 -360.361015 7.658507 0.000000 0.164477
-352.497493 -360.359578 7.700005 0.000000 0.162080
-352.441658 -360.357830 7.755853 0.000000 0.160319
-352.373215 -360.356059 7.823630 0.000000 0.159214
-352.296052 -360.354398 7.899845 0.000000 0.158501
-352.214032 -360.352894 7.980900 0.000000 0.157962
-352.130117 -360.351484 8.063854 0.000000 0.157512
-352.046007 -360.350126 8.146976 0.000000 0.157143
-351.962296 -360.348826 8.229667 0.000000 0.156862
-351.878858 -360.347567 8.312037 0.000000 0.156672
-351.795211 -360.346348 8.394565 0.000000 0.156572
-351.710797 -360.345150 8.477801 0.000000 0.156553
-351.625210 -360.343952 8.562136 0.000000 0.156607
-351.538402 -360.342733 8.647608 0.000000 0.156723
-351.450859 -360.341511 8.733764 0.000000 0.156888
-351.363671 -360.340275 8.819522 0.000000 0.157082
-351.278634 -360.339043 8.903135 0.000000 0.157275
-351.198259 -360.337883 8.982203 0.000000 0.157421
-351.125910 -360.337199 9.053828 0.000000 0.157461
-351.065566 -360.338064 9.115147 0.000000 0.157351
-351.019334 -360.339424 9.163012 0.000000 0.157078
-350.987372 -360.339063 9.195052 0.000000 0.156639
-350.970123 -360.337466 9.211245 0.000000 0.156098
-350.966214 -360.334764 9.212995 0.000000 0.155555
-350.970501 -360.332122 9.206572 0.000000 0.155048
-350.977075 -360.332023 9.200335 0.000000 0.154613
-350.983787 -360.331555 9.193464 0.000000 0.154305
-350.991134 -360.330873 9.185640 0.000000 0.154099
-350.999110 -360.330226 9.177144 0.000000 0.153972
-351.007419 -360.329664 9.168330 0.000000 0.153914
-351.015820 -360.329185 9.159447 0.000000 0.153918
-351.024187 -360.328779 9.150615 0.000000 0.153978
-351.032487 -360.328432 9.141862 0.000000 0.154083
-351.040741 -360.328131 9.133165 0.000000 0.154226
-351.049004 -360.327880 9.124479 0.000000 0.154398
-351.057331 -360.327665 9.115743 0.000000 0.154591
-351.065780 -360.327476 9.106896 0.000000 0.154800
-351.074412 -360.327321 9.097891 0.000000 0.155018
-351.083266 -360.327183 9.088676 0.000000 0.155241
-351.092390 -360.327075 9.079220 0.000000 0.155465
-351.101807 -360.326982 9.069488 0.000000 0.155687
-351.111547 -360.326915 9.059463 0.000000 0.155905
-351.121621 -360.326861 9.049123 0.000000 0.156116
-351.132044 -360.326824 9.038460 0.000000 0.156320
-351.142820 -360.326802 9.027468 0.000000 0.156514
-351.153949 -360.326787 9.016139 0.000000 0.156699
-351.165437 -360.326791 9.004481 0.000000 0.156873
-351.177276 -360.326805 8.992493 0.000000 0.157037
-351.189460 -360.326828 8.980178 0.000000 0.157190
-351.201989 -360.326868 8.967547 0.000000 0.157332
-351.214849 -360.326916 8.954603 0.000000 0.157463
-351.228032 -360.326970 8.941353 0.000000 0.157585
-351.241532 -360.327035 8.927808 0.000000 0.157695
-351.255338 -360.327110 8.913976 0.000000 0.157796
-351.269439 -360.327189 8.899863 0.000000 0.157887
-351.283826 -360.327274 8.885479 0.000000 0.157969
-351.298495 -360.327371 8.870835 0.000000 0.158041
-351.313433 -360.327476 8.855938 0.000000 0.158105
-351.328631 -360.327586 8.840795 0.000000 0.158160
-351.344080 -360.327702 8.825414 0.000000 0.158207
-351.359774 -360.327825 8.809805 0.000000 0.158247
-351.375704 -360.327957 8.793974 0.000000 0.158278
-351.391861 -360.328093 8.777929 0.000000 0.158303
-351.408237 -360.328233 8.761675 0.000000 0.158321
-351.424825 -360.328376 8.745219 0.000000 0.158332
-351.441619 -360.328525 8.728569 0.000000 0.158337
-351.458613 -360.328680 8.711731 0.000000 0.158336
-351.475799 -360.328841 8.694713 0.000000 0.158329
-351.493171 -360.329006 8.677518 0.000000 0.158316
-351.510724 -360.329175 8.660153 0.000000 0.158298
-351.528450 -360.329347 8.642621 0.000000 0.158276
-351.546347 -360.329524 8.624930 0.000000 0.158248
-351.564407 -360.329706 8.607084 0.000000 0.158215
-351.582627 -360.329892 8.589088 0.000000 0.158178
-351.600999 -360.330082 8.570947 0.000000 0.158136
-351.619520 -360.330275 8.552664 0.000000 0.158091
-351.638184 -360.330470 8.534244 0.000000 0.158041
-351.656988 -360.330666 8.515691 0.000000 0.157988
-351.675927 -360.330866 8.497007 0.000000 0.157931
-351.694999 -360.331068 8.478199 0.000000 0.157871
-351.714199 -360.331275 8.459269 0.000000 0.157807
-351.733524 -360.331485 8.440221 0.000000 0.157740
-351.752969 -360.331698 8.421059 0.000000 0.157670
