-357.850788 -360.416613 2.448276 0.000000 0.117549
-357.368697 -360.403969 2.932413 0.000000 0.102859
-356.926251 -360.405045 3.376933 0.000000 0.101861
-356.571860 -360.403710 3.726095 0.000000 0.105756
-356.282689 -360.401648 4.008171 0.000000 0.110788
-356.036012 -360.399319 4.247494 0.000000 0.115813
-355.816672 -360.396858 4.459711 0.000000 0.120474
-355.615321 -360.394327 4.654325 0.000000 0.124682
-355.426302 -360.391766 4.837019 0.000000 0.128445
-355.246250 -360.389200 5.011146 0.000000 0.131804
-355.073233 -360.386658 5.178621 0.000000 0.134803
-354.906213 -360.384144 5.340447 0.000000 0.137484
-354.744712 -360.381678 5.497083 0.000000 0.139883
-354.588590 -360.379259 5.648638 0.000000 0.142031
-354.437893 -360.376885 5.795036 0.000000 0.143956
-354.292753 -360.374557 5.936120 0.000000 0.145684
-354.153305 -360.372283 6.071739 0.000000 0.147239
-354.019637 -360.370082 6.201800 0.000000 0.148644
-353.891753 -360.367964 6.326290 0.000000 0.149922
-353.769553 -360.365933 6.445285 0.000000 0.151095
-353.652840 -360.363994 6.558966 0.000000 0.152189
-353.541325 -360.362163 6.667606 0.000000 0.153232
-353.434660 -360.360456 6.771534 0.000000 0.154262
-353.332475 -360.358880 6.871082 0.000000 0.155323
-353.234437 -360.357419 6.966513 0.000000 0.156469
-353.140333 -360.356019 7.057929 0.000000 0.157756
-353.050205 -360.354542 7.145109 0.000000 0.159228
-352.964528 -360.352742 7.227304 0.000000 0.160910
-352.884403 -360.350282 7.303065 0.000000 0.162814
-352.811673 -360.346815 7.370168 0.000000 0.164973
-352.748677 -360.342112 7.425998 0.000000 0.167436
-352.697384 -360.336319 7.468755 0.000000 0.170179
-352.658366 -360.329830 7.498487 0.000000 0.172977
-352.630730 -360.323123 7.516877 0.000000 0.175516
-352.613075 -360.316932 7.526245 0.000000 0.177612
-352.604170 -360.312090 7.528745 0.000000 0.179174
-352.602718 -360.309295 7.526404 0.000000 0.180173
-352.606678 -360.308725 7.521378 0.000000 0.180669
-352.612964 -360.309687 7.515904 0.000000 0.180819
-352.618103 -360.311179 7.512255 0.000000 0.180821
-352.619132 -360.312568 7.512587 0.000000 0.180848
-352.613919 -360.313708 7.518764 0.000000 0.181024
-352.601078 -360.314901 7.532392 0.000000 0.181431
-352.580110 -360.317082 7.554873 0.000000 0.182099
-352.552525 -360.321576 7.586143 0.000000 0.182908
-352.524501 -360.328036 7.620222 0.000000 0.183313
-352.505552 -360.333547 7.645657 0.000000 0.182339
-352.499419 -360.336941 7.657991 0.000000 0.179530
-352.500247 -360.339002 7.663028 0.000000 0.175726
-352.495431 -360.340786 7.673181 0.000000 0.172174
-352.472867 -360.342839 7.700515 0.000000 0.169457
-352.430417 -360.344858 7.746649 0.000000 0.167792
-352.374549 -360.346591 7.805075 0.000000 0.166967
-352.313187 -360.348194 7.868495 0.000000 0.166512
-352.252380 -360.351136 7.932583 0.000000 0.166173
-352.193669 -360.354826 7.995233 0.000000 0.165924
-352.135056 -360.356389 8.055606 0.000000 0.165727
-352.075428 -360.356635 8.115673 0.000000 0.165534
-352.014382 -360.356556 8.176841 0.000000 0.165333
-351.951994 -360.356390 8.239288 0.000000 0.165108
-351.889146 -360.356161 8.302193 0.000000 0.164821
-351.827810 -360.355863 8.363622 0.000000 0.164431
-351.771028 -360.355501 8.420553 0.000000 0.163919
-351.722333 -360.355112 8.469447 0.000000 0.163332
-351.684350 -360.354620 8.507424 0.000000 0.162846
-351.657843 -360.353702 8.533100 0.000000 0.162758
-351.643162 -360.350686 8.544225 0.000000 0.163299
-351.638061 -360.346535 8.544136 0.000000 0.164338
-351.636485 -360.345534 8.543478 0.000000 0.165571
-351.635057 -360.344017 8.542082 0.000000 0.166878
-351.633978 -360.342692 8.540528 0.000000 0.168186
-351.633011 -360.341623 8.539128 0.000000 0.169484
-351.631870 -360.340747 8.538106 0.000000 0.170771
-351.630440 -360.340020 8.537538 0.000000 0.172043
-351.628729 -360.339396 8.537373 0.000000 0.173293
-351.626820 -360.338847 8.537510 0.000000 0.174518
-351.624820 -360.338358 8.537828 0.000000 0.175710
-351.622835 -360.337915 8.538214 0.000000 0.176866
-351.620958 -360.337511 8.538570 0.000000 0.177983
-351.619262 -360.337140 8.538820 0.000000 0.179058
-351.617804 -360.336796 8.538902 0.000000 0.180090
-351.616625 -360.336476 8.538773 0.000000 0.181078
-351.615752 -360.336179 8.538405 0.000000 0.182022
-351.615202 -360.335906 8.537781 0.000000 0.182923
-351.614981 -360.335651 8.536888 0.000000 0.183782
-351.615090 -360.335411 8.535721 0.000000 0.184600
-351.615527 -360.335187 8.534281 0.000000 0.185378
-351.616287 -360.334982 8.532577 0.000000 0.186118
-351.617358 -360.334791 8.530611 0.000000 0.186822
-351.618729 -360.334610 8.528392 0.000000 0.187490
-351.620391 -360.334448 8.525932 0.000000 0.188124
-351.622329 -360.334296 8.523240 0.000000 0.188727
-351.624529 -360.334155 8.520326 0.000000 0.189300
-351.626983 -360.334030 8.517203 0.000000 0.189843
-351.629672 -360.333912 8.513880 0.000000 0.190359
-351.632588 -360.333806 8.510369 0.000000 0.190849
-351.635717 -360.333713 8.506682 0.000000 0.191314
-351.639044 -360.333626 8.502827 0.000000 0.191755
-351.642561 -360.333552 8.498818 0.000000 0.192173
-351.646251 -360.333484 8.494664 0.000000 0.192570
-351.650106 -360.333426 8.490375 0.000000 0.192945
-351.654112 -360.333378 8.485966 0.000000 0.193300
-351.658254 -360.333333 8.481443 0.000000 0.193636
-351.662524 -360.333301 8.476823 0.000000 0.193953
-351.666905 -360.333272 8.472114 0.000000 0.194252
-351.671386 -360.333251 8.467332 0.000000 0.194533
-351.675950 -360.333237 8.462491 0.000000 0.194796
-351.680582 -360.333227 8.457603 0.000000 0.195042
-351.685267 -360.333227 8.452689 0.000000 0.195271
-351.689983 -360.333228 8.447763 0.000000 0.195483
-351.694711 -360.333236 8.442848 0.000000 0.195677
-351.699428 -360.333252 8.437970 0.000000 0.195854
-351.704105 -360.333270 8.433152 0.000000 0.196013
-351.708711 -360.333294 8.428429 0.000000 0.196154
-351.713210 -360.333325 8.423841 0.000000 0.196275
-351.717553 -360.333360 8.419432 0.000000 0.196376
-351.721685 -360.333401 8.415261 0.000000 0.196455
-351.725536 -360.333449 8.411403 0.000000 0.196510
-351.729013 -360.333508 8.407956 0.000000 0.196539
-351.731994 -360.333579 8.405046 0.000000 0.196538
