59.603661 40.500000 1.000000 1.000000 -0.000000 -0.000000 1 1
59.602936 40.500000 1.000000 1.000000 -0.000000 -0.000000 1 1
62.567680 40.500000 1.000000 1.000000 -0.000000 -0.000000 1 1
66.430595 40.500000 1.000000 1.000000 -0.000000 -0.000000 1 1
69.544685 40.500000 1.000000 1.000000 -0.000000 -0.000000 1 1
73.541306 40.500000 1.000000 1.000000 -0.000000 -0.000000 1 1
77.456444 40.500000 1.000000 1.000000 -0.000000 -0.000000 1 1
80.466675 40.500000 1.000000 1.000000 -0.000000 -0.000000 1 1
82.583191 40.500000 1.000000 1.000000 -0.000000 -0.000000 1 1
85.446663 40.500000 1.000000 1.000000 -0.000000 -0.000000 1 1
87.445396 40.500000 1.000000 1.000000 -0.000000 -0.000000 1 1
88.587250 40.500000 1.000000 1.000000 -0.000000 -0.000000 1 1
90.511108 40.500000 1.000000 1.000000 -0.000000 -0.000000 1 1
91.583969 40.500000 1.000000 1.000000 -0.000000 -0.000000 1 1
93.446724 40.500000 1.000000 1.000000 -0.000000 -0.000000 1 1
94.473381 40.500000 1.000000 1.000000 -0.000000 -0.000000 1 1
95.479172 40.500000 1.000000 1.000000 -0.000000 -0.000000 1 1
96.465424 40.500000 1.000000 1.000000 -0.000000 -0.000000 1 1
97.436195 40.500000 1.000000 1.000000 -0.000000 -0.000000 1 1
97.577927 40.500000 1.000000 1.000000 -0.000000 -0.000000 1 1
98.521469 40.500000 1.000000 1.000000 -0.000000 -0.000000 1 1
99.446182 40.500000 1.000000 1.000000 -0.000000 -0.000000 1 1
99.552872 40.500000 1.000000 1.000000 -0.000000 -0.000000 1 1
100.454216 40.500000 1.000000 1.000000 -0.000000 -0.000000 1 1
100.540009 40.500000 1.000000 1.000000 -0.000000 -0.000000 1 1
101.424187 40.500000 1.000000 1.000000 -0.000000 -0.000000 1 1
101.485947 40.500000 1.000000 1.000000 -0.000000 -0.000000 1 1
101.543755 40.500000 1.000000 1.000000 -0.000000 -0.000000 1 2
101.585213 40.500000 1.000000 1.000000 -0.000000 -0.000000 1 2
102.440552 40.500000 1.000000 1.000000 -0.000000 -0.000000 1 2
102.473343 40.500000 1.000000 1.000000 -0.000000 -0.000000 1 2
102.501411 40.500000 1.000000 1.000000 -0.000000 -0.000000 1 2
102.522934 40.500000 1.000000 1.000000 -0.000000 -0.000000 1 2
102.537880 40.500000 1.000000 1.000000 -0.000000 -0.000000 1 2
102.546921 40.500000 1.000000 1.000000 -0.000000 -0.000000 1 2
102.550812 40.500000 1.000000 1.000000 -0.000000 -0.000000 1 2
102.550087 40.500000 1.000000 1.000000 -0.000000 -0.000000 1 2
102.545013 40.500000 1.000000 1.000000 -0.000000 -0.000000 1 2
102.535629 40.500000 1.000000 1.000000 -0.000000 -0.000000 1 2
102.521950 40.500000 1.000000 1.000000 -0.000000 -0.000000 1 2
102.504135 40.500000 1.000000 1.000000 -0.000000 -0.000000 1 2
102.482697 40.500000 1.000000 1.000000 -0.000000 -0.000000 1 2
102.458694 40.500000 1.000000 1.000000 -0.000000 -0.000000 1 2
102.433891 40.500000 1.000000 1.000000 -0.000000 -0.000000 1 2
101.588242 40.500000 1.000000 1.000000 -0.000000 -0.000000 1 2
101.562851 40.500000 1.000000 1.000000 -0.000000 -0.000000 1 2
101.530022 40.500000 1.000000 1.000000 -0.000000 -0.000000 1 2
101.492020 40.500000 1.000000 1.000000 -0.000000 -0.000000 1 2
101.452652 40.500000 1.000000 1.000000 -0.000000 -0.000000 1 2
101.416962 40.500000 1.000000 1.000000 -0.000000 -0.000000 1 2
